index,Dyad,Round,Player,Answer,Time,a11,a12,a13,a14,a15,a16,a17,a18,a21,a22,a23,a24,a25,a26,a27,a28,a31,a32,a33,a34,a35,a36,a37,a38,a41,a42,a43,a44,a45,a46,a47,a48,a51,a52,a53,a54,a55,a56,a57,a58,a61,a62,a63,a64,a65,a66,a67,a68,a71,a72,a73,a74,a75,a76,a77,a78,a81,a82,a83,a84,a85,a86,a87,a88,Score,Joint,Is_there,where_x,where_y,Strategy,Is_there_LEAD,Ac_Score,ScoreLEAD,Size_visited,Consistency,Total_visited_dyad,Dif_consist,DLIndex,Category,Score_LAG1,Consistency_LEAD1,Joint_LAG1,Dif_consist_LAG1,RegionGo
0,679902805,7,2805,Absent,61,1,0,1,1,1,1,1,1,1,1,1,1,0,1,1,1,1,1,1,1,1,1,0,1,1,1,1,1,1,1,1,1,1,1,1,1,1,1,1,1,1,1,1,1,1,1,1,1,1,1,1,1,1,1,1,1,1,1,1,1,1,1,1,1,-29.0,61,Unicorn_Absent,-1,-1.0,0,Unicorn_Absent,83,-32.0,61,0.7777777777777778,64,0.2777777777777778,0.046875,RS,4.0,0.953125,28.0,0.11666666666666664,ALL
0,679902805,8,2805,Absent,64,1,1,1,1,1,1,1,1,1,1,1,1,1,1,1,1,1,1,1,1,1,1,1,1,1,1,1,1,1,1,1,1,1,1,1,1,1,1,1,1,1,1,1,1,1,1,1,1,1,1,1,1,1,1,1,1,1,1,1,1,1,1,1,1,-32.0,64,Unicorn_Absent,-1,-1.0,1,Unicorn_Absent,51,30.0,64,0.953125,64,0.046875,0.0,ALL,-29.0,0.4375,61.0,0.2777777777777778,RS
0,679902805,9,2805,Absent,28,0,0,1,0,1,1,0,1,0,0,0,1,0,0,0,1,1,1,1,0,0,1,0,0,1,1,0,1,0,1,0,0,0,1,0,1,1,1,0,1,1,0,1,0,0,1,0,0,0,0,0,1,0,0,1,0,1,1,0,1,1,0,0,0,30.0,2,Unicorn_Absent,-1,-1.0,0,Unicorn_Absent,81,10.0,28,0.4375,33,0.328125,0.484375,RS,-32.0,0.38181818181818183,64.0,0.046875,RS
0,679902805,10,2805,Absent,48,1,1,1,1,1,1,1,1,1,0,1,1,1,1,1,1,1,1,0,1,1,0,1,1,1,1,0,1,0,1,0,1,1,1,1,0,1,1,1,1,1,1,1,1,0,0,1,1,1,1,1,1,1,0,0,0,0,0,0,1,1,1,1,0,10.0,22,Unicorn_Absent,-1,-1.0,0,Unicorn_Absent,91,12.0,48,0.38181818181818183,60,0.3028708133971292,0.59375,RS,30.0,0.4339622641509434,2.0,0.328125,OUT
0,679902805,17,2805,Absent,32,1,1,1,1,1,1,1,1,1,1,1,1,1,1,1,1,1,1,1,1,1,1,1,1,1,1,1,1,1,1,1,1,0,0,0,0,0,0,0,0,0,0,0,0,0,0,0,0,0,0,0,0,0,0,0,0,0,0,0,0,0,0,0,0,32.0,0,Unicorn_Absent,-1,-1.0,4,Unicorn_Absent,144,32.0,32,0.21951219512195122,64,0.7804878048780488,1.0,TOP,23.0,1.0,9.0,0.07291666666666669,TOP
0,679902805,29,2805,Absent,32,1,1,1,1,1,1,1,1,1,1,1,1,1,1,1,1,1,1,1,1,1,1,1,1,1,1,1,1,1,1,1,1,0,0,0,0,0,0,0,0,0,0,0,0,0,0,0,0,0,0,0,0,0,0,0,0,0,0,0,0,0,0,0,0,32.0,0,Unicorn_Absent,-1,-1.0,4,Unicorn_Absent,528,32.0,32,1.0,64,0.0,1.0,TOP,32.0,1.0,0.0,0.0,TOP
0,679902805,32,2805,Absent,32,1,1,1,1,0,0,0,0,1,1,1,1,0,0,0,0,1,1,1,1,0,0,0,0,1,1,1,1,0,0,0,0,1,1,1,1,0,0,0,0,1,1,1,1,0,0,0,0,1,1,1,1,0,0,0,0,1,1,1,1,0,0,0,0,16.0,16,Unicorn_Absent,-1,-1.0,5,Unicorn_Absent,607,16.0,32,0.3333333333333333,48,0.6666666666666667,0.5,LEFT,32.0,1.0,0.0,0.0,LEFT
0,679902805,37,2805,Absent,32,1,1,1,1,0,0,0,0,1,1,1,1,0,0,0,0,1,1,1,1,0,0,0,0,1,1,1,1,0,0,0,0,1,1,1,1,0,0,0,0,1,1,1,1,0,0,0,0,1,1,1,1,0,0,0,0,1,1,1,1,0,0,0,0,16.0,16,Unicorn_Absent,-1,-1.0,5,Unicorn_Absent,719,16.0,32,1.0,48,0.0,0.5,LEFT,16.0,1.0,16.0,0.0,LEFT
0,679902805,38,2805,Absent,32,1,1,1,1,0,0,0,0,1,1,1,1,0,0,0,0,1,1,1,1,0,0,0,0,1,1,1,1,0,0,0,0,1,1,1,1,0,0,0,0,1,1,1,1,0,0,0,0,1,1,1,1,0,0,0,0,1,1,1,1,0,0,0,0,16.0,16,Unicorn_Absent,-1,-1.0,5,Unicorn_Absent,735,16.0,32,1.0,48,0.0,0.5,LEFT,16.0,1.0,16.0,0.0,LEFT
0,679902805,39,2805,Absent,32,1,1,1,1,0,0,0,0,1,1,1,1,0,0,0,0,1,1,1,1,0,0,0,0,1,1,1,1,0,0,0,0,1,1,1,1,0,0,0,0,1,1,1,1,0,0,0,0,1,1,1,1,0,0,0,0,1,1,1,1,0,0,0,0,16.0,16,Unicorn_Absent,-1,-1.0,5,Unicorn_Absent,751,16.0,32,1.0,48,0.0,0.5,LEFT,16.0,1.0,16.0,0.0,LEFT
0,679902805,40,2805,Absent,32,1,1,1,1,0,0,0,0,1,1,1,1,0,0,0,0,1,1,1,1,0,0,0,0,1,1,1,1,0,0,0,0,1,1,1,1,0,0,0,0,1,1,1,1,0,0,0,0,1,1,1,1,0,0,0,0,1,1,1,1,0,0,0,0,16.0,16,Unicorn_Absent,-1,-1.0,5,Unicorn_Absent,767,16.0,32,1.0,48,0.0,0.5,LEFT,16.0,1.0,16.0,0.0,LEFT
0,679902805,41,2805,Absent,32,1,1,1,1,0,0,0,0,1,1,1,1,0,0,0,0,1,1,1,1,0,0,0,0,1,1,1,1,0,0,0,0,1,1,1,1,0,0,0,0,1,1,1,1,0,0,0,0,1,1,1,1,0,0,0,0,1,1,1,1,0,0,0,0,16.0,16,Unicorn_Absent,-1,-1.0,5,Unicorn_Absent,783,16.0,32,1.0,48,0.0,0.5,LEFT,16.0,1.0,16.0,0.0,LEFT
0,679902805,44,2805,Absent,32,1,1,1,1,0,0,0,0,1,1,1,1,0,0,0,0,1,1,1,1,0,0,0,0,1,1,1,1,0,0,0,0,1,1,1,1,0,0,0,0,1,1,1,1,0,0,0,0,1,1,1,1,0,0,0,0,1,1,1,1,0,0,0,0,16.0,16,Unicorn_Absent,-1,-1.0,5,Unicorn_Absent,847,16.0,32,1.0,48,0.0,0.5,LEFT,16.0,1.0,16.0,0.0,LEFT
0,679902805,45,2805,Absent,32,1,1,1,1,0,0,0,0,1,1,1,1,0,0,0,0,1,1,1,1,0,0,0,0,1,1,1,1,0,0,0,0,1,1,1,1,0,0,0,0,1,1,1,1,0,0,0,0,1,1,1,1,0,0,0,0,1,1,1,1,0,0,0,0,16.0,16,Unicorn_Absent,-1,-1.0,5,Unicorn_Absent,863,16.0,32,1.0,48,0.0,0.5,LEFT,16.0,1.0,16.0,0.0,LEFT
0,679902805,46,2805,Absent,32,1,1,1,1,0,0,0,0,1,1,1,1,0,0,0,0,1,1,1,1,0,0,0,0,1,1,1,1,0,0,0,0,1,1,1,1,0,0,0,0,1,1,1,1,0,0,0,0,1,1,1,1,0,0,0,0,1,1,1,1,0,0,0,0,16.0,16,Unicorn_Absent,-1,-1.0,5,Unicorn_Absent,879,16.0,32,1.0,48,0.0,0.5,LEFT,16.0,1.0,16.0,0.0,LEFT
0,679902805,54,2805,Absent,28,1,1,1,1,1,1,1,1,1,0,0,0,0,0,0,1,1,0,0,0,0,0,0,1,1,0,0,0,0,0,0,1,1,0,0,0,0,0,0,1,1,0,0,0,0,0,0,1,1,0,0,0,0,0,0,1,1,1,1,1,1,1,1,1,18.0,14,Unicorn_Absent,-1,-1.0,8,Unicorn_Absent,761,18.0,28,0.12121212121212122,46,0.8787878787878788,0.5,OUT,27.0,1.0,5.0,0.8918918918918919,OUT
0,679902805,55,2805,Absent,28,1,1,1,1,1,1,1,1,1,0,0,0,0,0,0,1,1,0,0,0,0,0,0,1,1,0,0,0,0,0,0,1,1,0,0,0,0,0,0,1,1,0,0,0,0,0,0,1,1,0,0,0,0,0,0,1,1,1,1,1,1,1,1,1,18.0,14,Unicorn_Absent,-1,-1.0,8,Unicorn_Absent,779,18.0,28,1.0,46,0.0,0.5,OUT,18.0,1.0,14.0,0.8787878787878788,OUT
0,679902805,56,2805,Absent,28,1,1,1,1,1,1,1,1,1,0,0,0,0,0,0,1,1,0,0,0,0,0,0,1,1,0,0,0,0,0,0,1,1,0,0,0,0,0,0,1,1,0,0,0,0,0,0,1,1,0,0,0,0,0,0,1,1,1,1,1,1,1,1,1,18.0,14,Unicorn_Absent,-1,-1.0,8,Unicorn_Absent,797,18.0,28,1.0,46,0.0,0.5,OUT,18.0,1.0,14.0,0.0,OUT
0,679902805,57,2805,Absent,28,1,1,1,1,1,1,1,1,1,0,0,0,0,0,0,1,1,0,0,0,0,0,0,1,1,0,0,0,0,0,0,1,1,0,0,0,0,0,0,1,1,0,0,0,0,0,0,1,1,0,0,0,0,0,0,1,1,1,1,1,1,1,1,1,18.0,14,Unicorn_Absent,-1,-1.0,8,Unicorn_Absent,815,18.0,28,1.0,46,0.0,0.5,OUT,18.0,1.0,14.0,0.0,OUT
0,679902805,7,679902,Absent,64,1,1,1,1,1,1,1,1,1,1,1,1,1,1,1,1,1,1,1,1,1,1,1,1,1,1,1,1,1,1,1,1,1,1,1,1,1,1,1,1,1,1,1,1,1,1,1,1,1,1,1,1,1,1,1,1,1,1,1,1,1,1,1,1,-29.0,61,Unicorn_Absent,-1,-1.0,1,Unicorn_Absent,83,-32.0,64,0.5,64,0.2777777777777778,0.046875,ALL,4.0,1.0,28.0,0.11666666666666664,ALL
0,679902805,8,679902,Absent,64,1,1,1,1,1,1,1,1,1,1,1,1,1,1,1,1,1,1,1,1,1,1,1,1,1,1,1,1,1,1,1,1,1,1,1,1,1,1,1,1,1,1,1,1,1,1,1,1,1,1,1,1,1,1,1,1,1,1,1,1,1,1,1,1,-32.0,64,Unicorn_Absent,-1,-1.0,1,Unicorn_Absent,51,30.0,64,1.0,64,0.046875,0.0,ALL,-29.0,0.109375,61.0,0.2777777777777778,RS
0,679902805,9,679902,Absent,7,0,0,0,0,0,0,0,0,0,0,1,1,0,0,0,0,0,0,0,0,0,0,0,0,0,0,1,0,0,0,0,1,0,0,0,0,0,0,0,0,0,0,0,0,0,0,0,1,0,1,0,0,0,0,0,0,1,0,0,0,0,0,0,0,30.0,2,Unicorn_Absent,-1,-1.0,0,Unicorn_Absent,81,10.0,7,0.109375,33,0.328125,0.484375,RS,-32.0,0.07894736842105263,64.0,0.046875,RS
0,679902805,10,679902,Absent,34,1,0,0,0,0,1,0,1,0,1,1,0,0,1,0,0,1,0,1,1,1,1,0,1,1,1,1,0,0,0,0,0,0,0,0,1,1,1,0,0,0,1,1,0,1,1,1,0,1,1,0,1,0,1,1,1,0,1,1,1,1,1,0,0,10.0,22,Unicorn_Absent,-1,-1.0,0,Unicorn_Absent,91,12.0,34,0.07894736842105263,60,0.3028708133971292,0.59375,RS,30.0,0.41379310344827586,2.0,0.328125,RS
0,679902805,17,679902,Absent,32,0,0,0,0,0,0,0,0,0,0,0,0,0,0,0,0,0,0,0,0,0,0,0,0,0,0,0,0,0,0,0,0,1,1,1,1,1,1,1,1,1,1,1,1,1,1,1,1,1,1,1,1,1,1,1,1,1,1,1,1,1,1,1,1,32.0,0,Unicorn_Absent,-1,-1.0,3,Unicorn_Absent,144,32.0,32,1.0,64,0.7804878048780488,1.0,BOTTOM,23.0,1.0,9.0,0.07291666666666669,BOTTOM
0,679902805,29,679902,Absent,32,0,0,0,0,0,0,0,0,0,0,0,0,0,0,0,0,0,0,0,0,0,0,0,0,0,0,0,0,0,0,0,0,1,1,1,1,1,1,1,1,1,1,1,1,1,1,1,1,1,1,1,1,1,1,1,1,1,1,1,1,1,1,1,1,32.0,0,Unicorn_Absent,-1,-1.0,3,Unicorn_Absent,528,32.0,32,1.0,64,0.0,1.0,BOTTOM,32.0,1.0,0.0,0.0,BOTTOM
0,679902805,32,679902,Absent,32,0,0,0,0,0,0,0,0,0,0,0,0,0,0,0,0,0,0,0,0,0,0,0,0,0,0,0,0,0,0,0,0,1,1,1,1,1,1,1,1,1,1,1,1,1,1,1,1,1,1,1,1,1,1,1,1,1,1,1,1,1,1,1,1,16.0,16,Unicorn_Absent,-1,-1.0,3,Unicorn_Absent,607,16.0,32,1.0,48,0.6666666666666667,0.5,BOTTOM,32.0,1.0,0.0,0.0,BOTTOM
0,679902805,37,679902,Absent,32,0,0,0,0,0,0,0,0,0,0,0,0,0,0,0,0,0,0,0,0,0,0,0,0,0,0,0,0,0,0,0,0,1,1,1,1,1,1,1,1,1,1,1,1,1,1,1,1,1,1,1,1,1,1,1,1,1,1,1,1,1,1,1,1,16.0,16,Unicorn_Absent,-1,-1.0,3,Unicorn_Absent,719,16.0,32,1.0,48,0.0,0.5,BOTTOM,16.0,1.0,16.0,0.0,BOTTOM
0,679902805,38,679902,Absent,32,0,0,0,0,0,0,0,0,0,0,0,0,0,0,0,0,0,0,0,0,0,0,0,0,0,0,0,0,0,0,0,0,1,1,1,1,1,1,1,1,1,1,1,1,1,1,1,1,1,1,1,1,1,1,1,1,1,1,1,1,1,1,1,1,16.0,16,Unicorn_Absent,-1,-1.0,3,Unicorn_Absent,735,16.0,32,1.0,48,0.0,0.5,BOTTOM,16.0,1.0,16.0,0.0,BOTTOM
0,679902805,39,679902,Absent,32,0,0,0,0,0,0,0,0,0,0,0,0,0,0,0,0,0,0,0,0,0,0,0,0,0,0,0,0,0,0,0,0,1,1,1,1,1,1,1,1,1,1,1,1,1,1,1,1,1,1,1,1,1,1,1,1,1,1,1,1,1,1,1,1,16.0,16,Unicorn_Absent,-1,-1.0,3,Unicorn_Absent,751,16.0,32,1.0,48,0.0,0.5,BOTTOM,16.0,1.0,16.0,0.0,BOTTOM
0,679902805,40,679902,Absent,32,0,0,0,0,0,0,0,0,0,0,0,0,0,0,0,0,0,0,0,0,0,0,0,0,0,0,0,0,0,0,0,0,1,1,1,1,1,1,1,1,1,1,1,1,1,1,1,1,1,1,1,1,1,1,1,1,1,1,1,1,1,1,1,1,16.0,16,Unicorn_Absent,-1,-1.0,3,Unicorn_Absent,767,16.0,32,1.0,48,0.0,0.5,BOTTOM,16.0,1.0,16.0,0.0,BOTTOM
0,679902805,41,679902,Absent,32,0,0,0,0,0,0,0,0,0,0,0,0,0,0,0,0,0,0,0,0,0,0,0,0,0,0,0,0,0,0,0,0,1,1,1,1,1,1,1,1,1,1,1,1,1,1,1,1,1,1,1,1,1,1,1,1,1,1,1,1,1,1,1,1,16.0,16,Unicorn_Absent,-1,-1.0,3,Unicorn_Absent,783,16.0,32,1.0,48,0.0,0.5,BOTTOM,16.0,1.0,16.0,0.0,BOTTOM
0,679902805,44,679902,Absent,32,0,0,0,0,0,0,0,0,0,0,0,0,0,0,0,0,0,0,0,0,0,0,0,0,0,0,0,0,0,0,0,0,1,1,1,1,1,1,1,1,1,1,1,1,1,1,1,1,1,1,1,1,1,1,1,1,1,1,1,1,1,1,1,1,16.0,16,Unicorn_Absent,-1,-1.0,3,Unicorn_Absent,847,16.0,32,1.0,48,0.0,0.5,BOTTOM,16.0,1.0,16.0,0.0,BOTTOM
0,679902805,45,679902,Absent,32,0,0,0,0,0,0,0,0,0,0,0,0,0,0,0,0,0,0,0,0,0,0,0,0,0,0,0,0,0,0,0,0,1,1,1,1,1,1,1,1,1,1,1,1,1,1,1,1,1,1,1,1,1,1,1,1,1,1,1,1,1,1,1,1,16.0,16,Unicorn_Absent,-1,-1.0,3,Unicorn_Absent,863,16.0,32,1.0,48,0.0,0.5,BOTTOM,16.0,1.0,16.0,0.0,BOTTOM
0,679902805,46,679902,Absent,32,0,0,0,0,0,0,0,0,0,0,0,0,0,0,0,0,0,0,0,0,0,0,0,0,0,0,0,0,0,0,0,0,1,1,1,1,1,1,1,1,1,1,1,1,1,1,1,1,1,1,1,1,1,1,1,1,1,1,1,1,1,1,1,1,16.0,16,Unicorn_Absent,-1,-1.0,3,Unicorn_Absent,879,16.0,32,1.0,48,0.0,0.5,BOTTOM,16.0,1.0,16.0,0.0,BOTTOM
0,679902805,54,679902,Absent,32,0,0,0,0,0,0,0,0,0,0,0,0,0,0,0,0,0,0,0,0,0,0,0,0,0,0,0,0,0,0,0,0,1,1,1,1,1,1,1,1,1,1,1,1,1,1,1,1,1,1,1,1,1,1,1,1,1,1,1,1,1,1,1,1,18.0,14,Unicorn_Absent,-1,-1.0,3,Unicorn_Absent,761,18.0,32,1.0,46,0.8787878787878788,0.5,BOTTOM,27.0,1.0,5.0,0.8918918918918919,BOTTOM
0,679902805,55,679902,Absent,32,0,0,0,0,0,0,0,0,0,0,0,0,0,0,0,0,0,0,0,0,0,0,0,0,0,0,0,0,0,0,0,0,1,1,1,1,1,1,1,1,1,1,1,1,1,1,1,1,1,1,1,1,1,1,1,1,1,1,1,1,1,1,1,1,18.0,14,Unicorn_Absent,-1,-1.0,3,Unicorn_Absent,779,18.0,32,1.0,46,0.0,0.5,BOTTOM,18.0,1.0,14.0,0.8787878787878788,BOTTOM
0,679902805,56,679902,Absent,32,0,0,0,0,0,0,0,0,0,0,0,0,0,0,0,0,0,0,0,0,0,0,0,0,0,0,0,0,0,0,0,0,1,1,1,1,1,1,1,1,1,1,1,1,1,1,1,1,1,1,1,1,1,1,1,1,1,1,1,1,1,1,1,1,18.0,14,Unicorn_Absent,-1,-1.0,3,Unicorn_Absent,797,18.0,32,1.0,46,0.0,0.5,BOTTOM,18.0,1.0,14.0,0.0,BOTTOM
0,679902805,57,679902,Absent,32,0,0,0,0,0,0,0,0,0,0,0,0,0,0,0,0,0,0,0,0,0,0,0,0,0,0,0,0,0,0,0,0,1,1,1,1,1,1,1,1,1,1,1,1,1,1,1,1,1,1,1,1,1,1,1,1,1,1,1,1,1,1,1,1,18.0,14,Unicorn_Absent,-1,-1.0,3,Unicorn_Absent,815,18.0,32,1.0,46,0.0,0.5,BOTTOM,18.0,1.0,14.0,0.0,BOTTOM
0,1381124429,1,138110,Absent,28,0,1,0,0,0,0,0,0,1,1,1,0,1,0,0,1,0,0,1,1,0,1,1,0,0,1,0,0,1,1,1,0,0,1,0,0,1,1,0,1,1,0,1,1,0,0,0,0,1,0,0,1,1,0,1,0,0,0,1,0,1,0,0,1,19.0,13,Unicorn_Absent,-1,-1.0,0,Unicorn_Absent,19,32.0,28,,41,,0.4375,RS,,0.0,,,NOTHING
0,1381124429,5,138110,Absent,64,1,1,1,1,1,1,1,1,1,1,1,1,1,1,1,1,1,1,1,1,1,1,1,1,1,1,1,1,1,1,1,1,1,1,1,1,1,1,1,1,1,1,1,1,1,1,1,1,1,1,1,1,1,1,1,1,1,1,1,1,1,1,1,1,-32.0,64,Unicorn_Absent,-1,-1.0,1,Unicorn_Absent,-31,11.0,64,0.0,64,0.390625,0.0,ALL,32.0,0.578125,0.0,0.3783783783783784,RS
0,1381124429,8,138110,Absent,24,0,0,0,0,1,0,1,1,0,0,0,1,0,1,1,1,0,0,0,0,0,1,1,1,0,1,0,0,0,1,1,0,1,1,0,0,0,0,0,0,0,0,1,0,0,0,0,0,0,1,0,0,0,1,1,1,0,0,1,1,0,1,1,0,13.0,19,Unicorn_Absent,-1,-1.0,0,Unicorn_Absent,-3,16.0,24,0.2708333333333333,52,0.13988095238095238,0.515625,RS,11.0,0.4,21.0,0.078125,RIGHT
0,1381124429,11,138110,Absent,32,0,0,0,0,1,1,1,1,0,0,0,0,1,1,1,1,0,0,0,0,1,1,1,1,0,0,0,0,1,1,1,1,0,0,0,0,1,1,1,1,0,0,0,0,1,1,1,1,0,0,0,0,1,1,1,1,0,0,0,0,1,1,1,1,16.0,16,Unicorn_Absent,-1,-1.0,6,Unicorn_Absent,47,16.0,32,1.0,48,0.0,0.5,RIGHT,16.0,1.0,16.0,0.03636363636363632,RIGHT
0,1381124429,18,138110,Absent,32,0,0,0,0,1,1,1,1,0,0,0,0,1,1,1,1,0,0,0,0,1,1,1,1,0,0,0,0,1,1,1,1,0,0,0,0,1,1,1,1,0,0,0,0,1,1,1,1,0,0,0,0,1,1,1,1,0,0,0,0,1,1,1,1,16.0,16,Unicorn_Absent,-1,-1.0,6,Unicorn_Absent,195,16.0,32,1.0,48,0.0,0.5,RIGHT,16.0,1.0,16.0,0.0,RIGHT
0,1381124429,19,138110,Absent,32,0,0,0,0,1,1,1,1,0,0,0,0,1,1,1,1,0,0,0,0,1,1,1,1,0,0,0,0,1,1,1,1,0,0,0,0,1,1,1,1,0,0,0,0,1,1,1,1,0,0,0,0,1,1,1,1,0,0,0,0,1,1,1,1,16.0,16,Unicorn_Absent,-1,-1.0,6,Unicorn_Absent,211,16.0,32,1.0,48,0.0,0.5,RIGHT,16.0,1.0,16.0,0.0,RIGHT
0,1381124429,20,138110,Absent,32,0,0,0,0,1,1,1,1,0,0,0,0,1,1,1,1,0,0,0,0,1,1,1,1,0,0,0,0,1,1,1,1,0,0,0,0,1,1,1,1,0,0,0,0,1,1,1,1,0,0,0,0,1,1,1,1,0,0,0,0,1,1,1,1,16.0,16,Unicorn_Absent,-1,-1.0,6,Unicorn_Absent,227,16.0,32,1.0,48,0.0,0.5,RIGHT,16.0,1.0,16.0,0.0,RIGHT
0,1381124429,21,138110,Absent,32,0,0,0,0,1,1,1,1,0,0,0,0,1,1,1,1,0,0,0,0,1,1,1,1,0,0,0,0,1,1,1,1,0,0,0,0,1,1,1,1,0,0,0,0,1,1,1,1,0,0,0,0,1,1,1,1,0,0,0,0,1,1,1,1,16.0,16,Unicorn_Absent,-1,-1.0,6,Unicorn_Absent,243,16.0,32,1.0,48,0.0,0.5,RIGHT,16.0,1.0,16.0,0.0,RIGHT
0,1381124429,26,138110,Absent,32,0,0,0,0,1,1,1,1,0,0,0,0,1,1,1,1,0,0,0,0,1,1,1,1,0,0,0,0,1,1,1,1,0,0,0,0,1,1,1,1,0,0,0,0,1,1,1,1,0,0,0,0,1,1,1,1,0,0,0,0,1,1,1,1,16.0,16,Unicorn_Absent,-1,-1.0,6,Unicorn_Absent,355,16.0,32,1.0,48,0.0,0.5,RIGHT,16.0,1.0,16.0,0.0,RIGHT
0,1381124429,33,138110,Absent,32,0,0,0,0,0,0,0,0,0,0,0,0,0,0,0,0,0,0,0,0,0,0,0,0,0,0,0,0,0,0,0,0,1,1,1,1,1,1,1,1,1,1,1,1,1,1,1,1,1,1,1,1,1,1,1,1,1,1,1,1,1,1,1,1,0.0,32,Unicorn_Absent,-1,-1.0,3,Unicorn_Absent,369,16.0,32,0.3333333333333333,62,0.13541666666666669,0.46875,BOTTOM,16.0,0.0,16.0,0.0,TOP
0,1381124429,34,138110,Absent,32,1,1,1,1,1,1,1,1,1,1,1,1,1,1,1,1,1,1,1,1,1,1,1,1,1,1,1,1,1,1,1,1,0,0,0,0,0,0,0,0,0,0,0,0,0,0,0,0,0,0,0,0,0,0,0,0,0,0,0,0,0,0,0,0,16.0,16,Unicorn_Absent,-1,-1.0,4,Unicorn_Absent,385,16.0,32,0.0,48,0.46875,0.5,TOP,0.0,1.0,32.0,0.13541666666666669,TOP
0,1381124429,35,138110,Absent,32,1,1,1,1,1,1,1,1,1,1,1,1,1,1,1,1,1,1,1,1,1,1,1,1,1,1,1,1,1,1,1,1,0,0,0,0,0,0,0,0,0,0,0,0,0,0,0,0,0,0,0,0,0,0,0,0,0,0,0,0,0,0,0,0,16.0,16,Unicorn_Absent,-1,-1.0,4,Unicorn_Absent,401,16.0,32,1.0,48,0.0,0.5,TOP,16.0,1.0,16.0,0.46875,TOP
0,1381124429,36,138110,Absent,32,1,1,1,1,1,1,1,1,1,1,1,1,1,1,1,1,1,1,1,1,1,1,1,1,1,1,1,1,1,1,1,1,0,0,0,0,0,0,0,0,0,0,0,0,0,0,0,0,0,0,0,0,0,0,0,0,0,0,0,0,0,0,0,0,16.0,16,Unicorn_Absent,-1,-1.0,4,Unicorn_Absent,417,16.0,32,1.0,48,0.0,0.5,TOP,16.0,1.0,16.0,0.0,TOP
0,1381124429,39,138110,Absent,32,1,1,1,1,1,1,1,1,1,1,1,1,1,1,1,1,1,1,1,1,1,1,1,1,1,1,1,1,1,1,1,1,0,0,0,0,0,0,0,0,0,0,0,0,0,0,0,0,0,0,0,0,0,0,0,0,0,0,0,0,0,0,0,0,16.0,16,Unicorn_Absent,-1,-1.0,4,Unicorn_Absent,475,16.0,32,1.0,48,0.0,0.5,TOP,16.0,1.0,16.0,0.0,TOP
0,1381124429,42,138110,Absent,32,1,1,1,1,1,1,1,1,1,1,1,1,1,1,1,1,1,1,1,1,1,1,1,1,1,1,1,1,1,1,1,1,0,0,0,0,0,0,0,0,0,0,0,0,0,0,0,0,0,0,0,0,0,0,0,0,0,0,0,0,0,0,0,0,16.0,16,Unicorn_Absent,-1,-1.0,4,Unicorn_Absent,535,16.0,32,1.0,48,0.0,0.5,TOP,16.0,1.0,16.0,0.0,TOP
0,1381124429,43,138110,Absent,32,1,1,1,1,1,1,1,1,1,1,1,1,1,1,1,1,1,1,1,1,1,1,1,1,1,1,1,1,1,1,1,1,0,0,0,0,0,0,0,0,0,0,0,0,0,0,0,0,0,0,0,0,0,0,0,0,0,0,0,0,0,0,0,0,16.0,16,Unicorn_Absent,-1,-1.0,4,Unicorn_Absent,551,16.0,32,1.0,48,0.0,0.5,TOP,16.0,1.0,16.0,0.0,TOP
0,1381124429,44,138110,Absent,32,1,1,1,1,1,1,1,1,1,1,1,1,1,1,1,1,1,1,1,1,1,1,1,1,1,1,1,1,1,1,1,1,0,0,0,0,0,0,0,0,0,0,0,0,0,0,0,0,0,0,0,0,0,0,0,0,0,0,0,0,0,0,0,0,16.0,16,Unicorn_Absent,-1,-1.0,4,Unicorn_Absent,567,16.0,32,1.0,48,0.0,0.5,TOP,16.0,1.0,16.0,0.0,TOP
0,1381124429,45,138110,Absent,32,1,1,1,1,1,1,1,1,1,1,1,1,1,1,1,1,1,1,1,1,1,1,1,1,1,1,1,1,1,1,1,1,0,0,0,0,0,0,0,0,0,0,0,0,0,0,0,0,0,0,0,0,0,0,0,0,0,0,0,0,0,0,0,0,16.0,16,Unicorn_Absent,-1,-1.0,4,Unicorn_Absent,583,16.0,32,1.0,48,0.0,0.5,TOP,16.0,1.0,16.0,0.0,TOP
0,1381124429,46,138110,Absent,32,1,1,1,1,1,1,1,1,1,1,1,1,1,1,1,1,1,1,1,1,1,1,1,1,1,1,1,1,1,1,1,1,0,0,0,0,0,0,0,0,0,0,0,0,0,0,0,0,0,0,0,0,0,0,0,0,0,0,0,0,0,0,0,0,16.0,16,Unicorn_Absent,-1,-1.0,4,Unicorn_Absent,599,32.0,32,1.0,48,0.0,0.5,TOP,16.0,0.3333333333333333,16.0,0.0,LEFT
0,1381124429,47,138110,Absent,32,1,1,1,1,0,0,0,0,1,1,1,1,0,0,0,0,1,1,1,1,0,0,0,0,1,1,1,1,0,0,0,0,1,1,1,1,0,0,0,0,1,1,1,1,0,0,0,0,1,1,1,1,0,0,0,0,1,1,1,1,0,0,0,0,32.0,0,Unicorn_Absent,-1,-1.0,5,Unicorn_Absent,631,32.0,32,0.3333333333333333,64,0.6666666666666667,1.0,LEFT,16.0,1.0,16.0,0.0,LEFT
0,1381124429,1,244294,Absent,26,0,0,0,1,0,1,0,0,0,0,1,0,1,0,1,0,1,1,1,1,1,1,1,0,0,0,0,0,1,0,0,1,0,0,1,0,0,0,0,0,1,0,1,0,0,0,1,1,0,0,0,1,0,0,0,0,0,1,1,0,1,1,1,1,19.0,13,Unicorn_Absent,-1,-1.0,0,Unicorn_Absent,19,32.0,26,,41,,0.4375,RS,,0.3783783783783784,,,RS
0,1381124429,5,244294,Absent,64,1,1,1,1,1,1,1,1,1,1,1,1,1,1,1,1,1,1,1,1,1,1,1,1,1,1,1,1,1,1,1,1,1,1,1,1,1,1,1,1,1,1,1,1,1,1,1,1,1,1,1,1,1,1,1,1,1,1,1,1,1,1,1,1,-32.0,64,Unicorn_Absent,-1,-1.0,1,Unicorn_Absent,-31,11.0,64,0.390625,64,0.390625,0.0,ALL,32.0,0.5,0.0,0.3783783783783784,BOTTOM
0,1381124429,8,244294,Absent,47,1,1,1,1,1,1,0,1,1,0,0,1,1,0,1,1,1,1,1,0,0,1,1,1,1,1,1,1,1,1,0,0,1,0,0,0,0,1,1,1,1,1,1,1,1,1,1,1,0,1,0,1,1,1,1,0,0,1,1,1,0,1,1,1,13.0,19,Unicorn_Absent,-1,-1.0,0,Unicorn_Absent,-3,16.0,47,0.4107142857142857,52,0.13988095238095238,0.515625,RS,11.0,0.43636363636363634,21.0,0.078125,TOP
0,1381124429,11,244294,Absent,32,1,1,1,1,1,1,1,1,1,1,1,1,1,1,1,1,1,1,1,1,1,1,1,1,1,1,1,1,1,1,1,1,0,0,0,0,0,0,0,0,0,0,0,0,0,0,0,0,0,0,0,0,0,0,0,0,0,0,0,0,0,0,0,0,16.0,16,Unicorn_Absent,-1,-1.0,4,Unicorn_Absent,47,16.0,32,1.0,48,0.0,0.5,TOP,16.0,1.0,16.0,0.03636363636363632,TOP
0,1381124429,18,244294,Absent,32,1,1,1,1,1,1,1,1,1,1,1,1,1,1,1,1,1,1,1,1,1,1,1,1,1,1,1,1,1,1,1,1,0,0,0,0,0,0,0,0,0,0,0,0,0,0,0,0,0,0,0,0,0,0,0,0,0,0,0,0,0,0,0,0,16.0,16,Unicorn_Absent,-1,-1.0,4,Unicorn_Absent,195,16.0,32,1.0,48,0.0,0.5,TOP,16.0,1.0,16.0,0.0,TOP
0,1381124429,19,244294,Absent,32,1,1,1,1,1,1,1,1,1,1,1,1,1,1,1,1,1,1,1,1,1,1,1,1,1,1,1,1,1,1,1,1,0,0,0,0,0,0,0,0,0,0,0,0,0,0,0,0,0,0,0,0,0,0,0,0,0,0,0,0,0,0,0,0,16.0,16,Unicorn_Absent,-1,-1.0,4,Unicorn_Absent,211,16.0,32,1.0,48,0.0,0.5,TOP,16.0,1.0,16.0,0.0,TOP
0,1381124429,20,244294,Absent,32,1,1,1,1,1,1,1,1,1,1,1,1,1,1,1,1,1,1,1,1,1,1,1,1,1,1,1,1,1,1,1,1,0,0,0,0,0,0,0,0,0,0,0,0,0,0,0,0,0,0,0,0,0,0,0,0,0,0,0,0,0,0,0,0,16.0,16,Unicorn_Absent,-1,-1.0,4,Unicorn_Absent,227,16.0,32,1.0,48,0.0,0.5,TOP,16.0,1.0,16.0,0.0,TOP
0,1381124429,21,244294,Absent,32,1,1,1,1,1,1,1,1,1,1,1,1,1,1,1,1,1,1,1,1,1,1,1,1,1,1,1,1,1,1,1,1,0,0,0,0,0,0,0,0,0,0,0,0,0,0,0,0,0,0,0,0,0,0,0,0,0,0,0,0,0,0,0,0,16.0,16,Unicorn_Absent,-1,-1.0,4,Unicorn_Absent,243,16.0,32,1.0,48,0.0,0.5,TOP,16.0,1.0,16.0,0.0,TOP
0,1381124429,26,244294,Absent,32,1,1,1,1,1,1,1,1,1,1,1,1,1,1,1,1,1,1,1,1,1,1,1,1,1,1,1,1,1,1,1,1,0,0,0,0,0,0,0,0,0,0,0,0,0,0,0,0,0,0,0,0,0,0,0,0,0,0,0,0,0,0,0,0,16.0,16,Unicorn_Absent,-1,-1.0,4,Unicorn_Absent,355,16.0,32,1.0,48,0.0,0.5,TOP,16.0,1.0,16.0,0.0,TOP
0,1381124429,33,244294,Absent,62,1,1,1,1,1,1,1,1,1,1,1,1,1,1,1,1,1,1,1,1,1,1,1,1,1,1,1,1,0,0,1,1,1,1,1,1,1,1,1,1,1,1,1,1,1,1,1,1,1,1,1,1,1,1,1,1,1,1,1,1,1,1,1,1,0.0,32,Unicorn_Absent,-1,-1.0,0,Unicorn_Absent,369,16.0,62,0.46875,62,0.13541666666666669,0.46875,RS,16.0,0.46875,16.0,0.0,RIGHT
0,1381124429,34,244294,Absent,32,0,0,0,0,1,1,1,1,0,0,0,0,1,1,1,1,0,0,0,0,1,1,1,1,0,0,0,0,1,1,1,1,0,0,0,0,1,1,1,1,0,0,0,0,1,1,1,1,0,0,0,0,1,1,1,1,0,0,0,0,1,1,1,1,16.0,16,Unicorn_Absent,-1,-1.0,6,Unicorn_Absent,385,16.0,32,0.46875,48,0.46875,0.5,RIGHT,0.0,1.0,32.0,0.13541666666666669,RIGHT
0,1381124429,35,244294,Absent,32,0,0,0,0,1,1,1,1,0,0,0,0,1,1,1,1,0,0,0,0,1,1,1,1,0,0,0,0,1,1,1,1,0,0,0,0,1,1,1,1,0,0,0,0,1,1,1,1,0,0,0,0,1,1,1,1,0,0,0,0,1,1,1,1,16.0,16,Unicorn_Absent,-1,-1.0,6,Unicorn_Absent,401,16.0,32,1.0,48,0.0,0.5,RIGHT,16.0,1.0,16.0,0.46875,RIGHT
0,1381124429,36,244294,Absent,32,0,0,0,0,1,1,1,1,0,0,0,0,1,1,1,1,0,0,0,0,1,1,1,1,0,0,0,0,1,1,1,1,0,0,0,0,1,1,1,1,0,0,0,0,1,1,1,1,0,0,0,0,1,1,1,1,0,0,0,0,1,1,1,1,16.0,16,Unicorn_Absent,-1,-1.0,6,Unicorn_Absent,417,16.0,32,1.0,48,0.0,0.5,RIGHT,16.0,1.0,16.0,0.0,RIGHT
0,1381124429,39,244294,Absent,32,0,0,0,0,1,1,1,1,0,0,0,0,1,1,1,1,0,0,0,0,1,1,1,1,0,0,0,0,1,1,1,1,0,0,0,0,1,1,1,1,0,0,0,0,1,1,1,1,0,0,0,0,1,1,1,1,0,0,0,0,1,1,1,1,16.0,16,Unicorn_Absent,-1,-1.0,6,Unicorn_Absent,475,16.0,32,1.0,48,0.0,0.5,RIGHT,16.0,1.0,16.0,0.0,RIGHT
0,1381124429,42,244294,Absent,32,0,0,0,0,1,1,1,1,0,0,0,0,1,1,1,1,0,0,0,0,1,1,1,1,0,0,0,0,1,1,1,1,0,0,0,0,1,1,1,1,0,0,0,0,1,1,1,1,0,0,0,0,1,1,1,1,0,0,0,0,1,1,1,1,16.0,16,Unicorn_Absent,-1,-1.0,6,Unicorn_Absent,535,16.0,32,1.0,48,0.0,0.5,RIGHT,16.0,1.0,16.0,0.0,RIGHT
0,1381124429,43,244294,Absent,32,0,0,0,0,1,1,1,1,0,0,0,0,1,1,1,1,0,0,0,0,1,1,1,1,0,0,0,0,1,1,1,1,0,0,0,0,1,1,1,1,0,0,0,0,1,1,1,1,0,0,0,0,1,1,1,1,0,0,0,0,1,1,1,1,16.0,16,Unicorn_Absent,-1,-1.0,6,Unicorn_Absent,551,16.0,32,1.0,48,0.0,0.5,RIGHT,16.0,1.0,16.0,0.0,RIGHT
0,1381124429,44,244294,Absent,32,0,0,0,0,1,1,1,1,0,0,0,0,1,1,1,1,0,0,0,0,1,1,1,1,0,0,0,0,1,1,1,1,0,0,0,0,1,1,1,1,0,0,0,0,1,1,1,1,0,0,0,0,1,1,1,1,0,0,0,0,1,1,1,1,16.0,16,Unicorn_Absent,-1,-1.0,6,Unicorn_Absent,567,16.0,32,1.0,48,0.0,0.5,RIGHT,16.0,1.0,16.0,0.0,RIGHT
0,1381124429,45,244294,Absent,32,0,0,0,0,1,1,1,1,0,0,0,0,1,1,1,1,0,0,0,0,1,1,1,1,0,0,0,0,1,1,1,1,0,0,0,0,1,1,1,1,0,0,0,0,1,1,1,1,0,0,0,0,1,1,1,1,0,0,0,0,1,1,1,1,16.0,16,Unicorn_Absent,-1,-1.0,6,Unicorn_Absent,583,16.0,32,1.0,48,0.0,0.5,RIGHT,16.0,1.0,16.0,0.0,RIGHT
0,1381124429,46,244294,Absent,32,0,0,0,0,1,1,1,1,0,0,0,0,1,1,1,1,0,0,0,0,1,1,1,1,0,0,0,0,1,1,1,1,0,0,0,0,1,1,1,1,0,0,0,0,1,1,1,1,0,0,0,0,1,1,1,1,0,0,0,0,1,1,1,1,16.0,16,Unicorn_Absent,-1,-1.0,6,Unicorn_Absent,599,32.0,32,1.0,48,0.0,0.5,RIGHT,16.0,1.0,16.0,0.0,RIGHT
0,1381124429,47,244294,Absent,32,0,0,0,0,1,1,1,1,0,0,0,0,1,1,1,1,0,0,0,0,1,1,1,1,0,0,0,0,1,1,1,1,0,0,0,0,1,1,1,1,0,0,0,0,1,1,1,1,0,0,0,0,1,1,1,1,0,0,0,0,1,1,1,1,32.0,0,Unicorn_Absent,-1,-1.0,6,Unicorn_Absent,631,32.0,32,1.0,64,0.6666666666666667,1.0,RIGHT,16.0,1.0,16.0,0.0,RIGHT
0,1501597623,2,97623,Absent,32,0,0,0,0,1,1,1,1,0,0,0,0,1,1,1,1,0,0,0,0,1,1,1,1,0,0,0,0,1,1,1,1,0,0,0,0,1,1,1,1,0,0,0,0,1,1,1,1,0,0,0,0,1,1,1,1,0,0,0,0,1,1,1,1,9.0,23,Unicorn_Absent,-1,-1.0,6,Unicorn_Absent,-60,0.0,32,,57,,0.53125,RIGHT,,1.0,,,RIGHT
0,1501597623,5,97623,Absent,28,1,1,1,1,1,1,1,1,1,0,0,0,0,0,0,1,1,0,0,0,0,0,0,1,1,0,0,0,0,0,0,1,1,0,0,0,0,0,0,1,1,0,0,0,0,0,0,1,1,0,0,0,0,0,0,1,1,1,1,1,1,1,1,1,4.0,28,Unicorn_Absent,-1,-1.0,8,Unicorn_Absent,-41,32.0,28,0.30434782608695654,64,0.19565217391304346,0.5625,OUT,0.0,0.30434782608695654,32.0,0.5964912280701755,LEFT
0,1501597623,10,97623,Absent,32,1,1,1,1,0,0,0,0,1,1,1,1,0,0,0,0,1,1,1,1,0,0,0,0,1,1,1,1,0,0,0,0,1,1,1,1,0,0,0,0,1,1,1,1,0,0,0,0,1,1,1,1,0,0,0,0,1,1,1,1,0,0,0,0,32.0,0,Unicorn_Absent,-1,-1.0,5,Unicorn_Absent,119,32.0,32,1.0,64,0.0,1.0,LEFT,32.0,1.0,0.0,0.0,LEFT
0,1501597623,14,97623,Absent,32,1,1,1,1,0,0,0,0,1,1,1,1,0,0,0,0,1,1,1,1,0,0,0,0,1,1,1,1,0,0,0,0,1,1,1,1,0,0,0,0,1,1,1,1,0,0,0,0,1,1,1,1,0,0,0,0,1,1,1,1,0,0,0,0,32.0,0,Unicorn_Absent,-1,-1.0,5,Unicorn_Absent,247,32.0,32,1.0,64,0.0,1.0,LEFT,32.0,1.0,0.0,0.0,LEFT
0,1501597623,25,97623,Absent,32,1,1,1,1,0,0,0,0,1,1,1,1,0,0,0,0,1,1,1,1,0,0,0,0,1,1,1,1,0,0,0,0,1,1,1,1,0,0,0,0,1,1,1,1,0,0,0,0,1,1,1,1,0,0,0,0,1,1,1,1,0,0,0,0,32.0,0,Unicorn_Absent,-1,-1.0,5,Unicorn_Absent,599,32.0,32,1.0,64,0.0,1.0,LEFT,32.0,1.0,0.0,0.0,LEFT
0,1501597623,30,97623,Absent,32,1,1,1,1,0,0,0,0,1,1,1,1,0,0,0,0,1,1,1,1,0,0,0,0,1,1,1,1,0,0,0,0,1,1,1,1,0,0,0,0,1,1,1,1,0,0,0,0,1,1,1,1,0,0,0,0,1,1,1,1,0,0,0,0,32.0,0,Unicorn_Absent,-1,-1.0,5,Unicorn_Absent,759,32.0,32,1.0,64,0.0,1.0,LEFT,32.0,1.0,0.0,0.0,LEFT
0,1501597623,31,97623,Absent,32,1,1,1,1,0,0,0,0,1,1,1,1,0,0,0,0,1,1,1,1,0,0,0,0,1,1,1,1,0,0,0,0,1,1,1,1,0,0,0,0,1,1,1,1,0,0,0,0,1,1,1,1,0,0,0,0,1,1,1,1,0,0,0,0,32.0,0,Unicorn_Absent,-1,-1.0,5,Unicorn_Absent,791,32.0,32,1.0,64,0.0,1.0,LEFT,32.0,1.0,0.0,0.0,LEFT
0,1501597623,32,97623,Absent,32,1,1,1,1,0,0,0,0,1,1,1,1,0,0,0,0,1,1,1,1,0,0,0,0,1,1,1,1,0,0,0,0,1,1,1,1,0,0,0,0,1,1,1,1,0,0,0,0,1,1,1,1,0,0,0,0,1,1,1,1,0,0,0,0,32.0,0,Unicorn_Absent,-1,-1.0,5,Unicorn_Absent,823,32.0,32,1.0,64,0.0,1.0,LEFT,32.0,1.0,0.0,0.0,LEFT
0,1501597623,47,97623,Absent,32,0,0,0,0,1,1,1,1,0,0,0,0,1,1,1,1,0,0,0,0,1,1,1,1,0,0,0,0,1,1,1,1,0,0,0,0,1,1,1,1,0,0,0,0,1,1,1,1,0,0,0,0,1,1,1,1,0,0,0,0,1,1,1,1,32.0,0,Unicorn_Absent,-1,-1.0,6,Unicorn_Absent,1144,32.0,32,0.058823529411764705,64,0.9411764705882353,1.0,RIGHT,30.0,1.0,2.0,0.2745098039215686,RIGHT
0,1501597623,54,97623,Absent,32,1,1,1,1,0,0,0,0,1,1,1,1,0,0,0,0,1,1,1,1,0,0,0,0,1,1,1,1,0,0,0,0,1,1,1,1,0,0,0,0,1,1,1,1,0,0,0,0,1,1,1,1,0,0,0,0,1,1,1,1,0,0,0,0,14.0,18,Unicorn_Absent,-1,-1.0,5,Unicorn_Absent,1188,14.0,32,0.0,50,0.36,0.5,LEFT,32.0,1.0,0.0,0.0,LEFT
0,1501597623,57,97623,Absent,32,1,1,1,1,0,0,0,0,1,1,1,1,0,0,0,0,1,1,1,1,0,0,0,0,1,1,1,1,0,0,0,0,1,1,1,1,0,0,0,0,1,1,1,1,0,0,0,0,1,1,1,1,0,0,0,0,1,1,1,1,0,0,0,0,14.0,18,Unicorn_Absent,-1,-1.0,5,Unicorn_Absent,1230,14.0,32,1.0,50,0.0,0.5,LEFT,14.0,1.0,18.0,0.0,LEFT
0,1501597623,2,150153,Absent,48,1,1,0,1,1,1,1,1,1,1,1,1,1,0,0,1,1,1,0,0,0,1,1,1,0,1,1,0,0,1,1,1,1,1,1,1,0,0,1,1,1,0,1,1,1,1,1,0,1,1,1,0,1,1,1,1,1,1,1,1,1,0,0,1,9.0,23,Unicorn_Absent,-1,-1.0,0,Unicorn_Absent,-60,0.0,48,,57,,0.53125,RS,,0.40350877192982454,,,RIGHT
0,1501597623,5,150153,Absent,64,1,1,1,1,1,1,1,1,1,1,1,1,1,1,1,1,1,1,1,1,1,1,1,1,1,1,1,1,1,1,1,1,1,1,1,1,1,1,1,1,1,1,1,1,1,1,1,1,1,1,1,1,1,1,1,1,1,1,1,1,1,1,1,1,4.0,28,Unicorn_Absent,-1,-1.0,1,Unicorn_Absent,-41,32.0,64,0.5,64,0.19565217391304346,0.5625,ALL,0.0,0.5,32.0,0.5964912280701755,RIGHT
0,1501597623,10,150153,Absent,32,0,0,0,0,1,1,1,1,0,0,0,0,1,1,1,1,0,0,0,0,1,1,1,1,0,0,0,0,1,1,1,1,0,0,0,0,1,1,1,1,0,0,0,0,1,1,1,1,0,0,0,0,1,1,1,1,0,0,0,0,1,1,1,1,32.0,0,Unicorn_Absent,-1,-1.0,6,Unicorn_Absent,119,32.0,32,1.0,64,0.0,1.0,RIGHT,32.0,1.0,0.0,0.0,RIGHT
0,1501597623,14,150153,Absent,32,0,0,0,0,1,1,1,1,0,0,0,0,1,1,1,1,0,0,0,0,1,1,1,1,0,0,0,0,1,1,1,1,0,0,0,0,1,1,1,1,0,0,0,0,1,1,1,1,0,0,0,0,1,1,1,1,0,0,0,0,1,1,1,1,32.0,0,Unicorn_Absent,-1,-1.0,6,Unicorn_Absent,247,32.0,32,1.0,64,0.0,1.0,RIGHT,32.0,1.0,0.0,0.0,RIGHT
0,1501597623,25,150153,Absent,32,0,0,0,0,1,1,1,1,0,0,0,0,1,1,1,1,0,0,0,0,1,1,1,1,0,0,0,0,1,1,1,1,0,0,0,0,1,1,1,1,0,0,0,0,1,1,1,1,0,0,0,0,1,1,1,1,0,0,0,0,1,1,1,1,32.0,0,Unicorn_Absent,-1,-1.0,6,Unicorn_Absent,599,32.0,32,1.0,64,0.0,1.0,RIGHT,32.0,1.0,0.0,0.0,RIGHT
0,1501597623,30,150153,Absent,32,0,0,0,0,1,1,1,1,0,0,0,0,1,1,1,1,0,0,0,0,1,1,1,1,0,0,0,0,1,1,1,1,0,0,0,0,1,1,1,1,0,0,0,0,1,1,1,1,0,0,0,0,1,1,1,1,0,0,0,0,1,1,1,1,32.0,0,Unicorn_Absent,-1,-1.0,6,Unicorn_Absent,759,32.0,32,1.0,64,0.0,1.0,RIGHT,32.0,1.0,0.0,0.0,RIGHT
0,1501597623,31,150153,Absent,32,0,0,0,0,1,1,1,1,0,0,0,0,1,1,1,1,0,0,0,0,1,1,1,1,0,0,0,0,1,1,1,1,0,0,0,0,1,1,1,1,0,0,0,0,1,1,1,1,0,0,0,0,1,1,1,1,0,0,0,0,1,1,1,1,32.0,0,Unicorn_Absent,-1,-1.0,6,Unicorn_Absent,791,32.0,32,1.0,64,0.0,1.0,RIGHT,32.0,1.0,0.0,0.0,RIGHT
0,1501597623,32,150153,Absent,32,0,0,0,0,1,1,1,1,0,0,0,0,1,1,1,1,0,0,0,0,1,1,1,1,0,0,0,0,1,1,1,1,0,0,0,0,1,1,1,1,0,0,0,0,1,1,1,1,0,0,0,0,1,1,1,1,0,0,0,0,1,1,1,1,32.0,0,Unicorn_Absent,-1,-1.0,6,Unicorn_Absent,823,32.0,32,1.0,64,0.0,1.0,RIGHT,32.0,1.0,0.0,0.0,RIGHT
0,1501597623,47,150153,Absent,32,1,1,1,1,0,0,0,0,1,1,1,1,0,0,0,0,1,1,1,1,0,0,0,0,1,1,1,1,0,0,0,0,1,1,1,1,0,0,0,0,1,1,1,1,0,0,0,0,1,1,1,1,0,0,0,0,1,1,1,1,0,0,0,0,32.0,0,Unicorn_Absent,-1,-1.0,5,Unicorn_Absent,1144,32.0,32,1.0,64,0.9411764705882353,1.0,LEFT,30.0,1.0,2.0,0.2745098039215686,LEFT
0,1501597623,54,150153,Absent,36,0,0,0,0,0,0,0,0,0,1,1,1,1,1,1,0,0,1,1,1,1,1,1,0,0,1,1,1,1,1,1,0,0,1,1,1,1,1,1,0,0,1,1,1,1,1,1,0,0,1,1,1,1,1,1,0,0,0,0,0,0,0,0,0,14.0,18,Unicorn_Absent,-1,-1.0,7,Unicorn_Absent,1188,14.0,36,0.36,50,0.36,0.5,IN,32.0,1.0,0.0,0.0,IN
0,1501597623,57,150153,Absent,36,0,0,0,0,0,0,0,0,0,1,1,1,1,1,1,0,0,1,1,1,1,1,1,0,0,1,1,1,1,1,1,0,0,1,1,1,1,1,1,0,0,1,1,1,1,1,1,0,0,1,1,1,1,1,1,0,0,0,0,0,0,0,0,0,14.0,18,Unicorn_Absent,-1,-1.0,7,Unicorn_Absent,1230,14.0,36,1.0,50,0.0,0.5,IN,14.0,1.0,18.0,0.0,IN
0,1542417370,1,15424,Absent,12,0,0,1,0,0,0,0,0,1,0,0,0,1,0,0,0,0,0,0,0,0,0,0,0,0,1,0,0,0,0,1,0,0,0,0,0,0,0,1,0,0,0,1,1,1,0,0,0,0,0,0,1,0,0,0,0,1,0,0,0,0,1,0,0,31.0,1,Unicorn_Absent,-1,-1.0,0,Unicorn_Absent,31,10.0,12,,28,,0.421875,RS,,0.13636363636363635,,,RS
0,1542417370,4,15424,Absent,48,0,1,1,1,0,1,1,1,1,1,1,0,1,1,0,1,1,1,1,0,0,0,1,0,1,0,1,1,1,1,0,1,1,0,1,0,1,0,1,1,1,1,1,0,1,1,1,1,0,1,1,1,1,1,1,1,1,1,1,0,1,1,1,1,14.0,18,Unicorn_Absent,-1,-1.0,0,Unicorn_Absent,86,12.0,48,0.5636363636363636,56,0.3036363636363636,0.59375,RS,10.0,0.3018867924528302,22.0,0.06363636363636366,RS
0,1542417370,5,15424,Absent,21,0,0,1,1,1,1,0,0,0,1,1,0,0,0,0,1,1,1,0,0,1,0,0,1,0,0,0,0,0,0,0,1,1,0,0,1,0,0,1,0,0,0,0,1,1,1,0,0,0,0,0,0,0,0,0,1,1,0,1,0,0,0,0,0,12.0,20,Unicorn_Absent,-1,-1.0,0,Unicorn_Absent,98,21.0,21,0.3018867924528302,61,0.0852099817407182,0.640625,RS,14.0,0.2619047619047619,18.0,0.3036363636363636,LEFT
0,1542417370,15,15424,Absent,32,0,0,0,0,0,0,0,0,0,0,0,0,0,0,0,0,0,0,0,0,0,0,0,0,0,0,0,0,0,0,0,0,1,1,1,1,1,1,1,1,1,1,1,1,1,1,1,1,1,1,1,1,1,1,1,1,1,1,1,1,1,1,1,1,16.0,16,Unicorn_Absent,-1,-1.0,3,Unicorn_Absent,204,16.0,32,1.0,48,0.0,0.5,BOTTOM,16.0,1.0,16.0,0.0,BOTTOM
0,1542417370,16,15424,Absent,32,0,0,0,0,0,0,0,0,0,0,0,0,0,0,0,0,0,0,0,0,0,0,0,0,0,0,0,0,0,0,0,0,1,1,1,1,1,1,1,1,1,1,1,1,1,1,1,1,1,1,1,1,1,1,1,1,1,1,1,1,1,1,1,1,16.0,16,Unicorn_Absent,-1,-1.0,3,Unicorn_Absent,220,16.0,32,1.0,48,0.0,0.5,BOTTOM,16.0,1.0,16.0,0.0,BOTTOM
0,1542417370,22,15424,Absent,32,0,0,0,0,0,0,0,0,0,0,0,0,0,0,0,0,0,0,0,0,0,0,0,0,0,0,0,0,0,0,0,0,1,1,1,1,1,1,1,1,1,1,1,1,1,1,1,1,1,1,1,1,1,1,1,1,1,1,1,1,1,1,1,1,0.0,32,Unicorn_Absent,-1,-1.0,3,Unicorn_Absent,233,22.0,32,1.0,64,0.5,0.5,BOTTOM,16.0,0.2,16.0,0.0,RS
0,1542417370,32,15424,Absent,32,1,1,1,1,0,0,0,0,1,1,1,1,0,0,0,0,1,1,1,1,0,0,0,0,1,1,1,1,0,0,0,0,1,1,1,1,0,0,0,0,1,1,1,1,0,0,0,0,1,1,1,1,0,0,0,0,1,1,1,1,0,0,0,0,18.0,14,Unicorn_Absent,-1,-1.0,5,Unicorn_Absent,445,18.0,32,1.0,46,0.0,0.5,LEFT,18.0,1.0,14.0,0.2727272727272727,LEFT
0,1542417370,33,15424,Absent,32,1,1,1,1,0,0,0,0,1,1,1,1,0,0,0,0,1,1,1,1,0,0,0,0,1,1,1,1,0,0,0,0,1,1,1,1,0,0,0,0,1,1,1,1,0,0,0,0,1,1,1,1,0,0,0,0,1,1,1,1,0,0,0,0,18.0,14,Unicorn_Absent,-1,-1.0,5,Unicorn_Absent,463,18.0,32,1.0,46,0.0,0.5,LEFT,18.0,1.0,14.0,0.0,LEFT
0,1542417370,34,15424,Absent,32,1,1,1,1,0,0,0,0,1,1,1,1,0,0,0,0,1,1,1,1,0,0,0,0,1,1,1,1,0,0,0,0,1,1,1,1,0,0,0,0,1,1,1,1,0,0,0,0,1,1,1,1,0,0,0,0,1,1,1,1,0,0,0,0,18.0,14,Unicorn_Absent,-1,-1.0,5,Unicorn_Absent,481,18.0,32,1.0,46,0.0,0.5,LEFT,18.0,1.0,14.0,0.0,LEFT
0,1542417370,35,15424,Absent,32,1,1,1,1,0,0,0,0,1,1,1,1,0,0,0,0,1,1,1,1,0,0,0,0,1,1,1,1,0,0,0,0,1,1,1,1,0,0,0,0,1,1,1,1,0,0,0,0,1,1,1,1,0,0,0,0,1,1,1,1,0,0,0,0,18.0,14,Unicorn_Absent,-1,-1.0,5,Unicorn_Absent,499,18.0,32,1.0,46,0.0,0.5,LEFT,18.0,1.0,14.0,0.0,LEFT
0,1542417370,40,15424,Absent,32,0,0,0,0,1,1,1,1,0,0,0,0,1,1,1,1,0,0,0,0,1,1,1,1,0,0,0,0,1,1,1,1,0,0,0,0,1,1,1,1,0,0,0,0,1,1,1,1,0,0,0,0,1,1,1,1,0,0,0,0,1,1,1,1,2.0,30,Unicorn_Absent,-1,-1.0,6,Unicorn_Absent,496,28.0,32,0.0,64,0.42857142857142855,0.53125,RIGHT,18.0,0.08108108108108109,14.0,0.0,RS
0,1542417370,41,15424,Absent,8,0,0,0,1,0,0,0,0,0,1,0,0,0,0,0,0,0,0,0,1,0,0,0,0,0,0,0,1,0,0,0,0,0,0,0,0,0,0,0,1,0,0,0,0,0,0,0,0,0,0,0,0,1,0,0,0,0,0,1,0,1,0,0,0,28.0,4,Unicorn_Absent,-1,-1.0,0,Unicorn_Absent,524,0.0,8,0.08108108108108109,36,0.41098241098241095,0.5,RS,2.0,0.125,30.0,0.42857142857142855,ALL
0,1542417370,42,15424,Absent,64,1,1,1,1,1,1,1,1,1,1,1,1,1,1,1,1,1,1,1,1,1,1,1,1,1,1,1,1,1,1,1,1,1,1,1,1,1,1,1,1,1,1,1,1,1,1,1,1,1,1,1,1,1,1,1,1,1,1,1,1,1,1,1,1,0.0,32,Unicorn_Absent,-1,-1.0,1,Unicorn_Absent,524,11.0,64,0.125,64,0.875,0.5,ALL,28.0,0.5,4.0,0.41098241098241095,TOP
0,1542417370,43,15424,Absent,32,1,1,1,1,1,1,1,1,1,1,1,1,1,1,1,1,1,1,1,1,1,1,1,1,1,1,1,1,1,1,1,1,0,0,0,0,0,0,0,0,0,0,0,0,0,0,0,0,0,0,0,0,0,0,0,0,0,0,0,0,0,0,0,0,11.0,21,Unicorn_Absent,-1,-1.0,4,Unicorn_Absent,535,10.0,32,0.5,46,0.2358490566037736,0.390625,TOP,0.0,1.0,32.0,0.875,TOP
0,1542417370,49,15424,Absent,0,0,0,0,0,0,0,0,0,0,0,0,0,0,0,0,0,0,0,0,0,0,0,0,0,0,0,0,0,0,0,0,0,0,0,0,0,0,0,0,0,0,0,0,0,0,0,0,0,0,0,0,0,0,0,0,0,0,0,0,0,0,0,0,0,32.0,0,Unicorn_Absent,-1,-1.0,2,Unicorn_Absent,607,32.0,0,1.0,64,0.0,1.0,NOTHING,32.0,1.0,0.0,0.671875,NOTHING
0,1542417370,50,15424,Absent,0,0,0,0,0,0,0,0,0,0,0,0,0,0,0,0,0,0,0,0,0,0,0,0,0,0,0,0,0,0,0,0,0,0,0,0,0,0,0,0,0,0,0,0,0,0,0,0,0,0,0,0,0,0,0,0,0,0,0,0,0,0,0,0,0,32.0,0,Unicorn_Absent,-1,-1.0,2,Unicorn_Absent,639,32.0,0,1.0,64,0.0,1.0,NOTHING,32.0,1.0,0.0,0.0,NOTHING
0,1542417370,51,15424,Absent,0,0,0,0,0,0,0,0,0,0,0,0,0,0,0,0,0,0,0,0,0,0,0,0,0,0,0,0,0,0,0,0,0,0,0,0,0,0,0,0,0,0,0,0,0,0,0,0,0,0,0,0,0,0,0,0,0,0,0,0,0,0,0,0,0,32.0,0,Unicorn_Absent,-1,-1.0,2,Unicorn_Absent,671,32.0,0,1.0,64,0.0,1.0,NOTHING,32.0,1.0,0.0,0.0,NOTHING
0,1542417370,1,173707,Absent,17,0,0,0,1,1,0,0,1,0,1,0,1,0,0,1,0,0,0,1,0,0,0,1,1,0,0,0,0,1,1,0,0,1,0,0,0,0,0,0,0,0,0,0,0,0,0,1,0,0,0,0,0,1,0,0,0,0,0,0,0,1,1,0,1,31.0,1,Unicorn_Absent,-1,-1.0,0,Unicorn_Absent,31,10.0,17,,28,,0.421875,RS,,0.2,,,RS
0,1542417370,4,173707,Absent,26,0,0,0,1,0,0,1,0,1,0,1,1,1,0,1,0,0,0,0,0,1,1,0,1,1,0,0,0,1,0,1,1,0,1,1,0,0,0,1,0,0,0,0,1,0,0,1,0,0,1,1,0,0,1,1,0,1,0,0,0,1,0,0,1,14.0,18,Unicorn_Absent,-1,-1.0,0,Unicorn_Absent,86,12.0,26,0.26,56,0.3036363636363636,0.59375,RS,10.0,0.3870967741935484,22.0,0.06363636363636366,RS
0,1542417370,5,173707,Absent,60,1,1,1,1,1,1,1,1,1,1,1,1,1,1,1,1,1,1,1,1,1,1,1,1,0,1,1,1,1,1,1,1,1,1,1,0,1,1,1,1,1,1,1,1,1,1,1,1,0,0,1,1,1,1,1,1,1,1,1,1,1,1,1,1,12.0,20,Unicorn_Absent,-1,-1.0,0,Unicorn_Absent,98,21.0,60,0.3870967741935484,61,0.0852099817407182,0.640625,RS,14.0,0.36065573770491804,18.0,0.3036363636363636,RS
0,1542417370,15,173707,Absent,32,1,1,1,1,0,0,0,0,1,1,1,1,0,0,0,0,1,1,1,1,0,0,0,0,1,1,1,1,0,0,0,0,1,1,1,1,0,0,0,0,1,1,1,1,0,0,0,0,1,1,1,1,0,0,0,0,1,1,1,1,0,0,0,0,16.0,16,Unicorn_Absent,-1,-1.0,5,Unicorn_Absent,204,16.0,32,1.0,48,0.0,0.5,LEFT,16.0,1.0,16.0,0.0,LEFT
0,1542417370,16,173707,Absent,32,1,1,1,1,0,0,0,0,1,1,1,1,0,0,0,0,1,1,1,1,0,0,0,0,1,1,1,1,0,0,0,0,1,1,1,1,0,0,0,0,1,1,1,1,0,0,0,0,1,1,1,1,0,0,0,0,1,1,1,1,0,0,0,0,16.0,16,Unicorn_Absent,-1,-1.0,5,Unicorn_Absent,220,16.0,32,1.0,48,0.0,0.5,LEFT,16.0,1.0,16.0,0.0,LEFT
0,1542417370,22,173707,Absent,64,1,1,1,1,1,1,1,1,1,1,1,1,1,1,1,1,1,1,1,1,1,1,1,1,1,1,1,1,1,1,1,1,1,1,1,1,1,1,1,1,1,1,1,1,1,1,1,1,1,1,1,1,1,1,1,1,1,1,1,1,1,1,1,1,0.0,32,Unicorn_Absent,-1,-1.0,1,Unicorn_Absent,233,22.0,64,0.5,64,0.5,0.5,ALL,16.0,0.75,16.0,0.0,RS
0,1542417370,32,173707,Absent,28,1,1,1,1,1,1,1,1,1,0,0,0,0,0,0,1,1,0,0,0,0,0,0,1,1,0,0,0,0,0,0,1,1,0,0,0,0,0,0,1,1,0,0,0,0,0,0,1,1,0,0,0,0,0,0,1,1,1,1,1,1,1,1,1,18.0,14,Unicorn_Absent,-1,-1.0,8,Unicorn_Absent,445,18.0,28,1.0,46,0.0,0.5,OUT,18.0,1.0,14.0,0.2727272727272727,OUT
0,1542417370,33,173707,Absent,28,1,1,1,1,1,1,1,1,1,0,0,0,0,0,0,1,1,0,0,0,0,0,0,1,1,0,0,0,0,0,0,1,1,0,0,0,0,0,0,1,1,0,0,0,0,0,0,1,1,0,0,0,0,0,0,1,1,1,1,1,1,1,1,1,18.0,14,Unicorn_Absent,-1,-1.0,8,Unicorn_Absent,463,18.0,28,1.0,46,0.0,0.5,OUT,18.0,1.0,14.0,0.0,OUT
0,1542417370,34,173707,Absent,28,1,1,1,1,1,1,1,1,1,0,0,0,0,0,0,1,1,0,0,0,0,0,0,1,1,0,0,0,0,0,0,1,1,0,0,0,0,0,0,1,1,0,0,0,0,0,0,1,1,0,0,0,0,0,0,1,1,1,1,1,1,1,1,1,18.0,14,Unicorn_Absent,-1,-1.0,8,Unicorn_Absent,481,18.0,28,1.0,46,0.0,0.5,OUT,18.0,1.0,14.0,0.0,OUT
0,1542417370,35,173707,Absent,28,1,1,1,1,1,1,1,1,1,0,0,0,0,0,0,1,1,0,0,0,0,0,0,1,1,0,0,0,0,0,0,1,1,0,0,0,0,0,0,1,1,0,0,0,0,0,0,1,1,0,0,0,0,0,0,1,1,1,1,1,1,1,1,1,18.0,14,Unicorn_Absent,-1,-1.0,8,Unicorn_Absent,499,18.0,28,1.0,46,0.0,0.5,OUT,18.0,1.0,14.0,0.0,OUT
0,1542417370,40,173707,Absent,62,1,1,1,1,1,1,1,1,1,1,1,1,1,1,1,1,1,1,1,1,1,1,0,1,1,1,1,1,1,1,1,1,1,1,1,1,1,1,1,1,1,1,1,1,1,1,1,1,1,1,1,1,1,1,1,1,1,1,1,1,1,0,1,1,2.0,30,Unicorn_Absent,-1,-1.0,0,Unicorn_Absent,496,28.0,62,0.42857142857142855,64,0.42857142857142855,0.53125,RS,18.0,0.49206349206349204,14.0,0.0,BOTTOM
0,1542417370,41,173707,Absent,32,0,0,0,0,0,0,0,0,0,0,0,0,0,0,0,0,0,0,0,0,0,0,0,0,0,0,0,0,0,0,0,0,1,1,1,1,1,1,1,1,1,1,1,1,1,1,1,1,1,1,1,1,1,1,1,1,1,1,1,1,1,1,1,1,28.0,4,Unicorn_Absent,-1,-1.0,3,Unicorn_Absent,524,0.0,32,0.49206349206349204,36,0.41098241098241095,0.5,BOTTOM,2.0,1.0,30.0,0.42857142857142855,BOTTOM
0,1542417370,42,173707,Absent,32,0,0,0,0,0,0,0,0,0,0,0,0,0,0,0,0,0,0,0,0,0,0,0,0,0,0,0,0,0,0,0,0,1,1,1,1,1,1,1,1,1,1,1,1,1,1,1,1,1,1,1,1,1,1,1,1,1,1,1,1,1,1,1,1,0.0,32,Unicorn_Absent,-1,-1.0,3,Unicorn_Absent,524,11.0,32,1.0,64,0.875,0.5,BOTTOM,28.0,0.2641509433962264,4.0,0.41098241098241095,RS
0,1542417370,43,173707,Absent,35,1,1,1,1,1,1,1,0,1,0,1,1,1,0,1,1,1,1,1,1,0,0,1,1,0,0,0,0,0,0,1,1,1,1,0,0,0,1,0,1,1,0,0,0,0,0,0,0,1,1,1,1,0,0,0,1,0,1,1,0,0,0,1,1,11.0,21,Unicorn_Absent,-1,-1.0,0,Unicorn_Absent,535,10.0,35,0.2641509433962264,46,0.2358490566037736,0.390625,RS,0.0,0.41818181818181815,32.0,0.875,RS
0,1542417370,49,173707,Absent,64,1,1,1,1,1,1,1,1,1,1,1,1,1,1,1,1,1,1,1,1,1,1,1,1,1,1,1,1,1,1,1,1,1,1,1,1,1,1,1,1,1,1,1,1,1,1,1,1,1,1,1,1,1,1,1,1,1,1,1,1,1,1,1,1,32.0,0,Unicorn_Absent,-1,-1.0,1,Unicorn_Absent,607,32.0,64,1.0,64,0.0,1.0,ALL,32.0,1.0,0.0,0.671875,ALL
0,1542417370,50,173707,Absent,64,1,1,1,1,1,1,1,1,1,1,1,1,1,1,1,1,1,1,1,1,1,1,1,1,1,1,1,1,1,1,1,1,1,1,1,1,1,1,1,1,1,1,1,1,1,1,1,1,1,1,1,1,1,1,1,1,1,1,1,1,1,1,1,1,32.0,0,Unicorn_Absent,-1,-1.0,1,Unicorn_Absent,639,32.0,64,1.0,64,0.0,1.0,ALL,32.0,1.0,0.0,0.0,ALL
0,1542417370,51,173707,Absent,64,1,1,1,1,1,1,1,1,1,1,1,1,1,1,1,1,1,1,1,1,1,1,1,1,1,1,1,1,1,1,1,1,1,1,1,1,1,1,1,1,1,1,1,1,1,1,1,1,1,1,1,1,1,1,1,1,1,1,1,1,1,1,1,1,32.0,0,Unicorn_Absent,-1,-1.0,1,Unicorn_Absent,671,32.0,64,1.0,64,0.0,1.0,ALL,32.0,1.0,0.0,0.0,ALL
0,1742583746,1,174251,Absent,26,1,0,0,1,1,0,0,0,0,1,1,1,1,0,1,1,0,0,0,0,1,0,0,0,0,0,0,1,0,0,0,0,0,1,0,0,0,0,1,0,0,1,0,0,0,0,1,0,1,1,1,1,1,0,1,0,1,1,0,1,1,0,0,1,8.0,24,Unicorn_Absent,-1,-1.0,0,Unicorn_Absent,8,20.0,26,,59,,0.546875,RS,,0.23404255319148937,,,RIGHT
0,1742583746,5,174251,Absent,32,1,1,1,1,0,0,0,0,1,1,1,1,0,0,0,0,1,1,1,1,0,0,0,0,1,1,1,1,0,0,0,0,1,1,1,1,0,0,0,0,1,1,1,1,0,0,0,0,1,1,1,1,0,0,0,0,1,1,1,1,0,0,0,0,12.0,20,Unicorn_Absent,-1,-1.0,5,Unicorn_Absent,-47,0.0,32,0.0,50,0.3,0.46875,LEFT,20.0,1.0,12.0,0.14300662713637946,LEFT
0,1742583746,6,174251,Absent,32,1,1,1,1,0,0,0,0,1,1,1,1,0,0,0,0,1,1,1,1,0,0,0,0,1,1,1,1,0,0,0,0,1,1,1,1,0,0,0,0,1,1,1,1,0,0,0,0,1,1,1,1,0,0,0,0,1,1,1,1,0,0,0,0,0.0,32,Unicorn_Absent,-1,-1.0,5,Unicorn_Absent,-47,30.0,32,1.0,64,0.40625,0.5,LEFT,12.0,0.13513513513513514,20.0,0.3,RS
0,1742583746,10,174251,Absent,32,1,1,1,1,1,1,1,1,1,1,1,1,1,1,1,1,1,1,1,1,1,1,1,1,1,1,1,1,1,1,1,1,0,0,0,0,0,0,0,0,0,0,0,0,0,0,0,0,0,0,0,0,0,0,0,0,0,0,0,0,0,0,0,0,16.0,16,Unicorn_Absent,-1,-1.0,4,Unicorn_Absent,-47,16.0,32,0.10526315789473684,48,0.17251461988304095,0.5,TOP,30.0,1.0,2.0,0.08361486486486486,TOP
0,1742583746,11,174251,Absent,32,1,1,1,1,1,1,1,1,1,1,1,1,1,1,1,1,1,1,1,1,1,1,1,1,1,1,1,1,1,1,1,1,0,0,0,0,0,0,0,0,0,0,0,0,0,0,0,0,0,0,0,0,0,0,0,0,0,0,0,0,0,0,0,0,16.0,16,Unicorn_Absent,-1,-1.0,4,Unicorn_Absent,-31,16.0,32,1.0,48,0.0,0.5,TOP,16.0,1.0,16.0,0.17251461988304095,TOP
0,1742583746,12,174251,Absent,32,1,1,1,1,1,1,1,1,1,1,1,1,1,1,1,1,1,1,1,1,1,1,1,1,1,1,1,1,1,1,1,1,0,0,0,0,0,0,0,0,0,0,0,0,0,0,0,0,0,0,0,0,0,0,0,0,0,0,0,0,0,0,0,0,16.0,16,Unicorn_Absent,-1,-1.0,4,Unicorn_Absent,-15,16.0,32,1.0,48,0.0,0.5,TOP,16.0,1.0,16.0,0.0,TOP
0,1742583746,13,174251,Absent,32,1,1,1,1,1,1,1,1,1,1,1,1,1,1,1,1,1,1,1,1,1,1,1,1,1,1,1,1,1,1,1,1,0,0,0,0,0,0,0,0,0,0,0,0,0,0,0,0,0,0,0,0,0,0,0,0,0,0,0,0,0,0,0,0,16.0,16,Unicorn_Absent,-1,-1.0,4,Unicorn_Absent,1,16.0,32,1.0,48,0.0,0.5,TOP,16.0,1.0,16.0,0.0,TOP
0,1742583746,20,174251,Absent,64,1,1,1,1,1,1,1,1,1,1,1,1,1,1,1,1,1,1,1,1,1,1,1,1,1,1,1,1,1,1,1,1,1,1,1,1,1,1,1,1,1,1,1,1,1,1,1,1,1,1,1,1,1,1,1,1,1,1,1,1,1,1,1,1,0.0,32,Unicorn_Absent,-1,-1.0,1,Unicorn_Absent,22,18.0,64,0.5,64,0.16666666666666669,0.5,ALL,16.0,0.4375,16.0,0.0,OUT
0,1742583746,21,174251,Absent,28,1,1,1,1,1,1,1,1,1,0,0,0,0,0,0,1,1,0,0,0,0,0,0,1,1,0,0,0,0,0,0,1,1,0,0,0,0,0,0,1,1,0,0,0,0,0,0,1,1,0,0,0,0,0,0,1,1,1,1,1,1,1,1,1,18.0,14,Unicorn_Absent,-1,-1.0,8,Unicorn_Absent,40,18.0,28,0.4375,46,0.10416666666666669,0.5,OUT,0.0,1.0,32.0,0.16666666666666669,OUT
0,1742583746,27,174251,Absent,28,1,1,1,1,1,1,1,1,1,0,0,0,0,0,0,1,1,0,0,0,0,0,0,1,1,0,0,0,0,0,0,1,1,0,0,0,0,0,0,1,1,0,0,0,0,0,0,1,1,0,0,0,0,0,0,1,1,1,1,1,1,1,1,1,18.0,14,Unicorn_Absent,-1,-1.0,8,Unicorn_Absent,179,18.0,28,1.0,46,0.0,0.5,OUT,18.0,1.0,14.0,0.0,OUT
0,1742583746,28,174251,Absent,28,1,1,1,1,1,1,1,1,1,0,0,0,0,0,0,1,1,0,0,0,0,0,0,1,1,0,0,0,0,0,0,1,1,0,0,0,0,0,0,1,1,0,0,0,0,0,0,1,1,0,0,0,0,0,0,1,1,1,1,1,1,1,1,1,18.0,14,Unicorn_Absent,-1,-1.0,8,Unicorn_Absent,197,18.0,28,1.0,46,0.0,0.5,OUT,18.0,1.0,14.0,0.0,OUT
0,1742583746,40,174251,Absent,64,1,1,1,1,1,1,1,1,1,1,1,1,1,1,1,1,1,1,1,1,1,1,1,1,1,1,1,1,1,1,1,1,1,1,1,1,1,1,1,1,1,1,1,1,1,1,1,1,1,1,1,1,1,1,1,1,1,1,1,1,1,1,1,1,0.0,32,Unicorn_Absent,-1,-1.0,1,Unicorn_Absent,327,20.0,64,1.0,64,0.0,0.5,ALL,0.0,0.328125,32.0,0.234375,RS
0,1742583746,43,174251,Absent,17,0,0,1,0,0,0,1,0,0,0,0,0,1,0,0,0,0,0,0,0,0,0,0,1,0,1,0,0,0,1,0,0,0,0,0,0,1,0,1,0,0,0,0,0,1,0,0,0,0,1,1,0,1,1,0,0,0,1,1,0,1,0,0,1,21.0,11,Unicorn_Absent,-1,-1.0,0,Unicorn_Absent,400,16.0,17,0.15151515151515152,38,0.8484848484848485,0.421875,RS,20.0,0.2894736842105263,12.0,0.671875,BOTTOM
0,1742583746,44,174251,Absent,32,0,0,0,0,0,0,0,0,0,0,0,0,0,0,0,0,0,0,0,0,0,0,0,0,0,0,0,0,0,0,0,0,1,1,1,1,1,1,1,1,1,1,1,1,1,1,1,1,1,1,1,1,1,1,1,1,1,1,1,1,1,1,1,1,16.0,16,Unicorn_Absent,-1,-1.0,3,Unicorn_Absent,416,16.0,32,0.2894736842105263,48,0.7105263157894737,0.5,BOTTOM,21.0,1.0,11.0,0.8484848484848485,BOTTOM
0,1742583746,45,174251,Absent,32,0,0,0,0,0,0,0,0,0,0,0,0,0,0,0,0,0,0,0,0,0,0,0,0,0,0,0,0,0,0,0,0,1,1,1,1,1,1,1,1,1,1,1,1,1,1,1,1,1,1,1,1,1,1,1,1,1,1,1,1,1,1,1,1,16.0,16,Unicorn_Absent,-1,-1.0,3,Unicorn_Absent,432,16.0,32,1.0,48,0.0,0.5,BOTTOM,16.0,1.0,16.0,0.7105263157894737,BOTTOM
0,1742583746,48,174251,Absent,32,0,0,0,0,0,0,0,0,0,0,0,0,0,0,0,0,0,0,0,0,0,0,0,0,0,0,0,0,0,0,0,0,1,1,1,1,1,1,1,1,1,1,1,1,1,1,1,1,1,1,1,1,1,1,1,1,1,1,1,1,1,1,1,1,16.0,16,Unicorn_Absent,-1,-1.0,3,Unicorn_Absent,484,16.0,32,1.0,48,0.0,0.5,BOTTOM,16.0,1.0,16.0,0.0,BOTTOM
0,1742583746,49,174251,Absent,32,0,0,0,0,0,0,0,0,0,0,0,0,0,0,0,0,0,0,0,0,0,0,0,0,0,0,0,0,0,0,0,0,1,1,1,1,1,1,1,1,1,1,1,1,1,1,1,1,1,1,1,1,1,1,1,1,1,1,1,1,1,1,1,1,16.0,16,Unicorn_Absent,-1,-1.0,3,Unicorn_Absent,500,16.0,32,1.0,48,0.0,0.5,BOTTOM,16.0,1.0,16.0,0.0,BOTTOM
0,1742583746,54,174251,Absent,32,0,0,0,0,0,0,0,0,0,0,0,0,0,0,0,0,0,0,0,0,0,0,0,0,0,0,0,0,0,0,0,0,1,1,1,1,1,1,1,1,1,1,1,1,1,1,1,1,1,1,1,1,1,1,1,1,1,1,1,1,1,1,1,1,16.0,16,Unicorn_Absent,-1,-1.0,3,Unicorn_Absent,612,16.0,32,1.0,48,0.0,0.5,BOTTOM,16.0,1.0,16.0,0.0,BOTTOM
0,1742583746,1,837463,Absent,57,1,1,1,1,1,0,1,0,1,1,1,1,1,1,1,1,1,1,1,1,1,1,1,1,1,1,1,1,1,0,1,1,0,1,1,1,1,1,1,1,1,1,1,1,1,0,1,1,1,0,1,1,0,1,1,1,1,1,1,1,1,1,1,1,8.0,24,Unicorn_Absent,-1,-1.0,0,Unicorn_Absent,8,20.0,57,,59,,0.546875,RS,,0.3770491803278688,,,RS
0,1742583746,5,837463,Absent,38,0,1,0,1,1,0,1,1,0,1,1,1,1,1,0,0,1,1,1,1,1,0,1,0,0,1,1,1,0,0,1,0,1,1,0,1,1,0,0,1,0,0,0,0,1,1,1,1,0,1,1,1,0,1,1,1,0,0,1,1,0,0,0,1,12.0,20,Unicorn_Absent,-1,-1.0,0,Unicorn_Absent,-47,0.0,38,0.3,50,0.3,0.46875,RS,20.0,0.59375,12.0,0.14300662713637946,ALL
0,1742583746,6,837463,Absent,64,1,1,1,1,1,1,1,1,1,1,1,1,1,1,1,1,1,1,1,1,1,1,1,1,1,1,1,1,1,1,1,1,1,1,1,1,1,1,1,1,1,1,1,1,1,1,1,1,1,1,1,1,1,1,1,1,1,1,1,1,1,1,1,1,0.0,32,Unicorn_Absent,-1,-1.0,1,Unicorn_Absent,-47,30.0,64,0.59375,64,0.40625,0.5,ALL,12.0,0.21875,20.0,0.3,RS
0,1742583746,10,837463,Absent,32,1,1,1,1,0,0,0,0,1,1,1,1,0,0,0,0,1,1,1,1,0,0,0,0,1,1,1,1,0,0,0,0,1,1,1,1,0,0,0,0,1,1,1,1,0,0,0,0,1,1,1,1,0,0,0,0,1,1,1,1,0,0,0,0,16.0,16,Unicorn_Absent,-1,-1.0,5,Unicorn_Absent,-47,16.0,32,0.2777777777777778,48,0.17251461988304095,0.5,LEFT,30.0,1.0,2.0,0.08361486486486486,LEFT
0,1742583746,11,837463,Absent,32,1,1,1,1,0,0,0,0,1,1,1,1,0,0,0,0,1,1,1,1,0,0,0,0,1,1,1,1,0,0,0,0,1,1,1,1,0,0,0,0,1,1,1,1,0,0,0,0,1,1,1,1,0,0,0,0,1,1,1,1,0,0,0,0,16.0,16,Unicorn_Absent,-1,-1.0,5,Unicorn_Absent,-31,16.0,32,1.0,48,0.0,0.5,LEFT,16.0,1.0,16.0,0.17251461988304095,LEFT
0,1742583746,12,837463,Absent,32,1,1,1,1,0,0,0,0,1,1,1,1,0,0,0,0,1,1,1,1,0,0,0,0,1,1,1,1,0,0,0,0,1,1,1,1,0,0,0,0,1,1,1,1,0,0,0,0,1,1,1,1,0,0,0,0,1,1,1,1,0,0,0,0,16.0,16,Unicorn_Absent,-1,-1.0,5,Unicorn_Absent,-15,16.0,32,1.0,48,0.0,0.5,LEFT,16.0,1.0,16.0,0.0,LEFT
0,1742583746,13,837463,Absent,32,1,1,1,1,0,0,0,0,1,1,1,1,0,0,0,0,1,1,1,1,0,0,0,0,1,1,1,1,0,0,0,0,1,1,1,1,0,0,0,0,1,1,1,1,0,0,0,0,1,1,1,1,0,0,0,0,1,1,1,1,0,0,0,0,16.0,16,Unicorn_Absent,-1,-1.0,5,Unicorn_Absent,1,16.0,32,1.0,48,0.0,0.5,LEFT,16.0,1.0,16.0,0.0,LEFT
0,1742583746,20,837463,Absent,32,0,0,0,0,0,0,0,0,0,0,0,0,0,0,0,0,0,0,0,0,0,0,0,0,0,0,0,0,0,0,0,0,1,1,1,1,1,1,1,1,1,1,1,1,1,1,1,1,1,1,1,1,1,1,1,1,1,1,1,1,1,1,1,1,0.0,32,Unicorn_Absent,-1,-1.0,3,Unicorn_Absent,22,18.0,32,0.3333333333333333,64,0.16666666666666669,0.5,BOTTOM,16.0,0.3333333333333333,16.0,0.0,LEFT
0,1742583746,21,837463,Absent,32,1,1,1,1,0,0,0,0,1,1,1,1,0,0,0,0,1,1,1,1,0,0,0,0,1,1,1,1,0,0,0,0,1,1,1,1,0,0,0,0,1,1,1,1,0,0,0,0,1,1,1,1,0,0,0,0,1,1,1,1,0,0,0,0,18.0,14,Unicorn_Absent,-1,-1.0,5,Unicorn_Absent,40,18.0,32,0.3333333333333333,46,0.10416666666666669,0.5,LEFT,0.0,1.0,32.0,0.16666666666666669,LEFT
0,1742583746,27,837463,Absent,32,1,1,1,1,0,0,0,0,1,1,1,1,0,0,0,0,1,1,1,1,0,0,0,0,1,1,1,1,0,0,0,0,1,1,1,1,0,0,0,0,1,1,1,1,0,0,0,0,1,1,1,1,0,0,0,0,1,1,1,1,0,0,0,0,18.0,14,Unicorn_Absent,-1,-1.0,5,Unicorn_Absent,179,18.0,32,1.0,46,0.0,0.5,LEFT,18.0,1.0,14.0,0.0,LEFT
0,1742583746,28,837463,Absent,32,1,1,1,1,0,0,0,0,1,1,1,1,0,0,0,0,1,1,1,1,0,0,0,0,1,1,1,1,0,0,0,0,1,1,1,1,0,0,0,0,1,1,1,1,0,0,0,0,1,1,1,1,0,0,0,0,1,1,1,1,0,0,0,0,18.0,14,Unicorn_Absent,-1,-1.0,5,Unicorn_Absent,197,18.0,32,1.0,46,0.0,0.5,LEFT,18.0,1.0,14.0,0.0,LEFT
0,1742583746,40,837463,Absent,32,0,0,0,0,1,1,1,1,0,0,0,0,1,1,1,1,0,0,0,0,1,1,1,1,0,0,0,0,1,1,1,1,0,0,0,0,1,1,1,1,0,0,0,0,1,1,1,1,0,0,0,0,1,1,1,1,0,0,0,0,1,1,1,1,0.0,32,Unicorn_Absent,-1,-1.0,6,Unicorn_Absent,327,20.0,32,1.0,64,0.0,0.5,RIGHT,0.0,1.0,32.0,0.234375,RIGHT
0,1742583746,43,837463,Absent,32,0,0,0,0,1,1,1,1,0,0,0,0,1,1,1,1,0,0,0,0,1,1,1,1,0,0,0,0,1,1,1,1,0,0,0,0,1,1,1,1,0,0,0,0,1,1,1,1,0,0,0,0,1,1,1,1,0,0,0,0,1,1,1,1,21.0,11,Unicorn_Absent,-1,-1.0,6,Unicorn_Absent,400,16.0,32,1.0,38,0.8484848484848485,0.421875,RIGHT,20.0,1.0,12.0,0.671875,RIGHT
0,1742583746,44,837463,Absent,32,0,0,0,0,1,1,1,1,0,0,0,0,1,1,1,1,0,0,0,0,1,1,1,1,0,0,0,0,1,1,1,1,0,0,0,0,1,1,1,1,0,0,0,0,1,1,1,1,0,0,0,0,1,1,1,1,0,0,0,0,1,1,1,1,16.0,16,Unicorn_Absent,-1,-1.0,6,Unicorn_Absent,416,16.0,32,1.0,48,0.7105263157894737,0.5,RIGHT,21.0,1.0,11.0,0.8484848484848485,RIGHT
0,1742583746,45,837463,Absent,32,0,0,0,0,1,1,1,1,0,0,0,0,1,1,1,1,0,0,0,0,1,1,1,1,0,0,0,0,1,1,1,1,0,0,0,0,1,1,1,1,0,0,0,0,1,1,1,1,0,0,0,0,1,1,1,1,0,0,0,0,1,1,1,1,16.0,16,Unicorn_Absent,-1,-1.0,6,Unicorn_Absent,432,16.0,32,1.0,48,0.0,0.5,RIGHT,16.0,1.0,16.0,0.7105263157894737,RIGHT
0,1742583746,48,837463,Absent,32,0,0,0,0,1,1,1,1,0,0,0,0,1,1,1,1,0,0,0,0,1,1,1,1,0,0,0,0,1,1,1,1,0,0,0,0,1,1,1,1,0,0,0,0,1,1,1,1,0,0,0,0,1,1,1,1,0,0,0,0,1,1,1,1,16.0,16,Unicorn_Absent,-1,-1.0,6,Unicorn_Absent,484,16.0,32,1.0,48,0.0,0.5,RIGHT,16.0,1.0,16.0,0.0,RIGHT
0,1742583746,49,837463,Absent,32,0,0,0,0,1,1,1,1,0,0,0,0,1,1,1,1,0,0,0,0,1,1,1,1,0,0,0,0,1,1,1,1,0,0,0,0,1,1,1,1,0,0,0,0,1,1,1,1,0,0,0,0,1,1,1,1,0,0,0,0,1,1,1,1,16.0,16,Unicorn_Absent,-1,-1.0,6,Unicorn_Absent,500,16.0,32,1.0,48,0.0,0.5,RIGHT,16.0,1.0,16.0,0.0,RIGHT
0,1742583746,54,837463,Absent,32,0,0,0,0,1,1,1,1,0,0,0,0,1,1,1,1,0,0,0,0,1,1,1,1,0,0,0,0,1,1,1,1,0,0,0,0,1,1,1,1,0,0,0,0,1,1,1,1,0,0,0,0,1,1,1,1,0,0,0,0,1,1,1,1,16.0,16,Unicorn_Absent,-1,-1.0,6,Unicorn_Absent,612,16.0,32,1.0,48,0.0,0.5,RIGHT,16.0,1.0,16.0,0.0,RIGHT
0,1877223866,1,187728,Absent,23,1,1,1,0,0,0,0,0,0,1,0,0,0,0,0,1,0,0,0,0,0,1,1,1,0,1,1,0,0,0,0,0,0,0,0,0,1,0,0,1,0,1,0,1,0,0,1,1,0,0,0,1,0,1,1,1,0,0,1,0,0,1,1,0,17.0,15,Unicorn_Absent,-1,-1.0,0,Unicorn_Absent,17,16.0,23,,52,,0.578125,RS,,0.30952380952380953,,,RIGHT
0,1877223866,2,187728,Absent,32,0,0,0,0,1,1,1,1,0,0,0,0,1,1,1,1,0,0,0,0,1,1,1,1,0,0,0,0,1,1,1,1,0,0,0,0,1,1,1,1,0,0,0,0,1,1,1,1,0,0,0,0,1,1,1,1,0,0,0,0,1,1,1,1,16.0,16,Unicorn_Absent,-1,-1.0,6,Unicorn_Absent,33,16.0,32,0.30952380952380953,48,0.15201465201465203,0.5,RIGHT,17.0,1.0,15.0,,RIGHT
0,1877223866,14,187728,Absent,32,1,1,1,1,0,0,0,0,1,1,1,1,0,0,0,0,1,1,1,1,0,0,0,0,1,1,1,1,0,0,0,0,1,1,1,1,0,0,0,0,1,1,1,1,0,0,0,0,1,1,1,1,0,0,0,0,1,1,1,1,0,0,0,0,16.0,16,Unicorn_Absent,-1,-1.0,5,Unicorn_Absent,113,16.0,32,0.0,48,0.0,0.5,LEFT,16.0,1.0,16.0,0.0,LEFT
0,1877223866,22,187728,Absent,32,1,1,1,1,0,0,0,0,1,1,1,1,0,0,0,0,1,1,1,1,0,0,0,0,1,1,1,1,0,0,0,0,1,1,1,1,0,0,0,0,1,1,1,1,0,0,0,0,1,1,1,1,0,0,0,0,1,1,1,1,0,0,0,0,0.0,32,Unicorn_Absent,-1,-1.0,5,Unicorn_Absent,79,-20.0,32,0.5,32,0.5,0.0,LEFT,0.0,0.5,32.0,0.5224056603773585,ALL
0,1877223866,23,187728,Absent,64,1,1,1,1,1,1,1,1,1,1,1,1,1,1,1,1,1,1,1,1,1,1,1,1,1,1,1,1,1,1,1,1,1,1,1,1,1,1,1,1,1,1,1,1,1,1,1,1,1,1,1,1,1,1,1,1,1,1,1,1,1,1,1,1,-20.0,52,Unicorn_Absent,-1,-1.0,1,Unicorn_Absent,59,30.0,64,0.5,64,0.026315789473684237,0.1875,ALL,0.0,0.0625,32.0,0.5,RS
0,1877223866,24,187728,Absent,4,0,0,0,0,0,0,0,0,1,0,0,0,0,0,0,0,0,0,0,0,0,0,0,0,0,0,0,0,0,0,0,1,0,0,0,0,0,0,0,0,0,0,0,0,0,1,0,0,0,0,0,0,1,0,0,0,0,0,0,0,0,0,0,0,30.0,2,Unicorn_Absent,-1,-1.0,0,Unicorn_Absent,89,14.0,4,0.0625,34,0.361228813559322,0.5,RS,-20.0,0.029411764705882353,52.0,0.026315789473684237,RS
0,1877223866,25,187728,Absent,31,0,1,0,1,1,0,1,1,0,1,1,1,1,1,1,0,0,0,0,0,0,1,0,0,0,1,0,0,0,0,0,0,0,1,0,0,1,0,0,1,1,1,1,1,1,1,0,1,0,1,0,0,0,0,1,1,1,1,0,1,0,1,1,0,14.0,18,Unicorn_Absent,-1,-1.0,0,Unicorn_Absent,103,16.0,31,0.029411764705882353,45,0.9705882352941176,0.421875,RS,30.0,0.3404255319148936,2.0,0.361228813559322,RIGHT
0,1877223866,26,187728,Absent,32,0,0,0,0,1,1,1,1,0,0,0,0,1,1,1,1,0,0,0,0,1,1,1,1,0,0,0,0,1,1,1,1,0,0,0,0,1,1,1,1,0,0,0,0,1,1,1,1,0,0,0,0,1,1,1,1,0,0,0,0,1,1,1,1,16.0,16,Unicorn_Absent,-1,-1.0,6,Unicorn_Absent,119,16.0,32,0.3404255319148936,48,0.6595744680851063,0.5,RIGHT,14.0,1.0,18.0,0.9705882352941176,RIGHT
0,1877223866,29,187728,Absent,32,0,0,0,0,1,1,1,1,0,0,0,0,1,1,1,1,0,0,0,0,1,1,1,1,0,0,0,0,1,1,1,1,0,0,0,0,1,1,1,1,0,0,0,0,1,1,1,1,0,0,0,0,1,1,1,1,0,0,0,0,1,1,1,1,16.0,16,Unicorn_Absent,-1,-1.0,6,Unicorn_Absent,183,16.0,32,1.0,48,0.0,0.5,RIGHT,16.0,1.0,16.0,0.0,RIGHT
0,1877223866,30,187728,Absent,32,0,0,0,0,1,1,1,1,0,0,0,0,1,1,1,1,0,0,0,0,1,1,1,1,0,0,0,0,1,1,1,1,0,0,0,0,1,1,1,1,0,0,0,0,1,1,1,1,0,0,0,0,1,1,1,1,0,0,0,0,1,1,1,1,16.0,16,Unicorn_Absent,-1,-1.0,6,Unicorn_Absent,199,16.0,32,1.0,48,0.0,0.5,RIGHT,16.0,1.0,16.0,0.0,RIGHT
0,1877223866,33,187728,Absent,32,0,0,0,0,1,1,1,1,0,0,0,0,1,1,1,1,0,0,0,0,1,1,1,1,0,0,0,0,1,1,1,1,0,0,0,0,1,1,1,1,0,0,0,0,1,1,1,1,0,0,0,0,1,1,1,1,0,0,0,0,1,1,1,1,16.0,16,Unicorn_Absent,-1,-1.0,6,Unicorn_Absent,252,16.0,32,1.0,48,0.0,0.5,RIGHT,16.0,1.0,16.0,0.0,RIGHT
0,1877223866,42,187728,Absent,32,0,0,0,0,1,1,1,1,0,0,0,0,1,1,1,1,0,0,0,0,1,1,1,1,0,0,0,0,1,1,1,1,0,0,0,0,1,1,1,1,0,0,0,0,1,1,1,1,0,0,0,0,1,1,1,1,0,0,0,0,1,1,1,1,26.0,6,Unicorn_Absent,-1,-1.0,6,Unicorn_Absent,294,16.0,32,0.0,36,0.1794871794871795,0.46875,RIGHT,32.0,1.0,0.0,0.36,RIGHT
0,1877223866,49,187728,Absent,64,1,1,1,1,1,1,1,1,1,1,1,1,1,1,1,1,1,1,1,1,1,1,1,1,1,1,1,1,1,1,1,1,1,1,1,1,1,1,1,1,1,1,1,1,1,1,1,1,1,1,1,1,1,1,1,1,1,1,1,1,1,1,1,1,-30.0,62,Unicorn_Absent,-1,-1.0,1,Unicorn_Absent,277,-32.0,64,1.0,64,0.6031746031746033,0.03125,ALL,6.0,1.0,26.0,0.7916666666666666,ALL
0,1877223866,59,187728,Absent,18,0,0,0,1,0,0,1,0,1,0,0,0,0,0,1,1,1,0,0,1,0,0,1,0,0,0,0,0,0,0,0,0,1,0,0,0,0,1,0,1,0,0,0,0,1,0,1,0,0,1,0,1,1,0,0,0,0,0,0,0,0,0,1,1,25.0,7,Unicorn_Absent,-1,-1.0,0,Unicorn_Absent,118,0.0,18,0.2786885245901639,43,0.7213114754098361,0.5625,RS,1.0,0.28125,31.0,0.4375,ALL
0,1877223866,1,238664,Absent,44,0,0,1,1,0,1,1,1,0,0,0,1,1,1,1,1,1,1,1,1,0,1,1,0,1,1,1,1,1,1,1,1,1,1,1,0,1,0,1,1,0,1,1,0,1,0,0,0,1,0,0,1,0,0,1,1,1,0,1,1,1,1,1,1,17.0,15,Unicorn_Absent,-1,-1.0,0,Unicorn_Absent,17,16.0,44,,52,,0.578125,RS,,0.46153846153846156,,,TOP
0,1877223866,2,238664,Absent,32,1,1,1,1,1,1,1,1,1,1,1,1,1,1,1,1,1,1,1,1,1,1,1,1,1,1,1,1,1,1,1,1,0,0,0,0,0,0,0,0,0,0,0,0,0,0,0,0,0,0,0,0,0,0,0,0,0,0,0,0,0,0,0,0,16.0,16,Unicorn_Absent,-1,-1.0,4,Unicorn_Absent,33,16.0,32,0.46153846153846156,48,0.15201465201465203,0.5,TOP,17.0,1.0,15.0,,TOP
0,1877223866,14,238664,Absent,32,0,0,0,0,0,0,0,0,0,0,0,0,0,0,0,0,0,0,0,0,0,0,0,0,0,0,0,0,0,0,0,0,1,1,1,1,1,1,1,1,1,1,1,1,1,1,1,1,1,1,1,1,1,1,1,1,1,1,1,1,1,1,1,1,16.0,16,Unicorn_Absent,-1,-1.0,3,Unicorn_Absent,113,16.0,32,0.0,48,0.0,0.5,BOTTOM,16.0,1.0,16.0,0.0,BOTTOM
0,1877223866,22,238664,Absent,32,1,1,1,1,0,0,0,0,1,1,1,1,0,0,0,0,1,1,1,1,0,0,0,0,1,1,1,1,0,0,0,0,1,1,1,1,0,0,0,0,1,1,1,1,0,0,0,0,1,1,1,1,0,0,0,0,1,1,1,1,0,0,0,0,0.0,32,Unicorn_Absent,-1,-1.0,5,Unicorn_Absent,79,-20.0,32,1.0,32,0.5,0.0,LEFT,0.0,0.47368421052631576,32.0,0.5224056603773585,RS
0,1877223866,23,238664,Absent,52,1,1,1,1,1,0,0,0,1,1,1,1,1,1,1,1,1,1,1,1,1,1,1,1,1,1,1,1,1,1,0,0,0,1,1,1,1,1,1,1,1,0,1,1,1,1,1,1,1,0,1,1,1,1,0,0,0,1,1,0,1,1,1,1,-20.0,52,Unicorn_Absent,-1,-1.0,0,Unicorn_Absent,59,30.0,52,0.47368421052631576,64,0.026315789473684237,0.1875,RS,0.0,0.423728813559322,32.0,0.5,BOTTOM
0,1877223866,24,238664,Absent,32,0,0,0,0,0,0,0,0,0,0,0,0,0,0,0,0,0,0,0,0,0,0,0,0,0,0,0,0,0,0,0,0,1,1,1,1,1,1,1,1,1,1,1,1,1,1,1,1,1,1,1,1,1,1,1,1,1,1,1,1,1,1,1,1,30.0,2,Unicorn_Absent,-1,-1.0,3,Unicorn_Absent,89,14.0,32,0.423728813559322,34,0.361228813559322,0.5,BOTTOM,-20.0,1.0,52.0,0.026315789473684237,BOTTOM
0,1877223866,25,238664,Absent,32,0,0,0,0,0,0,0,0,0,0,0,0,0,0,0,0,0,0,0,0,0,0,0,0,0,0,0,0,0,0,0,0,1,1,1,1,1,1,1,1,1,1,1,1,1,1,1,1,1,1,1,1,1,1,1,1,1,1,1,1,1,1,1,1,14.0,18,Unicorn_Absent,-1,-1.0,3,Unicorn_Absent,103,16.0,32,1.0,45,0.9705882352941176,0.421875,BOTTOM,30.0,1.0,2.0,0.361228813559322,BOTTOM
0,1877223866,26,238664,Absent,32,0,0,0,0,0,0,0,0,0,0,0,0,0,0,0,0,0,0,0,0,0,0,0,0,0,0,0,0,0,0,0,0,1,1,1,1,1,1,1,1,1,1,1,1,1,1,1,1,1,1,1,1,1,1,1,1,1,1,1,1,1,1,1,1,16.0,16,Unicorn_Absent,-1,-1.0,3,Unicorn_Absent,119,16.0,32,1.0,48,0.6595744680851063,0.5,BOTTOM,14.0,1.0,18.0,0.9705882352941176,BOTTOM
0,1877223866,29,238664,Absent,32,0,0,0,0,0,0,0,0,0,0,0,0,0,0,0,0,0,0,0,0,0,0,0,0,0,0,0,0,0,0,0,0,1,1,1,1,1,1,1,1,1,1,1,1,1,1,1,1,1,1,1,1,1,1,1,1,1,1,1,1,1,1,1,1,16.0,16,Unicorn_Absent,-1,-1.0,3,Unicorn_Absent,183,16.0,32,1.0,48,0.0,0.5,BOTTOM,16.0,1.0,16.0,0.0,BOTTOM
0,1877223866,30,238664,Absent,32,0,0,0,0,0,0,0,0,0,0,0,0,0,0,0,0,0,0,0,0,0,0,0,0,0,0,0,0,0,0,0,0,1,1,1,1,1,1,1,1,1,1,1,1,1,1,1,1,1,1,1,1,1,1,1,1,1,1,1,1,1,1,1,1,16.0,16,Unicorn_Absent,-1,-1.0,3,Unicorn_Absent,199,16.0,32,1.0,48,0.0,0.5,BOTTOM,16.0,1.0,16.0,0.0,BOTTOM
0,1877223866,33,238664,Absent,32,0,0,0,0,0,0,0,0,0,0,0,0,0,0,0,0,0,0,0,0,0,0,0,0,0,0,0,0,0,0,0,0,1,1,1,1,1,1,1,1,1,1,1,1,1,1,1,1,1,1,1,1,1,1,1,1,1,1,1,1,1,1,1,1,16.0,16,Unicorn_Absent,-1,-1.0,3,Unicorn_Absent,252,16.0,32,1.0,48,0.0,0.5,BOTTOM,16.0,1.0,16.0,0.0,BOTTOM
0,1877223866,42,238664,Absent,10,0,0,0,0,1,0,0,0,0,1,0,0,0,0,0,0,0,0,1,0,0,0,0,0,0,0,0,0,0,0,0,0,1,0,0,0,1,0,1,0,0,0,0,0,0,1,0,0,0,0,0,0,1,0,1,0,0,0,0,1,0,0,0,0,26.0,6,Unicorn_Absent,-1,-1.0,0,Unicorn_Absent,294,16.0,10,0.1794871794871795,36,0.1794871794871795,0.46875,RS,32.0,0.2,0.0,0.36,BOTTOM
0,1877223866,49,238664,Absent,62,1,1,1,1,1,1,1,1,1,0,1,1,1,1,1,1,1,1,1,1,1,1,1,1,1,1,1,1,1,1,1,1,1,1,1,1,1,1,1,0,1,1,1,1,1,1,1,1,1,1,1,1,1,1,1,1,1,1,1,1,1,1,1,1,-30.0,62,Unicorn_Absent,-1,-1.0,0,Unicorn_Absent,277,-32.0,62,0.3968253968253968,64,0.6031746031746033,0.03125,RS,6.0,0.96875,26.0,0.7916666666666666,ALL
0,1877223866,59,238664,Absent,32,1,1,1,1,0,0,0,0,1,1,1,1,0,0,0,0,1,1,1,1,0,0,0,0,1,1,1,1,0,0,0,0,1,1,1,1,0,0,0,0,1,1,1,1,0,0,0,0,1,1,1,1,0,0,0,0,1,1,1,1,0,0,0,0,25.0,7,Unicorn_Absent,-1,-1.0,5,Unicorn_Absent,118,0.0,32,1.0,43,0.7213114754098361,0.5625,LEFT,1.0,1.0,31.0,0.4375,LEFT
0,2164332940,4,216436,Absent,52,1,1,1,1,1,1,0,1,1,1,1,1,1,1,1,0,1,1,1,1,1,1,1,1,1,1,0,1,1,1,1,0,1,1,1,0,1,0,1,1,1,1,0,1,1,1,1,1,1,1,1,0,1,0,1,1,1,1,1,0,0,1,1,0,-20.0,52,Unicorn_Absent,-1,-1.0,0,Unicorn_Absent,33,13.0,52,0.038461538461538464,64,0.27403846153846156,0.1875,RS,32.0,0.423728813559322,0.0,,RIGHT
0,2164332940,5,216436,Absent,32,0,0,0,0,1,1,1,1,0,0,0,0,1,1,1,1,0,0,0,0,1,1,1,1,0,0,0,0,1,1,1,1,0,0,0,0,1,1,1,1,0,0,0,0,1,1,1,1,0,0,0,0,1,1,1,1,0,0,0,0,1,1,1,1,13.0,19,Unicorn_Absent,-1,-1.0,6,Unicorn_Absent,46,16.0,32,0.423728813559322,56,0.24814618644067798,0.578125,RIGHT,-20.0,1.0,52.0,0.27403846153846156,RIGHT
0,2164332940,6,216436,Absent,32,0,0,0,0,1,1,1,1,0,0,0,0,1,1,1,1,0,0,0,0,1,1,1,1,0,0,0,0,1,1,1,1,0,0,0,0,1,1,1,1,0,0,0,0,1,1,1,1,0,0,0,0,1,1,1,1,0,0,0,0,1,1,1,1,16.0,16,Unicorn_Absent,-1,-1.0,6,Unicorn_Absent,62,16.0,32,1.0,48,0.5849056603773585,0.5,RIGHT,13.0,1.0,19.0,0.24814618644067798,RIGHT
0,2164332940,7,216436,Absent,32,0,0,0,0,1,1,1,1,0,0,0,0,1,1,1,1,0,0,0,0,1,1,1,1,0,0,0,0,1,1,1,1,0,0,0,0,1,1,1,1,0,0,0,0,1,1,1,1,0,0,0,0,1,1,1,1,0,0,0,0,1,1,1,1,16.0,16,Unicorn_Absent,-1,-1.0,6,Unicorn_Absent,78,16.0,32,1.0,48,0.0,0.5,RIGHT,16.0,1.0,16.0,0.5849056603773585,RIGHT
0,2164332940,8,216436,Absent,32,0,0,0,0,1,1,1,1,0,0,0,0,1,1,1,1,0,0,0,0,1,1,1,1,0,0,0,0,1,1,1,1,0,0,0,0,1,1,1,1,0,0,0,0,1,1,1,1,0,0,0,0,1,1,1,1,0,0,0,0,1,1,1,1,16.0,16,Unicorn_Absent,-1,-1.0,6,Unicorn_Absent,94,16.0,32,1.0,48,0.0,0.5,RIGHT,16.0,1.0,16.0,0.0,RIGHT
0,2164332940,14,216436,Absent,32,0,0,0,0,1,1,1,1,0,0,0,0,1,1,1,1,0,0,0,0,1,1,1,1,0,0,0,0,1,1,1,1,0,0,0,0,1,1,1,1,0,0,0,0,1,1,1,1,0,0,0,0,1,1,1,1,0,0,0,0,1,1,1,1,16.0,16,Unicorn_Absent,-1,-1.0,6,Unicorn_Absent,234,16.0,32,1.0,48,0.0,0.5,RIGHT,16.0,1.0,16.0,0.0,RIGHT
0,2164332940,17,216436,Absent,32,0,0,0,0,1,1,1,1,0,0,0,0,1,1,1,1,0,0,0,0,1,1,1,1,0,0,0,0,1,1,1,1,0,0,0,0,1,1,1,1,0,0,0,0,1,1,1,1,0,0,0,0,1,1,1,1,0,0,0,0,1,1,1,1,16.0,16,Unicorn_Absent,-1,-1.0,6,Unicorn_Absent,290,16.0,32,1.0,48,0.0,0.5,RIGHT,16.0,1.0,16.0,0.0,RIGHT
0,2164332940,27,216436,Absent,0,0,0,0,0,0,0,0,0,0,0,0,0,0,0,0,0,0,0,0,0,0,0,0,0,0,0,0,0,0,0,0,0,0,0,0,0,0,0,0,0,0,0,0,0,0,0,0,0,0,0,0,0,0,0,0,0,0,0,0,0,0,0,0,0,32.0,0,Unicorn_Absent,-1,-1.0,2,Unicorn_Absent,380,32.0,0,1.0,64,0.0,1.0,NOTHING,32.0,1.0,0.0,0.5,NOTHING
0,2164332940,30,216436,Absent,0,0,0,0,0,0,0,0,0,0,0,0,0,0,0,0,0,0,0,0,0,0,0,0,0,0,0,0,0,0,0,0,0,0,0,0,0,0,0,0,0,0,0,0,0,0,0,0,0,0,0,0,0,0,0,0,0,0,0,0,0,0,0,0,0,32.0,0,Unicorn_Absent,-1,-1.0,2,Unicorn_Absent,476,32.0,0,1.0,64,0.0,1.0,NOTHING,32.0,1.0,0.0,0.0,NOTHING
0,2164332940,33,216436,Absent,0,0,0,0,0,0,0,0,0,0,0,0,0,0,0,0,0,0,0,0,0,0,0,0,0,0,0,0,0,0,0,0,0,0,0,0,0,0,0,0,0,0,0,0,0,0,0,0,0,0,0,0,0,0,0,0,0,0,0,0,0,0,0,0,0,32.0,0,Unicorn_Absent,-1,-1.0,2,Unicorn_Absent,572,32.0,0,1.0,64,0.0,1.0,NOTHING,32.0,1.0,0.0,0.0,NOTHING
0,2164332940,36,216436,Absent,0,0,0,0,0,0,0,0,0,0,0,0,0,0,0,0,0,0,0,0,0,0,0,0,0,0,0,0,0,0,0,0,0,0,0,0,0,0,0,0,0,0,0,0,0,0,0,0,0,0,0,0,0,0,0,0,0,0,0,0,0,0,0,0,0,32.0,0,Unicorn_Absent,-1,-1.0,2,Unicorn_Absent,668,32.0,0,1.0,64,0.0,1.0,NOTHING,32.0,1.0,0.0,0.0,NOTHING
0,2164332940,37,216436,Absent,0,0,0,0,0,0,0,0,0,0,0,0,0,0,0,0,0,0,0,0,0,0,0,0,0,0,0,0,0,0,0,0,0,0,0,0,0,0,0,0,0,0,0,0,0,0,0,0,0,0,0,0,0,0,0,0,0,0,0,0,0,0,0,0,0,32.0,0,Unicorn_Absent,-1,-1.0,2,Unicorn_Absent,700,32.0,0,1.0,64,0.0,1.0,NOTHING,32.0,1.0,0.0,0.0,NOTHING
0,2164332940,40,216436,Absent,0,0,0,0,0,0,0,0,0,0,0,0,0,0,0,0,0,0,0,0,0,0,0,0,0,0,0,0,0,0,0,0,0,0,0,0,0,0,0,0,0,0,0,0,0,0,0,0,0,0,0,0,0,0,0,0,0,0,0,0,0,0,0,0,0,32.0,0,Unicorn_Absent,-1,-1.0,2,Unicorn_Absent,796,32.0,0,1.0,64,0.0,1.0,NOTHING,32.0,1.0,0.0,0.0,NOTHING
0,2164332940,41,216436,Absent,0,0,0,0,0,0,0,0,0,0,0,0,0,0,0,0,0,0,0,0,0,0,0,0,0,0,0,0,0,0,0,0,0,0,0,0,0,0,0,0,0,0,0,0,0,0,0,0,0,0,0,0,0,0,0,0,0,0,0,0,0,0,0,0,0,32.0,0,Unicorn_Absent,-1,-1.0,2,Unicorn_Absent,828,32.0,0,1.0,64,0.0,1.0,NOTHING,32.0,1.0,0.0,0.0,NOTHING
0,2164332940,42,216436,Absent,0,0,0,0,0,0,0,0,0,0,0,0,0,0,0,0,0,0,0,0,0,0,0,0,0,0,0,0,0,0,0,0,0,0,0,0,0,0,0,0,0,0,0,0,0,0,0,0,0,0,0,0,0,0,0,0,0,0,0,0,0,0,0,0,0,32.0,0,Unicorn_Absent,-1,-1.0,2,Unicorn_Absent,860,32.0,0,1.0,64,0.0,1.0,NOTHING,32.0,1.0,0.0,0.0,NOTHING
0,2164332940,47,216436,Absent,64,1,1,1,1,1,1,1,1,1,1,1,1,1,1,1,1,1,1,1,1,1,1,1,1,1,1,1,1,1,1,1,1,1,1,1,1,1,1,1,1,1,1,1,1,1,1,1,1,1,1,1,1,1,1,1,1,1,1,1,1,1,1,1,1,4.0,28,Unicorn_Absent,-1,-1.0,1,Unicorn_Absent,950,18.0,64,0.65625,64,0.21875,0.5625,ALL,-10.0,0.21875,42.0,1.0,RS
0,2164332940,48,216436,Absent,14,0,0,1,0,0,0,1,0,0,0,0,0,1,0,0,1,0,1,0,0,1,0,1,0,0,0,0,1,0,0,0,0,0,1,0,1,0,0,0,0,0,0,1,1,0,1,0,1,0,0,0,0,0,0,0,0,0,0,0,0,0,0,0,0,18.0,14,Unicorn_Absent,-1,-1.0,0,Unicorn_Absent,968,32.0,14,0.21875,58,0.2388771186440678,0.6875,RS,4.0,0.05555555555555555,28.0,0.21875,RS
0,2164332940,49,216436,Absent,24,1,0,0,1,1,1,1,1,1,1,1,0,0,0,0,1,0,0,1,1,0,1,0,1,0,0,0,0,0,0,0,1,0,0,0,0,0,1,0,0,1,1,0,0,0,0,0,0,1,0,1,0,0,1,0,1,1,0,1,0,0,0,0,0,32.0,0,Unicorn_Absent,-1,-1.0,0,Unicorn_Absent,1000,32.0,24,0.05555555555555555,24,0.05555555555555555,0.375,RS,18.0,0.2692307692307692,14.0,0.2388771186440678,RS
0,2164332940,50,216436,Absent,42,1,1,0,1,0,1,0,0,1,1,0,1,1,1,1,1,1,0,0,0,1,1,0,0,1,1,1,0,0,0,0,1,1,1,1,0,1,1,1,1,1,0,0,1,1,0,1,1,0,1,1,1,1,1,0,1,1,1,0,0,1,1,1,1,32.0,0,Unicorn_Absent,-1,-1.0,0,Unicorn_Absent,1032,32.0,42,0.2692307692307692,42,0.7307692307692308,0.65625,RS,32.0,0.559322033898305,0.0,0.05555555555555555,RS
0,2164332940,51,216436,Absent,50,0,1,1,1,1,1,1,1,1,0,1,1,1,0,1,1,0,1,0,1,1,0,1,1,1,1,1,1,1,0,1,1,1,1,1,1,1,1,0,1,1,1,0,1,1,1,1,1,1,0,1,1,0,1,0,1,1,1,1,0,1,0,1,1,32.0,0,Unicorn_Absent,-1,-1.0,0,Unicorn_Absent,1064,32.0,50,0.559322033898305,50,0.44067796610169496,0.78125,RS,32.0,0.43859649122807015,0.0,0.7307692307692308,LEFT
0,2164332940,52,216436,Absent,32,1,1,1,1,0,0,0,0,1,1,1,1,0,0,0,0,1,1,1,1,0,0,0,0,1,1,1,1,0,0,0,0,1,1,1,1,0,0,0,0,1,1,1,1,0,0,0,0,1,1,1,1,0,0,0,0,1,1,1,1,0,0,0,0,32.0,0,Unicorn_Absent,-1,-1.0,5,Unicorn_Absent,1096,32.0,32,0.43859649122807015,32,0.5614035087719298,0.5,LEFT,32.0,1.0,0.0,0.44067796610169496,LEFT
0,2164332940,53,216436,Absent,32,1,1,1,1,0,0,0,0,1,1,1,1,0,0,0,0,1,1,1,1,0,0,0,0,1,1,1,1,0,0,0,0,1,1,1,1,0,0,0,0,1,1,1,1,0,0,0,0,1,1,1,1,0,0,0,0,1,1,1,1,0,0,0,0,32.0,0,Unicorn_Absent,-1,-1.0,5,Unicorn_Absent,1128,32.0,32,1.0,32,0.0,0.5,LEFT,32.0,1.0,0.0,0.5614035087719298,LEFT
0,2164332940,56,216436,Absent,0,0,0,0,0,0,0,0,0,0,0,0,0,0,0,0,0,0,0,0,0,0,0,0,0,0,0,0,0,0,0,0,0,0,0,0,0,0,0,0,0,0,0,0,0,0,0,0,0,0,0,0,0,0,0,0,0,0,0,0,0,0,0,0,0,32.0,0,Unicorn_Absent,-1,-1.0,2,Unicorn_Absent,1128,32.0,0,0.0,64,0.0,1.0,NOTHING,32.0,1.0,0.0,0.0,NOTHING
0,2164332940,4,329402,Absent,64,1,1,1,1,1,1,1,1,1,1,1,1,1,1,1,1,1,1,1,1,1,1,1,1,1,1,1,1,1,1,1,1,1,1,1,1,1,1,1,1,1,1,1,1,1,1,1,1,1,1,1,1,1,1,1,1,1,1,1,1,1,1,1,1,-20.0,52,Unicorn_Absent,-1,-1.0,1,Unicorn_Absent,33,13.0,64,0.3125,64,0.27403846153846156,0.1875,ALL,32.0,0.671875,0.0,,RS
0,2164332940,5,329402,Absent,43,1,0,1,0,1,1,1,0,1,0,1,1,1,1,0,1,1,1,1,1,0,0,1,1,0,0,1,1,1,1,0,1,1,0,1,1,0,1,1,0,1,1,1,1,0,0,0,1,1,1,0,1,0,0,1,1,1,0,1,1,0,1,1,1,13.0,19,Unicorn_Absent,-1,-1.0,0,Unicorn_Absent,46,16.0,43,0.671875,56,0.24814618644067798,0.578125,RS,-20.0,0.41509433962264153,52.0,0.27403846153846156,TOP
0,2164332940,6,329402,Absent,32,1,1,1,1,1,1,1,1,1,1,1,1,1,1,1,1,1,1,1,1,1,1,1,1,1,1,1,1,1,1,1,1,0,0,0,0,0,0,0,0,0,0,0,0,0,0,0,0,0,0,0,0,0,0,0,0,0,0,0,0,0,0,0,0,16.0,16,Unicorn_Absent,-1,-1.0,4,Unicorn_Absent,62,16.0,32,0.41509433962264153,48,0.5849056603773585,0.5,TOP,13.0,1.0,19.0,0.24814618644067798,TOP
0,2164332940,7,329402,Absent,32,1,1,1,1,1,1,1,1,1,1,1,1,1,1,1,1,1,1,1,1,1,1,1,1,1,1,1,1,1,1,1,1,0,0,0,0,0,0,0,0,0,0,0,0,0,0,0,0,0,0,0,0,0,0,0,0,0,0,0,0,0,0,0,0,16.0,16,Unicorn_Absent,-1,-1.0,4,Unicorn_Absent,78,16.0,32,1.0,48,0.0,0.5,TOP,16.0,1.0,16.0,0.5849056603773585,TOP
0,2164332940,8,329402,Absent,32,1,1,1,1,1,1,1,1,1,1,1,1,1,1,1,1,1,1,1,1,1,1,1,1,1,1,1,1,1,1,1,1,0,0,0,0,0,0,0,0,0,0,0,0,0,0,0,0,0,0,0,0,0,0,0,0,0,0,0,0,0,0,0,0,16.0,16,Unicorn_Absent,-1,-1.0,4,Unicorn_Absent,94,16.0,32,1.0,48,0.0,0.5,TOP,16.0,1.0,16.0,0.0,TOP
0,2164332940,14,329402,Absent,32,1,1,1,1,1,1,1,1,1,1,1,1,1,1,1,1,1,1,1,1,1,1,1,1,1,1,1,1,1,1,1,1,0,0,0,0,0,0,0,0,0,0,0,0,0,0,0,0,0,0,0,0,0,0,0,0,0,0,0,0,0,0,0,0,16.0,16,Unicorn_Absent,-1,-1.0,4,Unicorn_Absent,234,16.0,32,1.0,48,0.0,0.5,TOP,16.0,1.0,16.0,0.0,TOP
0,2164332940,17,329402,Absent,32,1,1,1,1,1,1,1,1,1,1,1,1,1,1,1,1,1,1,1,1,1,1,1,1,1,1,1,1,1,1,1,1,0,0,0,0,0,0,0,0,0,0,0,0,0,0,0,0,0,0,0,0,0,0,0,0,0,0,0,0,0,0,0,0,16.0,16,Unicorn_Absent,-1,-1.0,4,Unicorn_Absent,290,16.0,32,1.0,48,0.0,0.5,TOP,16.0,1.0,16.0,0.0,TOP
0,2164332940,27,329402,Absent,64,1,1,1,1,1,1,1,1,1,1,1,1,1,1,1,1,1,1,1,1,1,1,1,1,1,1,1,1,1,1,1,1,1,1,1,1,1,1,1,1,1,1,1,1,1,1,1,1,1,1,1,1,1,1,1,1,1,1,1,1,1,1,1,1,32.0,0,Unicorn_Absent,-1,-1.0,1,Unicorn_Absent,380,32.0,64,1.0,64,0.0,1.0,ALL,32.0,1.0,0.0,0.5,ALL
0,2164332940,30,329402,Absent,64,1,1,1,1,1,1,1,1,1,1,1,1,1,1,1,1,1,1,1,1,1,1,1,1,1,1,1,1,1,1,1,1,1,1,1,1,1,1,1,1,1,1,1,1,1,1,1,1,1,1,1,1,1,1,1,1,1,1,1,1,1,1,1,1,32.0,0,Unicorn_Absent,-1,-1.0,1,Unicorn_Absent,476,32.0,64,1.0,64,0.0,1.0,ALL,32.0,1.0,0.0,0.0,ALL
0,2164332940,33,329402,Absent,64,1,1,1,1,1,1,1,1,1,1,1,1,1,1,1,1,1,1,1,1,1,1,1,1,1,1,1,1,1,1,1,1,1,1,1,1,1,1,1,1,1,1,1,1,1,1,1,1,1,1,1,1,1,1,1,1,1,1,1,1,1,1,1,1,32.0,0,Unicorn_Absent,-1,-1.0,1,Unicorn_Absent,572,32.0,64,1.0,64,0.0,1.0,ALL,32.0,1.0,0.0,0.0,ALL
0,2164332940,36,329402,Absent,64,1,1,1,1,1,1,1,1,1,1,1,1,1,1,1,1,1,1,1,1,1,1,1,1,1,1,1,1,1,1,1,1,1,1,1,1,1,1,1,1,1,1,1,1,1,1,1,1,1,1,1,1,1,1,1,1,1,1,1,1,1,1,1,1,32.0,0,Unicorn_Absent,-1,-1.0,1,Unicorn_Absent,668,32.0,64,1.0,64,0.0,1.0,ALL,32.0,1.0,0.0,0.0,ALL
0,2164332940,37,329402,Absent,64,1,1,1,1,1,1,1,1,1,1,1,1,1,1,1,1,1,1,1,1,1,1,1,1,1,1,1,1,1,1,1,1,1,1,1,1,1,1,1,1,1,1,1,1,1,1,1,1,1,1,1,1,1,1,1,1,1,1,1,1,1,1,1,1,32.0,0,Unicorn_Absent,-1,-1.0,1,Unicorn_Absent,700,32.0,64,1.0,64,0.0,1.0,ALL,32.0,1.0,0.0,0.0,ALL
0,2164332940,40,329402,Absent,64,1,1,1,1,1,1,1,1,1,1,1,1,1,1,1,1,1,1,1,1,1,1,1,1,1,1,1,1,1,1,1,1,1,1,1,1,1,1,1,1,1,1,1,1,1,1,1,1,1,1,1,1,1,1,1,1,1,1,1,1,1,1,1,1,32.0,0,Unicorn_Absent,-1,-1.0,1,Unicorn_Absent,796,32.0,64,1.0,64,0.0,1.0,ALL,32.0,1.0,0.0,0.0,ALL
0,2164332940,41,329402,Absent,64,1,1,1,1,1,1,1,1,1,1,1,1,1,1,1,1,1,1,1,1,1,1,1,1,1,1,1,1,1,1,1,1,1,1,1,1,1,1,1,1,1,1,1,1,1,1,1,1,1,1,1,1,1,1,1,1,1,1,1,1,1,1,1,1,32.0,0,Unicorn_Absent,-1,-1.0,1,Unicorn_Absent,828,32.0,64,1.0,64,0.0,1.0,ALL,32.0,1.0,0.0,0.0,ALL
0,2164332940,42,329402,Absent,64,1,1,1,1,1,1,1,1,1,1,1,1,1,1,1,1,1,1,1,1,1,1,1,1,1,1,1,1,1,1,1,1,1,1,1,1,1,1,1,1,1,1,1,1,1,1,1,1,1,1,1,1,1,1,1,1,1,1,1,1,1,1,1,1,32.0,0,Unicorn_Absent,-1,-1.0,1,Unicorn_Absent,860,32.0,64,1.0,64,0.0,1.0,ALL,32.0,1.0,0.0,0.0,ALL
0,2164332940,47,329402,Absent,28,1,1,1,1,1,1,1,1,1,0,0,0,0,0,0,1,1,0,0,0,0,0,0,1,1,0,0,0,0,0,0,1,1,0,0,0,0,0,0,1,1,0,0,0,0,0,0,1,1,0,0,0,0,0,0,1,1,1,1,1,1,1,1,1,4.0,28,Unicorn_Absent,-1,-1.0,8,Unicorn_Absent,950,18.0,28,0.4375,64,0.21875,0.5625,OUT,-10.0,0.4576271186440678,42.0,1.0,RS
0,2164332940,48,329402,Absent,58,1,1,1,1,1,1,1,1,1,1,1,1,1,1,1,1,1,1,1,1,1,1,1,1,1,1,0,1,1,1,0,1,1,1,1,1,1,1,1,0,1,1,1,1,0,1,1,1,1,1,0,1,1,0,1,1,1,1,1,1,1,1,1,1,18.0,14,Unicorn_Absent,-1,-1.0,0,Unicorn_Absent,968,32.0,58,0.4576271186440678,58,0.2388771186440678,0.6875,RS,4.0,0.0,28.0,0.21875,NOTHING
0,2164332940,49,329402,Absent,0,0,0,0,0,0,0,0,0,0,0,0,0,0,0,0,0,0,0,0,0,0,0,0,0,0,0,0,0,0,0,0,0,0,0,0,0,0,0,0,0,0,0,0,0,0,0,0,0,0,0,0,0,0,0,0,0,0,0,0,0,0,0,0,0,32.0,0,Unicorn_Absent,-1,-1.0,2,Unicorn_Absent,1000,32.0,0,0.0,24,0.05555555555555555,0.375,NOTHING,18.0,1.0,14.0,0.2388771186440678,NOTHING
0,2164332940,50,329402,Absent,0,0,0,0,0,0,0,0,0,0,0,0,0,0,0,0,0,0,0,0,0,0,0,0,0,0,0,0,0,0,0,0,0,0,0,0,0,0,0,0,0,0,0,0,0,0,0,0,0,0,0,0,0,0,0,0,0,0,0,0,0,0,0,0,0,32.0,0,Unicorn_Absent,-1,-1.0,2,Unicorn_Absent,1032,32.0,0,1.0,42,0.7307692307692308,0.65625,NOTHING,32.0,1.0,0.0,0.05555555555555555,NOTHING
0,2164332940,51,329402,Absent,0,0,0,0,0,0,0,0,0,0,0,0,0,0,0,0,0,0,0,0,0,0,0,0,0,0,0,0,0,0,0,0,0,0,0,0,0,0,0,0,0,0,0,0,0,0,0,0,0,0,0,0,0,0,0,0,0,0,0,0,0,0,0,0,0,32.0,0,Unicorn_Absent,-1,-1.0,2,Unicorn_Absent,1064,32.0,0,1.0,50,0.44067796610169496,0.78125,NOTHING,32.0,1.0,0.0,0.7307692307692308,NOTHING
0,2164332940,52,329402,Absent,0,0,0,0,0,0,0,0,0,0,0,0,0,0,0,0,0,0,0,0,0,0,0,0,0,0,0,0,0,0,0,0,0,0,0,0,0,0,0,0,0,0,0,0,0,0,0,0,0,0,0,0,0,0,0,0,0,0,0,0,0,0,0,0,0,32.0,0,Unicorn_Absent,-1,-1.0,2,Unicorn_Absent,1096,32.0,0,1.0,32,0.5614035087719298,0.5,NOTHING,32.0,1.0,0.0,0.44067796610169496,NOTHING
0,2164332940,53,329402,Absent,0,0,0,0,0,0,0,0,0,0,0,0,0,0,0,0,0,0,0,0,0,0,0,0,0,0,0,0,0,0,0,0,0,0,0,0,0,0,0,0,0,0,0,0,0,0,0,0,0,0,0,0,0,0,0,0,0,0,0,0,0,0,0,0,0,32.0,0,Unicorn_Absent,-1,-1.0,2,Unicorn_Absent,1128,32.0,0,1.0,32,0.0,0.5,NOTHING,32.0,1.0,0.0,0.5614035087719298,NOTHING
0,2164332940,56,329402,Absent,64,1,1,1,1,1,1,1,1,1,1,1,1,1,1,1,1,1,1,1,1,1,1,1,1,1,1,1,1,1,1,1,1,1,1,1,1,1,1,1,1,1,1,1,1,1,1,1,1,1,1,1,1,1,1,1,1,1,1,1,1,1,1,1,1,32.0,0,Unicorn_Absent,-1,-1.0,1,Unicorn_Absent,1128,32.0,64,0.0,64,0.0,1.0,ALL,32.0,1.0,0.0,0.0,ALL
0,2247491225,10,91225,Absent,20,0,1,0,0,0,0,0,0,0,0,1,0,0,0,0,0,1,1,0,0,0,0,1,0,0,0,1,1,1,0,0,0,0,0,1,0,0,0,0,1,0,1,1,0,0,0,1,0,0,0,0,0,1,1,0,0,0,0,1,0,1,1,1,1,12.0,20,Unicorn_Absent,-1,-1.0,0,Unicorn_Absent,-128,4.0,20,0.041666666666666664,64,0.041666666666666664,0.6875,RS,32.0,0.23809523809523808,0.0,0.06666666666666667,RIGHT
0,2247491225,13,91225,Absent,32,0,0,0,0,0,0,0,0,0,0,0,0,0,0,0,0,0,0,0,0,0,0,0,0,0,0,0,0,0,0,0,0,1,1,1,1,1,1,1,1,1,1,1,1,1,1,1,1,1,1,1,1,1,1,1,1,1,1,1,1,1,1,1,1,32.0,0,Unicorn_Absent,-1,-1.0,3,Unicorn_Absent,-62,32.0,32,0.3333333333333333,32,0.3333333333333333,0.5,BOTTOM,4.0,1.0,28.0,0.5431547619047619,BOTTOM
0,2247491225,30,91225,Absent,25,0,0,1,0,0,1,1,1,0,0,1,1,1,0,0,0,0,0,0,1,1,1,0,0,1,0,1,0,0,0,0,0,1,0,1,0,1,1,0,1,0,0,0,1,0,1,1,1,1,0,1,0,0,0,0,1,0,0,0,0,1,0,0,0,7.0,25,Unicorn_Absent,-1,-1.0,0,Unicorn_Absent,32,0.0,25,0.4032258064516129,64,0.5967741935483871,0.609375,RS,-30.0,0.29545454545454547,62.0,0.5,BOTTOM
0,2247491225,31,91225,Absent,32,0,0,0,0,0,0,0,0,0,0,0,0,0,0,0,0,0,0,0,0,0,0,0,0,0,0,0,0,0,0,0,0,1,1,1,1,1,1,1,1,1,1,1,1,1,1,1,1,1,1,1,1,1,1,1,1,1,1,1,1,1,1,1,1,0.0,32,Unicorn_Absent,-1,-1.0,3,Unicorn_Absent,32,0.0,32,0.29545454545454547,64,0.7045454545454546,0.5,BOTTOM,7.0,0.5,25.0,0.5967741935483871,ALL
0,2247491225,32,91225,Absent,64,1,1,1,1,1,1,1,1,1,1,1,1,1,1,1,1,1,1,1,1,1,1,1,1,1,1,1,1,1,1,1,1,1,1,1,1,1,1,1,1,1,1,1,1,1,1,1,1,1,1,1,1,1,1,1,1,1,1,1,1,1,1,1,1,0.0,32,Unicorn_Absent,-1,-1.0,1,Unicorn_Absent,32,16.0,64,0.5,64,0.0,0.5,ALL,0.0,0.5,32.0,0.7045454545454546,LEFT
0,2247491225,37,91225,Absent,32,1,1,1,1,0,0,0,0,1,1,1,1,0,0,0,0,1,1,1,1,0,0,0,0,1,1,1,1,0,0,0,0,1,1,1,1,0,0,0,0,1,1,1,1,0,0,0,0,1,1,1,1,0,0,0,0,1,1,1,1,0,0,0,0,16.0,16,Unicorn_Absent,-1,-1.0,5,Unicorn_Absent,160,16.0,32,1.0,48,0.0,0.5,LEFT,16.0,1.0,16.0,0.16666666666666669,LEFT
0,2247491225,42,91225,Absent,29,0,0,0,1,1,1,0,0,0,0,0,0,0,1,0,1,1,1,0,1,0,0,0,0,1,0,1,1,1,0,0,0,0,0,0,1,1,0,0,1,1,1,1,1,1,1,0,1,0,0,0,0,1,1,1,0,0,1,1,0,0,0,1,1,18.0,14,Unicorn_Absent,-1,-1.0,0,Unicorn_Absent,50,23.0,29,0.2978723404255319,47,0.035460992907801414,0.515625,RS,16.0,0.28205128205128205,16.0,0.0,RS
0,2247491225,45,91225,Absent,28,1,1,1,1,1,1,1,1,1,0,0,0,0,0,0,1,1,0,0,0,0,0,0,1,1,0,0,0,0,0,0,1,1,0,0,0,0,0,0,1,1,0,0,0,0,0,0,1,1,0,0,0,0,0,0,1,1,1,1,1,1,1,1,1,18.0,14,Unicorn_Absent,-1,-1.0,8,Unicorn_Absent,123,18.0,28,0.32432432432432434,46,0.6756756756756757,0.5,OUT,23.0,1.0,9.0,0.717948717948718,OUT
0,2247491225,56,91225,Absent,32,0,0,0,0,0,0,0,0,0,0,0,0,0,0,0,0,0,0,0,0,0,0,0,0,0,0,0,0,0,0,0,0,1,1,1,1,1,1,1,1,1,1,1,1,1,1,1,1,1,1,1,1,1,1,1,1,1,1,1,1,1,1,1,1,32.0,0,Unicorn_Absent,-1,-1.0,3,Unicorn_Absent,313,32.0,32,1.0,32,1.0,0.5,BOTTOM,28.0,1.0,4.0,0.047204968944099424,BOTTOM
0,2247491225,57,91225,Absent,32,0,0,0,0,0,0,0,0,0,0,0,0,0,0,0,0,0,0,0,0,0,0,0,0,0,0,0,0,0,0,0,0,1,1,1,1,1,1,1,1,1,1,1,1,1,1,1,1,1,1,1,1,1,1,1,1,1,1,1,1,1,1,1,1,32.0,0,Unicorn_Absent,-1,-1.0,3,Unicorn_Absent,345,32.0,32,1.0,32,0.0,0.5,BOTTOM,32.0,1.0,0.0,1.0,BOTTOM
0,2247491225,58,91225,Absent,32,0,0,0,0,0,0,0,0,0,0,0,0,0,0,0,0,0,0,0,0,0,0,0,0,0,0,0,0,0,0,0,0,1,1,1,1,1,1,1,1,1,1,1,1,1,1,1,1,1,1,1,1,1,1,1,1,1,1,1,1,1,1,1,1,32.0,0,Unicorn_Absent,-1,-1.0,3,Unicorn_Absent,377,32.0,32,1.0,64,1.0,1.0,BOTTOM,32.0,1.0,0.0,0.0,BOTTOM
0,2247491225,59,91225,Absent,32,0,0,0,0,0,0,0,0,0,0,0,0,0,0,0,0,0,0,0,0,0,0,0,0,0,0,0,0,0,0,0,0,1,1,1,1,1,1,1,1,1,1,1,1,1,1,1,1,1,1,1,1,1,1,1,1,1,1,1,1,1,1,1,1,32.0,0,Unicorn_Absent,-1,-1.0,3,Unicorn_Absent,409,32.0,32,1.0,64,0.0,1.0,BOTTOM,32.0,1.0,0.0,1.0,BOTTOM
0,2247491225,10,224742,Absent,64,1,1,1,1,1,1,1,1,1,1,1,1,1,1,1,1,1,1,1,1,1,1,1,1,1,1,1,1,1,1,1,1,1,1,1,1,1,1,1,1,1,1,1,1,1,1,1,1,1,1,1,1,1,1,1,1,1,1,1,1,1,1,1,1,12.0,20,Unicorn_Absent,-1,-1.0,1,Unicorn_Absent,-128,4.0,64,0.0,64,0.041666666666666664,0.6875,ALL,32.0,0.78125,0.0,0.06666666666666667,RS
0,2247491225,13,224742,Absent,0,0,0,0,0,0,0,0,0,0,0,0,0,0,0,0,0,0,0,0,0,0,0,0,0,0,0,0,0,0,0,0,0,0,0,0,0,0,0,0,0,0,0,0,0,0,0,0,0,0,0,0,0,0,0,0,0,0,0,0,0,0,0,0,0,32.0,0,Unicorn_Absent,-1,-1.0,2,Unicorn_Absent,-62,32.0,0,0.0,32,0.3333333333333333,0.5,NOTHING,4.0,1.0,28.0,0.5431547619047619,NOTHING
0,2247491225,30,224742,Absent,64,1,1,1,1,1,1,1,1,1,1,1,1,1,1,1,1,1,1,1,1,1,1,1,1,1,1,1,1,1,1,1,1,1,1,1,1,1,1,1,1,1,1,1,1,1,1,1,1,1,1,1,1,1,1,1,1,1,1,1,1,1,1,1,1,7.0,25,Unicorn_Absent,-1,-1.0,1,Unicorn_Absent,32,0.0,64,1.0,64,0.5967741935483871,0.609375,ALL,-30.0,1.0,62.0,0.5,ALL
0,2247491225,31,224742,Absent,64,1,1,1,1,1,1,1,1,1,1,1,1,1,1,1,1,1,1,1,1,1,1,1,1,1,1,1,1,1,1,1,1,1,1,1,1,1,1,1,1,1,1,1,1,1,1,1,1,1,1,1,1,1,1,1,1,1,1,1,1,1,1,1,1,0.0,32,Unicorn_Absent,-1,-1.0,1,Unicorn_Absent,32,0.0,64,1.0,64,0.7045454545454546,0.5,ALL,7.0,0.5,25.0,0.5967741935483871,LEFT
0,2247491225,32,224742,Absent,32,1,1,1,1,0,0,0,0,1,1,1,1,0,0,0,0,1,1,1,1,0,0,0,0,1,1,1,1,0,0,0,0,1,1,1,1,0,0,0,0,1,1,1,1,0,0,0,0,1,1,1,1,0,0,0,0,1,1,1,1,0,0,0,0,0.0,32,Unicorn_Absent,-1,-1.0,5,Unicorn_Absent,32,16.0,32,0.5,64,0.0,0.5,LEFT,0.0,0.3333333333333333,32.0,0.7045454545454546,BOTTOM
0,2247491225,37,224742,Absent,32,0,0,0,0,0,0,0,0,0,0,0,0,0,0,0,0,0,0,0,0,0,0,0,0,0,0,0,0,0,0,0,0,1,1,1,1,1,1,1,1,1,1,1,1,1,1,1,1,1,1,1,1,1,1,1,1,1,1,1,1,1,1,1,1,16.0,16,Unicorn_Absent,-1,-1.0,3,Unicorn_Absent,160,16.0,32,1.0,48,0.0,0.5,BOTTOM,16.0,1.0,16.0,0.16666666666666669,BOTTOM
0,2247491225,42,224742,Absent,32,1,1,1,1,0,0,0,0,1,1,1,1,0,0,0,0,1,1,1,1,0,0,0,0,1,1,1,1,0,0,0,0,1,1,1,1,0,0,0,0,1,1,1,1,0,0,0,0,1,1,1,1,0,0,0,0,1,1,1,1,0,0,0,0,18.0,14,Unicorn_Absent,-1,-1.0,5,Unicorn_Absent,50,23.0,32,0.3333333333333333,47,0.035460992907801414,0.515625,LEFT,16.0,1.0,16.0,0.0,LEFT
0,2247491225,45,224742,Absent,32,1,1,1,1,0,0,0,0,1,1,1,1,0,0,0,0,1,1,1,1,0,0,0,0,1,1,1,1,0,0,0,0,1,1,1,1,0,0,0,0,1,1,1,1,0,0,0,0,1,1,1,1,0,0,0,0,1,1,1,1,0,0,0,0,18.0,14,Unicorn_Absent,-1,-1.0,5,Unicorn_Absent,123,18.0,32,1.0,46,0.6756756756756757,0.5,LEFT,23.0,1.0,9.0,0.717948717948718,LEFT
0,2247491225,56,224742,Absent,0,0,0,0,0,0,0,0,0,0,0,0,0,0,0,0,0,0,0,0,0,0,0,0,0,0,0,0,0,0,0,0,0,0,0,0,0,0,0,0,0,0,0,0,0,0,0,0,0,0,0,0,0,0,0,0,0,0,0,0,0,0,0,0,0,32.0,0,Unicorn_Absent,-1,-1.0,2,Unicorn_Absent,313,32.0,0,0.0,32,1.0,0.5,NOTHING,28.0,1.0,4.0,0.047204968944099424,NOTHING
0,2247491225,57,224742,Absent,0,0,0,0,0,0,0,0,0,0,0,0,0,0,0,0,0,0,0,0,0,0,0,0,0,0,0,0,0,0,0,0,0,0,0,0,0,0,0,0,0,0,0,0,0,0,0,0,0,0,0,0,0,0,0,0,0,0,0,0,0,0,0,0,0,32.0,0,Unicorn_Absent,-1,-1.0,2,Unicorn_Absent,345,32.0,0,1.0,32,0.0,0.5,NOTHING,32.0,0.0,0.0,1.0,TOP
0,2247491225,58,224742,Absent,32,1,1,1,1,1,1,1,1,1,1,1,1,1,1,1,1,1,1,1,1,1,1,1,1,1,1,1,1,1,1,1,1,0,0,0,0,0,0,0,0,0,0,0,0,0,0,0,0,0,0,0,0,0,0,0,0,0,0,0,0,0,0,0,0,32.0,0,Unicorn_Absent,-1,-1.0,4,Unicorn_Absent,377,32.0,32,0.0,64,1.0,1.0,TOP,32.0,1.0,0.0,0.0,TOP
0,2247491225,59,224742,Absent,32,1,1,1,1,1,1,1,1,1,1,1,1,1,1,1,1,1,1,1,1,1,1,1,1,1,1,1,1,1,1,1,1,0,0,0,0,0,0,0,0,0,0,0,0,0,0,0,0,0,0,0,0,0,0,0,0,0,0,0,0,0,0,0,0,32.0,0,Unicorn_Absent,-1,-1.0,4,Unicorn_Absent,409,32.0,32,1.0,64,0.0,1.0,TOP,32.0,1.0,0.0,1.0,TOP
0,2371732355,3,237174,Absent,17,0,1,0,1,0,1,0,0,0,0,0,0,0,0,0,0,1,0,0,1,1,0,1,1,0,1,0,0,0,0,1,0,0,0,0,0,0,0,1,1,0,0,0,0,0,0,0,1,1,0,0,0,0,0,0,1,0,0,0,0,1,0,0,1,24.0,8,Unicorn_Absent,-1,-1.0,0,Unicorn_Absent,85,6.0,17,,53,,0.703125,RS,,0.22,,,RS
0,2371732355,4,237174,Absent,44,1,1,1,1,1,1,0,1,1,1,1,1,0,1,1,1,1,1,1,0,0,1,1,0,1,1,1,1,1,1,1,0,1,0,0,1,1,1,0,1,0,1,1,0,0,1,1,0,1,0,1,1,0,1,1,1,0,0,1,1,0,0,0,1,6.0,26,Unicorn_Absent,-1,-1.0,0,Unicorn_Absent,91,32.0,44,0.22,50,0.16181818181818183,0.375,RS,24.0,0.3103448275862069,8.0,,BOTTOM
0,2371732355,9,237174,Absent,32,0,0,0,0,0,0,0,0,0,0,0,0,0,0,0,0,0,0,0,0,0,0,0,0,0,0,0,0,0,0,0,0,1,1,1,1,1,1,1,1,1,1,1,1,1,1,1,1,1,1,1,1,1,1,1,1,1,1,1,1,1,1,1,1,32.0,0,Unicorn_Absent,-1,-1.0,3,Unicorn_Absent,251,32.0,32,1.0,64,0.0,1.0,BOTTOM,32.0,1.0,0.0,0.6896551724137931,BOTTOM
0,2371732355,14,237174,Absent,32,0,0,0,0,0,0,0,0,0,0,0,0,0,0,0,0,0,0,0,0,0,0,0,0,0,0,0,0,0,0,0,0,1,1,1,1,1,1,1,1,1,1,1,1,1,1,1,1,1,1,1,1,1,1,1,1,1,1,1,1,1,1,1,1,32.0,0,Unicorn_Absent,-1,-1.0,3,Unicorn_Absent,411,32.0,32,1.0,64,0.0,1.0,BOTTOM,32.0,1.0,0.0,0.0,BOTTOM
0,2371732355,24,237174,Absent,32,0,0,0,0,0,0,0,0,0,0,0,0,0,0,0,0,0,0,0,0,0,0,0,0,0,0,0,0,0,0,0,0,1,1,1,1,1,1,1,1,1,1,1,1,1,1,1,1,1,1,1,1,1,1,1,1,1,1,1,1,1,1,1,1,32.0,0,Unicorn_Absent,-1,-1.0,3,Unicorn_Absent,731,32.0,32,1.0,64,0.0,1.0,BOTTOM,32.0,1.0,0.0,0.0,BOTTOM
0,2371732355,25,237174,Absent,32,0,0,0,0,0,0,0,0,0,0,0,0,0,0,0,0,0,0,0,0,0,0,0,0,0,0,0,0,0,0,0,0,1,1,1,1,1,1,1,1,1,1,1,1,1,1,1,1,1,1,1,1,1,1,1,1,1,1,1,1,1,1,1,1,32.0,0,Unicorn_Absent,-1,-1.0,3,Unicorn_Absent,763,32.0,32,1.0,64,0.0,1.0,BOTTOM,32.0,1.0,0.0,0.0,BOTTOM
0,2371732355,28,237174,Absent,32,0,0,0,0,0,0,0,0,0,0,0,0,0,0,0,0,0,0,0,0,0,0,0,0,0,0,0,0,0,0,0,0,1,1,1,1,1,1,1,1,1,1,1,1,1,1,1,1,1,1,1,1,1,1,1,1,1,1,1,1,1,1,1,1,32.0,0,Unicorn_Absent,-1,-1.0,3,Unicorn_Absent,859,32.0,32,1.0,64,0.0,1.0,BOTTOM,32.0,1.0,0.0,0.0,BOTTOM
0,2371732355,31,237174,Absent,32,0,0,0,0,0,0,0,0,0,0,0,0,0,0,0,0,0,0,0,0,0,0,0,0,0,0,0,0,0,0,0,0,1,1,1,1,1,1,1,1,1,1,1,1,1,1,1,1,1,1,1,1,1,1,1,1,1,1,1,1,1,1,1,1,32.0,0,Unicorn_Absent,-1,-1.0,3,Unicorn_Absent,955,32.0,32,1.0,64,0.0,1.0,BOTTOM,32.0,1.0,0.0,0.0,BOTTOM
0,2371732355,32,237174,Absent,32,0,0,0,0,0,0,0,0,0,0,0,0,0,0,0,0,0,0,0,0,0,0,0,0,0,0,0,0,0,0,0,0,1,1,1,1,1,1,1,1,1,1,1,1,1,1,1,1,1,1,1,1,1,1,1,1,1,1,1,1,1,1,1,1,32.0,0,Unicorn_Absent,-1,-1.0,3,Unicorn_Absent,987,32.0,32,1.0,64,0.0,1.0,BOTTOM,32.0,1.0,0.0,0.0,BOTTOM
0,2371732355,33,237174,Absent,32,0,0,0,0,0,0,0,0,0,0,0,0,0,0,0,0,0,0,0,0,0,0,0,0,0,0,0,0,0,0,0,0,1,1,1,1,1,1,1,1,1,1,1,1,1,1,1,1,1,1,1,1,1,1,1,1,1,1,1,1,1,1,1,1,32.0,0,Unicorn_Absent,-1,-1.0,3,Unicorn_Absent,1019,18.0,32,1.0,64,0.0,1.0,BOTTOM,32.0,0.30434782608695654,0.0,0.0,OUT
0,2371732355,34,237174,Absent,28,1,1,1,1,1,1,1,1,1,0,0,0,0,0,0,1,1,0,0,0,0,0,0,1,1,0,0,0,0,0,0,1,1,0,0,0,0,0,0,1,1,0,0,0,0,0,0,1,1,0,0,0,0,0,0,1,1,1,1,1,1,1,1,1,18.0,14,Unicorn_Absent,-1,-1.0,8,Unicorn_Absent,1037,18.0,28,0.30434782608695654,46,0.6956521739130435,0.5,OUT,32.0,1.0,0.0,0.0,OUT
0,2371732355,43,237174,Absent,28,1,1,1,1,1,1,1,1,1,0,0,0,0,0,0,1,1,0,0,0,0,0,0,1,1,0,0,0,0,0,0,1,1,0,0,0,0,0,0,1,1,0,0,0,0,0,0,1,1,0,0,0,0,0,0,1,1,1,1,1,1,1,1,1,18.0,14,Unicorn_Absent,-1,-1.0,8,Unicorn_Absent,1241,18.0,28,1.0,46,0.0,0.5,OUT,18.0,1.0,14.0,0.0,OUT
0,2371732355,44,237174,Absent,28,1,1,1,1,1,1,1,1,1,0,0,0,0,0,0,1,1,0,0,0,0,0,0,1,1,0,0,0,0,0,0,1,1,0,0,0,0,0,0,1,1,0,0,0,0,0,0,1,1,0,0,0,0,0,0,1,1,1,1,1,1,1,1,1,18.0,14,Unicorn_Absent,-1,-1.0,8,Unicorn_Absent,1259,18.0,28,1.0,46,0.0,0.5,OUT,18.0,1.0,14.0,0.0,OUT
0,2371732355,45,237174,Absent,28,1,1,1,1,1,1,1,1,1,0,0,0,0,0,0,1,1,0,0,0,0,0,0,1,1,0,0,0,0,0,0,1,1,0,0,0,0,0,0,1,1,0,0,0,0,0,0,1,1,0,0,0,0,0,0,1,1,1,1,1,1,1,1,1,18.0,14,Unicorn_Absent,-1,-1.0,8,Unicorn_Absent,1277,18.0,28,1.0,46,0.0,0.5,OUT,18.0,1.0,14.0,0.0,OUT
0,2371732355,46,237174,Absent,28,1,1,1,1,1,1,1,1,1,0,0,0,0,0,0,1,1,0,0,0,0,0,0,1,1,0,0,0,0,0,0,1,1,0,0,0,0,0,0,1,1,0,0,0,0,0,0,1,1,0,0,0,0,0,0,1,1,1,1,1,1,1,1,1,18.0,14,Unicorn_Absent,-1,-1.0,8,Unicorn_Absent,1295,18.0,28,1.0,46,0.0,0.5,OUT,18.0,1.0,14.0,0.0,OUT
0,2371732355,50,237174,Absent,14,0,0,1,0,1,1,0,1,0,0,0,0,0,0,0,0,0,0,0,0,0,1,0,1,1,0,0,0,1,0,0,0,1,0,0,0,0,0,0,0,0,0,1,0,0,1,0,0,0,0,0,0,0,0,0,1,0,0,0,1,0,0,1,0,32.0,0,Unicorn_Absent,-1,-1.0,0,Unicorn_Absent,1298,32.0,14,0.3125,18,0.2839285714285714,0.28125,RS,18.0,0.21052631578947367,14.0,0.0,TOP
0,2371732355,54,237174,Absent,32,1,1,1,1,1,1,1,1,1,1,1,1,1,1,1,1,1,1,1,1,1,1,1,1,1,1,1,1,1,1,1,1,0,0,0,0,0,0,0,0,0,0,0,0,0,0,0,0,0,0,0,0,0,0,0,0,0,0,0,0,0,0,0,0,32.0,0,Unicorn_Absent,-1,-1.0,4,Unicorn_Absent,1426,32.0,32,1.0,64,0.0,1.0,TOP,32.0,1.0,0.0,0.11961722488038276,TOP
0,2371732355,3,323558,Absent,44,0,1,1,1,1,0,1,0,0,1,1,1,0,1,1,1,1,1,1,0,0,1,0,0,1,1,0,1,1,1,0,1,1,0,1,0,1,0,1,1,1,1,1,1,0,1,1,1,0,1,1,1,1,0,1,1,1,1,1,0,0,1,1,0,24.0,8,Unicorn_Absent,-1,-1.0,0,Unicorn_Absent,85,6.0,44,,53,,0.703125,RS,,0.38181818181818183,,,TOP
0,2371732355,4,323558,Absent,32,1,1,1,1,1,1,1,1,1,1,1,1,1,1,1,1,1,1,1,1,1,1,1,1,1,1,1,1,1,1,1,1,0,0,0,0,0,0,0,0,0,0,0,0,0,0,0,0,0,0,0,0,0,0,0,0,0,0,0,0,0,0,0,0,6.0,26,Unicorn_Absent,-1,-1.0,4,Unicorn_Absent,91,32.0,32,0.38181818181818183,50,0.16181818181818183,0.375,TOP,24.0,1.0,8.0,,TOP
0,2371732355,9,323558,Absent,32,1,1,1,1,1,1,1,1,1,1,1,1,1,1,1,1,1,1,1,1,1,1,1,1,1,1,1,1,1,1,1,1,0,0,0,0,0,0,0,0,0,0,0,0,0,0,0,0,0,0,0,0,0,0,0,0,0,0,0,0,0,0,0,0,32.0,0,Unicorn_Absent,-1,-1.0,4,Unicorn_Absent,251,32.0,32,1.0,64,0.0,1.0,TOP,32.0,1.0,0.0,0.6896551724137931,TOP
0,2371732355,14,323558,Absent,32,1,1,1,1,1,1,1,1,1,1,1,1,1,1,1,1,1,1,1,1,1,1,1,1,1,1,1,1,1,1,1,1,0,0,0,0,0,0,0,0,0,0,0,0,0,0,0,0,0,0,0,0,0,0,0,0,0,0,0,0,0,0,0,0,32.0,0,Unicorn_Absent,-1,-1.0,4,Unicorn_Absent,411,32.0,32,1.0,64,0.0,1.0,TOP,32.0,1.0,0.0,0.0,TOP
0,2371732355,24,323558,Absent,32,1,1,1,1,1,1,1,1,1,1,1,1,1,1,1,1,1,1,1,1,1,1,1,1,1,1,1,1,1,1,1,1,0,0,0,0,0,0,0,0,0,0,0,0,0,0,0,0,0,0,0,0,0,0,0,0,0,0,0,0,0,0,0,0,32.0,0,Unicorn_Absent,-1,-1.0,4,Unicorn_Absent,731,32.0,32,1.0,64,0.0,1.0,TOP,32.0,1.0,0.0,0.0,TOP
0,2371732355,25,323558,Absent,32,1,1,1,1,1,1,1,1,1,1,1,1,1,1,1,1,1,1,1,1,1,1,1,1,1,1,1,1,1,1,1,1,0,0,0,0,0,0,0,0,0,0,0,0,0,0,0,0,0,0,0,0,0,0,0,0,0,0,0,0,0,0,0,0,32.0,0,Unicorn_Absent,-1,-1.0,4,Unicorn_Absent,763,32.0,32,1.0,64,0.0,1.0,TOP,32.0,1.0,0.0,0.0,TOP
0,2371732355,28,323558,Absent,32,1,1,1,1,1,1,1,1,1,1,1,1,1,1,1,1,1,1,1,1,1,1,1,1,1,1,1,1,1,1,1,1,0,0,0,0,0,0,0,0,0,0,0,0,0,0,0,0,0,0,0,0,0,0,0,0,0,0,0,0,0,0,0,0,32.0,0,Unicorn_Absent,-1,-1.0,4,Unicorn_Absent,859,32.0,32,1.0,64,0.0,1.0,TOP,32.0,1.0,0.0,0.0,TOP
0,2371732355,31,323558,Absent,32,1,1,1,1,1,1,1,1,1,1,1,1,1,1,1,1,1,1,1,1,1,1,1,1,1,1,1,1,1,1,1,1,0,0,0,0,0,0,0,0,0,0,0,0,0,0,0,0,0,0,0,0,0,0,0,0,0,0,0,0,0,0,0,0,32.0,0,Unicorn_Absent,-1,-1.0,4,Unicorn_Absent,955,32.0,32,1.0,64,0.0,1.0,TOP,32.0,1.0,0.0,0.0,TOP
0,2371732355,32,323558,Absent,32,1,1,1,1,1,1,1,1,1,1,1,1,1,1,1,1,1,1,1,1,1,1,1,1,1,1,1,1,1,1,1,1,0,0,0,0,0,0,0,0,0,0,0,0,0,0,0,0,0,0,0,0,0,0,0,0,0,0,0,0,0,0,0,0,32.0,0,Unicorn_Absent,-1,-1.0,4,Unicorn_Absent,987,32.0,32,1.0,64,0.0,1.0,TOP,32.0,1.0,0.0,0.0,TOP
0,2371732355,33,323558,Absent,32,1,1,1,1,1,1,1,1,1,1,1,1,1,1,1,1,1,1,1,1,1,1,1,1,1,1,1,1,1,1,1,1,0,0,0,0,0,0,0,0,0,0,0,0,0,0,0,0,0,0,0,0,0,0,0,0,0,0,0,0,0,0,0,0,32.0,0,Unicorn_Absent,-1,-1.0,4,Unicorn_Absent,1019,18.0,32,1.0,64,0.0,1.0,TOP,32.0,1.0,0.0,0.0,TOP
0,2371732355,34,323558,Absent,32,1,1,1,1,1,1,1,1,1,1,1,1,1,1,1,1,1,1,1,1,1,1,1,1,1,1,1,1,1,1,1,1,0,0,0,0,0,0,0,0,0,0,0,0,0,0,0,0,0,0,0,0,0,0,0,0,0,0,0,0,0,0,0,0,18.0,14,Unicorn_Absent,-1,-1.0,4,Unicorn_Absent,1037,18.0,32,1.0,46,0.6956521739130435,0.5,TOP,32.0,1.0,0.0,0.0,TOP
0,2371732355,43,323558,Absent,32,1,1,1,1,1,1,1,1,1,1,1,1,1,1,1,1,1,1,1,1,1,1,1,1,1,1,1,1,1,1,1,1,0,0,0,0,0,0,0,0,0,0,0,0,0,0,0,0,0,0,0,0,0,0,0,0,0,0,0,0,0,0,0,0,18.0,14,Unicorn_Absent,-1,-1.0,4,Unicorn_Absent,1241,18.0,32,1.0,46,0.0,0.5,TOP,18.0,1.0,14.0,0.0,TOP
0,2371732355,44,323558,Absent,32,1,1,1,1,1,1,1,1,1,1,1,1,1,1,1,1,1,1,1,1,1,1,1,1,1,1,1,1,1,1,1,1,0,0,0,0,0,0,0,0,0,0,0,0,0,0,0,0,0,0,0,0,0,0,0,0,0,0,0,0,0,0,0,0,18.0,14,Unicorn_Absent,-1,-1.0,4,Unicorn_Absent,1259,18.0,32,1.0,46,0.0,0.5,TOP,18.0,1.0,14.0,0.0,TOP
0,2371732355,45,323558,Absent,32,1,1,1,1,1,1,1,1,1,1,1,1,1,1,1,1,1,1,1,1,1,1,1,1,1,1,1,1,1,1,1,1,0,0,0,0,0,0,0,0,0,0,0,0,0,0,0,0,0,0,0,0,0,0,0,0,0,0,0,0,0,0,0,0,18.0,14,Unicorn_Absent,-1,-1.0,4,Unicorn_Absent,1277,18.0,32,1.0,46,0.0,0.5,TOP,18.0,1.0,14.0,0.0,TOP
0,2371732355,46,323558,Absent,32,1,1,1,1,1,1,1,1,1,1,1,1,1,1,1,1,1,1,1,1,1,1,1,1,1,1,1,1,1,1,1,1,0,0,0,0,0,0,0,0,0,0,0,0,0,0,0,0,0,0,0,0,0,0,0,0,0,0,0,0,0,0,0,0,18.0,14,Unicorn_Absent,-1,-1.0,4,Unicorn_Absent,1295,18.0,32,1.0,46,0.0,0.5,TOP,18.0,1.0,14.0,0.0,TOP
0,2371732355,50,323558,Absent,4,0,0,0,0,0,0,0,0,0,0,0,0,0,0,0,0,0,1,0,0,0,0,0,0,0,0,0,0,0,0,0,0,0,0,1,0,0,0,0,0,0,0,0,0,0,0,0,0,0,0,1,0,1,0,0,0,0,0,0,0,0,0,0,0,32.0,0,Unicorn_Absent,-1,-1.0,0,Unicorn_Absent,1298,32.0,4,0.02857142857142857,18,0.2839285714285714,0.28125,RS,18.0,0.09090909090909091,14.0,0.0,BOTTOM
0,2371732355,54,323558,Absent,32,0,0,0,0,0,0,0,0,0,0,0,0,0,0,0,0,0,0,0,0,0,0,0,0,0,0,0,0,0,0,0,0,1,1,1,1,1,1,1,1,1,1,1,1,1,1,1,1,1,1,1,1,1,1,1,1,1,1,1,1,1,1,1,1,32.0,0,Unicorn_Absent,-1,-1.0,3,Unicorn_Absent,1426,32.0,32,1.0,64,0.0,1.0,BOTTOM,32.0,1.0,0.0,0.11961722488038276,BOTTOM
0,2630939836,4,263092,Absent,28,1,1,1,1,1,1,1,1,1,0,0,0,0,0,0,1,1,0,0,0,0,0,0,1,1,0,0,0,0,0,0,1,1,0,0,0,0,0,0,1,1,0,0,0,0,0,0,1,1,0,0,0,0,0,0,1,1,1,1,1,1,1,1,1,6.0,26,Unicorn_Absent,-1,-1.0,8,Unicorn_Absent,5,7.0,28,0.14634146341463414,57,0.053658536585365874,0.484375,OUT,31.0,1.0,1.0,,OUT
0,2630939836,5,263092,Absent,28,1,1,1,1,1,1,1,1,1,0,0,0,0,0,0,1,1,0,0,0,0,0,0,1,1,0,0,0,0,0,0,1,1,0,0,0,0,0,0,1,1,0,0,0,0,0,0,1,1,0,0,0,0,0,0,1,1,1,1,1,1,1,1,1,7.0,25,Unicorn_Absent,-1,-1.0,8,Unicorn_Absent,12,6.0,28,1.0,57,0.2698412698412699,0.5,OUT,6.0,1.0,26.0,0.053658536585365874,OUT
0,2630939836,6,263092,Absent,28,1,1,1,1,1,1,1,1,1,0,0,0,0,0,0,1,1,0,0,0,0,0,0,1,1,0,0,0,0,0,0,1,1,0,0,0,0,0,0,1,1,0,0,0,0,0,0,1,1,0,0,0,0,0,0,1,1,1,1,1,1,1,1,1,6.0,26,Unicorn_Absent,-1,-1.0,8,Unicorn_Absent,18,32.0,28,1.0,62,0.21875,0.5625,OUT,7.0,1.0,25.0,0.2698412698412699,OUT
0,2630939836,7,263092,Absent,28,1,1,1,1,1,1,1,1,1,0,0,0,0,0,0,1,1,0,0,0,0,0,0,1,1,0,0,0,0,0,0,1,1,0,0,0,0,0,0,1,1,0,0,0,0,0,0,1,1,0,0,0,0,0,0,1,1,1,1,1,1,1,1,1,32.0,0,Unicorn_Absent,-1,-1.0,8,Unicorn_Absent,50,32.0,28,1.0,28,1.0,0.4375,OUT,6.0,1.0,26.0,0.21875,OUT
0,2630939836,8,263092,Absent,28,1,1,1,1,1,1,1,1,1,0,0,0,0,0,0,1,1,0,0,0,0,0,0,1,1,0,0,0,0,0,0,1,1,0,0,0,0,0,0,1,1,0,0,0,0,0,0,1,1,0,0,0,0,0,0,1,1,1,1,1,1,1,1,1,32.0,0,Unicorn_Absent,-1,-1.0,8,Unicorn_Absent,82,18.0,28,1.0,28,0.0,0.4375,OUT,32.0,1.0,0.0,1.0,OUT
0,2630939836,9,263092,Absent,28,1,1,1,1,1,1,1,1,1,0,0,0,0,0,0,1,1,0,0,0,0,0,0,1,1,0,0,0,0,0,0,1,1,0,0,0,0,0,0,1,1,0,0,0,0,0,0,1,1,0,0,0,0,0,0,1,1,1,1,1,1,1,1,1,18.0,14,Unicorn_Absent,-1,-1.0,8,Unicorn_Absent,100,18.0,28,1.0,46,1.0,0.5,OUT,32.0,1.0,0.0,0.0,OUT
0,2630939836,10,263092,Absent,28,1,1,1,1,1,1,1,1,1,0,0,0,0,0,0,1,1,0,0,0,0,0,0,1,1,0,0,0,0,0,0,1,1,0,0,0,0,0,0,1,1,0,0,0,0,0,0,1,1,0,0,0,0,0,0,1,1,1,1,1,1,1,1,1,18.0,14,Unicorn_Absent,-1,-1.0,8,Unicorn_Absent,118,18.0,28,1.0,46,0.0,0.5,OUT,18.0,1.0,14.0,1.0,OUT
0,2630939836,13,263092,Absent,28,1,1,1,1,1,1,1,1,1,0,0,0,0,0,0,1,1,0,0,0,0,0,0,1,1,0,0,0,0,0,0,1,1,0,0,0,0,0,0,1,1,0,0,0,0,0,0,1,1,0,0,0,0,0,0,1,1,1,1,1,1,1,1,1,18.0,14,Unicorn_Absent,-1,-1.0,8,Unicorn_Absent,179,18.0,28,1.0,46,0.0,0.5,OUT,18.0,1.0,14.0,0.0,OUT
0,2630939836,17,263092,Absent,43,0,1,0,0,1,1,1,1,1,1,0,1,1,1,0,0,0,0,0,0,1,0,1,1,1,0,1,1,0,0,1,1,1,1,1,1,1,0,0,1,1,1,1,1,0,1,1,1,1,1,0,0,1,0,1,1,1,1,1,1,1,1,1,0,15.0,17,Unicorn_Absent,-1,-1.0,0,Unicorn_Absent,152,0.0,43,0.4489795918367347,52,0.1881100266193434,0.546875,RS,18.0,0.671875,14.0,0.0,ALL
0,2630939836,21,263092,Absent,64,1,1,1,1,1,1,1,1,1,1,1,1,1,1,1,1,1,1,1,1,1,1,1,1,1,1,1,1,1,1,1,1,1,1,1,1,1,1,1,1,1,1,1,1,1,1,1,1,1,1,1,1,1,1,1,1,1,1,1,1,1,1,1,1,26.0,6,Unicorn_Absent,-1,-1.0,1,Unicorn_Absent,118,-17.0,64,1.0,64,0.8823529411764706,0.90625,ALL,0.0,1.0,32.0,0.4110054347826087,ALL
0,2630939836,29,263092,Absent,16,1,0,0,0,0,0,0,0,1,0,0,1,1,0,0,0,0,0,0,1,0,0,1,0,1,0,0,0,0,0,1,0,0,1,1,0,0,0,0,0,0,0,0,1,0,1,1,0,1,0,0,1,0,0,1,0,0,0,0,0,0,0,0,0,24.0,8,Unicorn_Absent,-1,-1.0,0,Unicorn_Absent,8,16.0,16,0.23333333333333334,40,0.011111111111111127,0.5,RS,11.0,0.2702702702702703,21.0,0.5729166666666667,RS
0,2630939836,30,263092,Absent,31,1,0,0,0,0,0,1,1,1,0,0,1,0,1,0,0,1,0,1,1,1,0,0,1,1,0,1,0,1,1,1,0,1,1,0,1,0,1,1,0,0,0,0,0,1,1,0,0,1,1,0,1,0,0,0,1,0,1,0,0,0,1,1,1,16.0,16,Unicorn_Absent,-1,-1.0,0,Unicorn_Absent,24,16.0,31,0.2702702702702703,47,0.7297297297297297,0.484375,RS,24.0,0.3404255319148936,8.0,0.011111111111111127,RIGHT
0,2630939836,39,263092,Absent,0,0,0,0,0,0,0,0,0,0,0,0,0,0,0,0,0,0,0,0,0,0,0,0,0,0,0,0,0,0,0,0,0,0,0,0,0,0,0,0,0,0,0,0,0,0,0,0,0,0,0,0,0,0,0,0,0,0,0,0,0,0,0,0,0,32.0,0,Unicorn_Absent,-1,-1.0,2,Unicorn_Absent,184,32.0,0,1.0,64,0.0,1.0,NOTHING,32.0,1.0,0.0,0.0,NOTHING
0,2630939836,40,263092,Absent,0,0,0,0,0,0,0,0,0,0,0,0,0,0,0,0,0,0,0,0,0,0,0,0,0,0,0,0,0,0,0,0,0,0,0,0,0,0,0,0,0,0,0,0,0,0,0,0,0,0,0,0,0,0,0,0,0,0,0,0,0,0,0,0,0,32.0,0,Unicorn_Absent,-1,-1.0,2,Unicorn_Absent,216,32.0,0,1.0,64,0.0,1.0,NOTHING,32.0,1.0,0.0,0.0,NOTHING
0,2630939836,41,263092,Absent,0,0,0,0,0,0,0,0,0,0,0,0,0,0,0,0,0,0,0,0,0,0,0,0,0,0,0,0,0,0,0,0,0,0,0,0,0,0,0,0,0,0,0,0,0,0,0,0,0,0,0,0,0,0,0,0,0,0,0,0,0,0,0,0,0,32.0,0,Unicorn_Absent,-1,-1.0,2,Unicorn_Absent,248,32.0,0,1.0,64,0.0,1.0,NOTHING,32.0,1.0,0.0,0.0,NOTHING
0,2630939836,51,263092,Absent,28,1,1,1,1,1,1,1,1,1,0,0,0,0,0,0,1,1,0,0,0,0,0,0,1,1,0,0,0,0,0,0,1,1,0,0,0,0,0,0,1,1,0,0,0,0,0,0,1,1,0,0,0,0,0,0,1,1,1,1,1,1,1,1,1,24.0,8,Unicorn_Absent,-1,-1.0,8,Unicorn_Absent,514,4.0,28,0.0,47,0.421875,0.609375,OUT,32.0,1.0,0.0,0.0,OUT
0,2630939836,52,263092,Absent,28,1,1,1,1,1,1,1,1,1,0,0,0,0,0,0,1,1,0,0,0,0,0,0,1,1,0,0,0,0,0,0,1,1,0,0,0,0,0,0,1,1,0,0,0,0,0,0,1,1,0,0,0,0,0,0,1,1,1,1,1,1,1,1,1,4.0,28,Unicorn_Absent,-1,-1.0,8,Unicorn_Absent,518,23.0,28,1.0,28,0.8297872340425532,0.0,OUT,24.0,0.30434782608695654,8.0,0.421875,LEFT
0,2630939836,53,263092,Absent,32,1,1,1,1,0,0,0,0,1,1,1,1,0,0,0,0,1,1,1,1,0,0,0,0,1,1,1,1,0,0,0,0,1,1,1,1,0,0,0,0,1,1,1,1,0,0,0,0,1,1,1,1,0,0,0,0,1,1,1,1,0,0,0,0,23.0,9,Unicorn_Absent,-1,-1.0,5,Unicorn_Absent,541,2.0,32,0.30434782608695654,41,0.09382151029748287,0.5,LEFT,4.0,1.0,28.0,0.8297872340425532,LEFT
0,2630939836,59,263092,Absent,32,1,1,1,1,0,0,0,0,1,1,1,1,0,0,0,0,1,1,1,1,0,0,0,0,1,1,1,1,0,0,0,0,1,1,1,1,0,0,0,0,1,1,1,1,0,0,0,0,1,1,1,1,0,0,0,0,1,1,1,1,0,0,0,0,0.0,32,Unicorn_Absent,-1,-1.0,5,Unicorn_Absent,480,1.0,32,0.43333333333333335,64,0.44166666666666665,0.5,LEFT,-14.0,0.3125,46.0,0.42380952380952375,RS
0,2630939836,4,398367,Absent,55,1,1,1,1,1,1,1,1,1,1,0,1,1,1,1,1,1,0,1,1,1,1,0,1,1,1,1,1,1,1,0,1,1,1,1,1,1,0,1,1,1,1,1,1,1,1,1,1,0,1,1,1,1,0,0,1,1,1,1,1,1,1,0,1,6.0,26,Unicorn_Absent,-1,-1.0,0,Unicorn_Absent,5,7.0,55,0.2,57,0.053658536585365874,0.484375,RS,31.0,0.7301587301587301,1.0,,RS
0,2630939836,5,398367,Absent,54,1,1,1,1,0,1,1,1,1,1,1,1,1,1,0,1,1,1,0,1,1,1,0,1,1,1,1,1,1,1,1,1,1,1,0,1,1,1,1,1,1,1,0,0,1,1,1,0,1,1,1,1,0,1,1,1,1,1,1,1,1,1,1,0,7.0,25,Unicorn_Absent,-1,-1.0,0,Unicorn_Absent,12,6.0,54,0.7301587301587301,57,0.2698412698412699,0.5,RS,6.0,0.78125,26.0,0.053658536585365874,RS
0,2630939836,6,398367,Absent,60,1,1,1,1,1,0,1,1,0,0,1,1,1,1,1,1,1,1,1,1,1,1,1,1,1,1,1,1,1,1,1,1,1,0,1,1,1,1,1,1,1,1,1,1,1,1,1,1,1,1,1,1,1,1,1,1,1,1,1,1,1,1,1,1,6.0,26,Unicorn_Absent,-1,-1.0,0,Unicorn_Absent,18,32.0,60,0.78125,62,0.21875,0.5625,RS,7.0,0.0,25.0,0.2698412698412699,NOTHING
0,2630939836,7,398367,Absent,0,0,0,0,0,0,0,0,0,0,0,0,0,0,0,0,0,0,0,0,0,0,0,0,0,0,0,0,0,0,0,0,0,0,0,0,0,0,0,0,0,0,0,0,0,0,0,0,0,0,0,0,0,0,0,0,0,0,0,0,0,0,0,0,0,32.0,0,Unicorn_Absent,-1,-1.0,2,Unicorn_Absent,50,32.0,0,0.0,28,1.0,0.4375,NOTHING,6.0,1.0,26.0,0.21875,NOTHING
0,2630939836,8,398367,Absent,0,0,0,0,0,0,0,0,0,0,0,0,0,0,0,0,0,0,0,0,0,0,0,0,0,0,0,0,0,0,0,0,0,0,0,0,0,0,0,0,0,0,0,0,0,0,0,0,0,0,0,0,0,0,0,0,0,0,0,0,0,0,0,0,0,32.0,0,Unicorn_Absent,-1,-1.0,2,Unicorn_Absent,82,18.0,0,1.0,28,0.0,0.4375,NOTHING,32.0,0.0,0.0,1.0,BOTTOM
0,2630939836,9,398367,Absent,32,0,0,0,0,0,0,0,0,0,0,0,0,0,0,0,0,0,0,0,0,0,0,0,0,0,0,0,0,0,0,0,0,1,1,1,1,1,1,1,1,1,1,1,1,1,1,1,1,1,1,1,1,1,1,1,1,1,1,1,1,1,1,1,1,18.0,14,Unicorn_Absent,-1,-1.0,3,Unicorn_Absent,100,18.0,32,0.0,46,1.0,0.5,BOTTOM,32.0,1.0,0.0,0.0,BOTTOM
0,2630939836,10,398367,Absent,32,0,0,0,0,0,0,0,0,0,0,0,0,0,0,0,0,0,0,0,0,0,0,0,0,0,0,0,0,0,0,0,0,1,1,1,1,1,1,1,1,1,1,1,1,1,1,1,1,1,1,1,1,1,1,1,1,1,1,1,1,1,1,1,1,18.0,14,Unicorn_Absent,-1,-1.0,3,Unicorn_Absent,118,18.0,32,1.0,46,0.0,0.5,BOTTOM,18.0,1.0,14.0,1.0,BOTTOM
0,2630939836,13,398367,Absent,32,0,0,0,0,0,0,0,0,0,0,0,0,0,0,0,0,0,0,0,0,0,0,0,0,0,0,0,0,0,0,0,0,1,1,1,1,1,1,1,1,1,1,1,1,1,1,1,1,1,1,1,1,1,1,1,1,1,1,1,1,1,1,1,1,18.0,14,Unicorn_Absent,-1,-1.0,3,Unicorn_Absent,179,18.0,32,1.0,46,0.0,0.5,BOTTOM,18.0,1.0,14.0,0.0,BOTTOM
0,2630939836,17,398367,Absent,26,1,0,1,0,1,0,0,1,0,0,1,0,1,0,1,1,1,0,0,0,1,1,0,1,0,0,1,0,0,1,0,0,0,0,1,1,0,0,0,1,0,1,1,1,0,0,1,0,0,0,0,1,0,0,0,0,1,1,0,0,1,1,0,0,15.0,17,Unicorn_Absent,-1,-1.0,0,Unicorn_Absent,152,0.0,26,0.2608695652173913,52,0.1881100266193434,0.546875,RS,18.0,0.2608695652173913,14.0,0.0,BOTTOM
0,2630939836,21,398367,Absent,6,0,0,0,0,0,0,0,0,0,0,0,0,0,0,0,1,0,0,0,0,0,0,0,0,0,0,0,0,0,1,0,0,0,1,0,0,0,1,0,0,1,0,0,1,0,0,0,0,0,0,0,0,0,0,0,0,0,0,0,0,0,0,0,0,26.0,6,Unicorn_Absent,-1,-1.0,0,Unicorn_Absent,118,-17.0,6,0.11764705882352941,64,0.8823529411764706,0.90625,RS,0.0,0.1,32.0,0.4110054347826087,RS
0,2630939836,29,398367,Absent,32,1,1,1,1,1,1,1,1,1,1,1,1,1,1,1,1,1,1,1,1,1,1,1,1,1,1,1,1,1,1,1,1,0,0,0,0,0,0,0,0,0,0,0,0,0,0,0,0,0,0,0,0,0,0,0,0,0,0,0,0,0,0,0,0,24.0,8,Unicorn_Absent,-1,-1.0,4,Unicorn_Absent,8,16.0,32,0.2222222222222222,40,0.011111111111111127,0.5,TOP,11.0,1.0,21.0,0.5729166666666667,TOP
0,2630939836,30,398367,Absent,32,1,1,1,1,1,1,1,1,1,1,1,1,1,1,1,1,1,1,1,1,1,1,1,1,1,1,1,1,1,1,1,1,0,0,0,0,0,0,0,0,0,0,0,0,0,0,0,0,0,0,0,0,0,0,0,0,0,0,0,0,0,0,0,0,16.0,16,Unicorn_Absent,-1,-1.0,4,Unicorn_Absent,24,16.0,32,1.0,47,0.7297297297297297,0.484375,TOP,24.0,1.0,8.0,0.011111111111111127,TOP
0,2630939836,39,398367,Absent,64,1,1,1,1,1,1,1,1,1,1,1,1,1,1,1,1,1,1,1,1,1,1,1,1,1,1,1,1,1,1,1,1,1,1,1,1,1,1,1,1,1,1,1,1,1,1,1,1,1,1,1,1,1,1,1,1,1,1,1,1,1,1,1,1,32.0,0,Unicorn_Absent,-1,-1.0,1,Unicorn_Absent,184,32.0,64,1.0,64,0.0,1.0,ALL,32.0,1.0,0.0,0.0,ALL
0,2630939836,40,398367,Absent,64,1,1,1,1,1,1,1,1,1,1,1,1,1,1,1,1,1,1,1,1,1,1,1,1,1,1,1,1,1,1,1,1,1,1,1,1,1,1,1,1,1,1,1,1,1,1,1,1,1,1,1,1,1,1,1,1,1,1,1,1,1,1,1,1,32.0,0,Unicorn_Absent,-1,-1.0,1,Unicorn_Absent,216,32.0,64,1.0,64,0.0,1.0,ALL,32.0,1.0,0.0,0.0,ALL
0,2630939836,41,398367,Absent,64,1,1,1,1,1,1,1,1,1,1,1,1,1,1,1,1,1,1,1,1,1,1,1,1,1,1,1,1,1,1,1,1,1,1,1,1,1,1,1,1,1,1,1,1,1,1,1,1,1,1,1,1,1,1,1,1,1,1,1,1,1,1,1,1,32.0,0,Unicorn_Absent,-1,-1.0,1,Unicorn_Absent,248,32.0,64,1.0,64,0.0,1.0,ALL,32.0,1.0,0.0,0.0,ALL
0,2630939836,51,398367,Absent,27,0,0,0,0,0,1,0,0,1,1,1,1,0,1,1,0,1,0,0,0,0,1,1,0,0,1,0,0,0,0,1,0,0,1,1,1,0,0,0,1,0,1,1,0,0,0,0,0,1,1,1,0,1,1,1,1,0,0,1,1,0,0,0,0,24.0,8,Unicorn_Absent,-1,-1.0,0,Unicorn_Absent,514,4.0,27,0.421875,47,0.421875,0.609375,RS,32.0,0.1702127659574468,0.0,0.0,OUT
0,2630939836,52,398367,Absent,28,1,1,1,1,1,1,1,1,1,0,0,0,0,0,0,1,1,0,0,0,0,0,0,1,1,0,0,0,0,0,0,1,1,0,0,0,0,0,0,1,1,0,0,0,0,0,0,1,1,0,0,0,0,0,0,1,1,1,1,1,1,1,1,1,4.0,28,Unicorn_Absent,-1,-1.0,8,Unicorn_Absent,518,23.0,28,0.1702127659574468,28,0.8297872340425532,0.0,OUT,24.0,0.21052631578947367,8.0,0.421875,RS
0,2630939836,53,398367,Absent,18,1,0,0,0,0,0,0,0,0,0,0,0,1,0,0,1,0,0,0,0,1,0,1,1,0,0,0,1,0,0,0,1,0,0,0,1,0,0,0,0,0,1,0,1,0,0,1,0,1,1,0,0,1,0,0,0,1,1,0,0,0,0,0,1,23.0,9,Unicorn_Absent,-1,-1.0,0,Unicorn_Absent,541,2.0,18,0.21052631578947367,41,0.09382151029748287,0.5,RS,4.0,0.29508196721311475,28.0,0.8297872340425532,RS
0,2630939836,59,398367,Absent,64,1,1,1,1,1,1,1,1,1,1,1,1,1,1,1,1,1,1,1,1,1,1,1,1,1,1,1,1,1,1,1,1,1,1,1,1,1,1,1,1,1,1,1,1,1,1,1,1,1,1,1,1,1,1,1,1,1,1,1,1,1,1,1,1,0.0,32,Unicorn_Absent,-1,-1.0,1,Unicorn_Absent,480,1.0,64,0.875,64,0.44166666666666665,0.5,ALL,-14.0,1.0,46.0,0.42380952380952375,ALL
0,2684757519,15,268474,Absent,36,0,0,0,0,0,0,0,0,0,1,1,1,1,1,1,0,0,1,1,1,1,1,1,0,0,1,1,1,1,1,1,0,0,1,1,1,1,1,1,0,0,1,1,1,1,1,1,0,0,1,1,1,1,1,1,0,0,0,0,0,0,0,0,0,14.0,18,Unicorn_Absent,-1,-1.0,7,Unicorn_Absent,211,14.0,36,0.38,50,0.12,0.5,IN,-1.0,1.0,33.0,0.07565789473684209,IN
0,2684757519,16,268474,Absent,36,0,0,0,0,0,0,0,0,0,1,1,1,1,1,1,0,0,1,1,1,1,1,1,0,0,1,1,1,1,1,1,0,0,1,1,1,1,1,1,0,0,1,1,1,1,1,1,0,0,1,1,1,1,1,1,0,0,0,0,0,0,0,0,0,14.0,18,Unicorn_Absent,-1,-1.0,7,Unicorn_Absent,225,14.0,36,1.0,50,0.0,0.5,IN,14.0,1.0,18.0,0.12,IN
0,2684757519,17,268474,Absent,36,0,0,0,0,0,0,0,0,0,1,1,1,1,1,1,0,0,1,1,1,1,1,1,0,0,1,1,1,1,1,1,0,0,1,1,1,1,1,1,0,0,1,1,1,1,1,1,0,0,1,1,1,1,1,1,0,0,0,0,0,0,0,0,0,14.0,18,Unicorn_Absent,-1,-1.0,7,Unicorn_Absent,239,14.0,36,1.0,50,0.0,0.5,IN,14.0,1.0,18.0,0.0,IN
0,2684757519,18,268474,Absent,36,0,0,0,0,0,0,0,0,0,1,1,1,1,1,1,0,0,1,1,1,1,1,1,0,0,1,1,1,1,1,1,0,0,1,1,1,1,1,1,0,0,1,1,1,1,1,1,0,0,1,1,1,1,1,1,0,0,0,0,0,0,0,0,0,14.0,18,Unicorn_Absent,-1,-1.0,7,Unicorn_Absent,253,14.0,36,1.0,50,0.6666666666666667,0.5,IN,14.0,1.0,18.0,0.0,IN
0,2684757519,24,268474,Absent,32,0,0,0,0,0,0,0,0,0,0,0,0,0,0,0,0,0,0,0,0,0,0,0,0,0,0,0,0,0,0,0,0,1,1,1,1,1,1,1,1,1,1,1,1,1,1,1,1,1,1,1,1,1,1,1,1,1,1,1,1,1,1,1,1,0.0,32,Unicorn_Absent,-1,-1.0,3,Unicorn_Absent,259,32.0,32,0.24390243902439024,64,0.7560975609756098,0.5,BOTTOM,13.0,0.3333333333333333,19.0,0.15853658536585363,RIGHT
0,2684757519,25,268474,Absent,32,0,0,0,0,1,1,1,1,0,0,0,0,1,1,1,1,0,0,0,0,1,1,1,1,0,0,0,0,1,1,1,1,0,0,0,0,1,1,1,1,0,0,0,0,1,1,1,1,0,0,0,0,1,1,1,1,0,0,0,0,1,1,1,1,32.0,0,Unicorn_Absent,-1,-1.0,6,Unicorn_Absent,291,32.0,32,0.3333333333333333,64,0.16666666666666669,1.0,RIGHT,0.0,1.0,32.0,0.7560975609756098,RIGHT
0,2684757519,26,268474,Absent,32,0,0,0,0,1,1,1,1,0,0,0,0,1,1,1,1,0,0,0,0,1,1,1,1,0,0,0,0,1,1,1,1,0,0,0,0,1,1,1,1,0,0,0,0,1,1,1,1,0,0,0,0,1,1,1,1,0,0,0,0,1,1,1,1,32.0,0,Unicorn_Absent,-1,-1.0,6,Unicorn_Absent,323,32.0,32,1.0,64,0.0,1.0,RIGHT,32.0,1.0,0.0,0.16666666666666669,RIGHT
0,2684757519,30,268474,Absent,55,1,1,1,0,1,0,1,1,1,1,1,1,1,1,0,1,1,1,0,1,1,1,1,1,1,1,1,1,1,1,0,1,1,1,1,1,0,1,1,1,1,0,0,1,1,1,1,1,1,0,1,1,1,1,1,1,1,1,1,1,1,1,1,1,-23.0,55,Unicorn_Absent,-1,-1.0,0,Unicorn_Absent,277,15.0,55,0.4745762711864407,64,0.02542372881355931,0.140625,RS,32.0,0.6333333333333333,0.0,0.0,RS
0,2684757519,33,268474,Absent,0,0,0,0,0,0,0,0,0,0,0,0,0,0,0,0,0,0,0,0,0,0,0,0,0,0,0,0,0,0,0,0,0,0,0,0,0,0,0,0,0,0,0,0,0,0,0,0,0,0,0,0,0,0,0,0,0,0,0,0,0,0,0,0,0,32.0,0,Unicorn_Absent,-1,-1.0,2,Unicorn_Absent,356,32.0,0,0.0,32,1.0,0.5,NOTHING,15.0,1.0,17.0,0.1333333333333333,NOTHING
0,2684757519,39,268474,Absent,64,1,1,1,1,1,1,1,1,1,1,1,1,1,1,1,1,1,1,1,1,1,1,1,1,1,1,1,1,1,1,1,1,1,1,1,1,1,1,1,1,1,1,1,1,1,1,1,1,1,1,1,1,1,1,1,1,1,1,1,1,1,1,1,1,0.0,32,Unicorn_Absent,-1,-1.0,1,Unicorn_Absent,419,15.0,64,0.0,64,0.0,0.5,ALL,32.0,0.59375,0.0,0.0,RS
0,2684757519,40,268474,Absent,38,0,1,1,1,0,1,0,1,0,0,1,1,0,1,0,0,1,1,1,1,1,1,0,1,0,0,0,1,0,1,1,1,1,1,1,1,0,0,1,1,0,1,0,0,0,1,0,0,1,1,1,0,1,0,1,1,1,0,1,1,1,0,1,0,15.0,17,Unicorn_Absent,-1,-1.0,0,Unicorn_Absent,434,0.0,38,0.59375,53,0.2604166666666667,0.5625,RS,0.0,0.59375,32.0,0.0,ALL
0,2684757519,41,268474,Absent,64,1,1,1,1,1,1,1,1,1,1,1,1,1,1,1,1,1,1,1,1,1,1,1,1,1,1,1,1,1,1,1,1,1,1,1,1,1,1,1,1,1,1,1,1,1,1,1,1,1,1,1,1,1,1,1,1,1,1,1,1,1,1,1,1,0.0,32,Unicorn_Absent,-1,-1.0,1,Unicorn_Absent,434,10.0,64,0.59375,64,0.2604166666666667,0.5,ALL,15.0,0.34375,17.0,0.2604166666666667,RS
0,2684757519,54,268474,Absent,32,0,0,0,0,1,1,1,1,0,0,0,0,1,1,1,1,0,0,0,0,1,1,1,1,0,0,0,0,1,1,1,1,0,0,0,0,1,1,1,1,0,0,0,0,1,1,1,1,0,0,0,0,1,1,1,1,0,0,0,0,1,1,1,1,26.0,6,Unicorn_Absent,-1,-1.0,6,Unicorn_Absent,667,32.0,32,0.2608695652173913,43,0.02860411899313503,0.578125,RIGHT,18.0,1.0,14.0,0.041666666666666685,RIGHT
0,2684757519,57,268474,Absent,32,0,0,0,0,1,1,1,1,0,0,0,0,1,1,1,1,0,0,0,0,1,1,1,1,0,0,0,0,1,1,1,1,0,0,0,0,1,1,1,1,0,0,0,0,1,1,1,1,0,0,0,0,1,1,1,1,0,0,0,0,1,1,1,1,32.0,0,Unicorn_Absent,-1,-1.0,6,Unicorn_Absent,763,32.0,32,1.0,32,0.0,0.5,RIGHT,32.0,1.0,0.0,1.0,RIGHT
0,2684757519,15,575196,Absent,32,1,1,1,1,1,1,1,1,1,1,1,1,1,1,1,1,1,1,1,1,1,1,1,1,1,1,1,1,1,1,1,1,0,0,0,0,0,0,0,0,0,0,0,0,0,0,0,0,0,0,0,0,0,0,0,0,0,0,0,0,0,0,0,0,14.0,18,Unicorn_Absent,-1,-1.0,4,Unicorn_Absent,211,14.0,32,0.5,50,0.12,0.5,TOP,-1.0,1.0,33.0,0.07565789473684209,TOP
0,2684757519,16,575196,Absent,32,1,1,1,1,1,1,1,1,1,1,1,1,1,1,1,1,1,1,1,1,1,1,1,1,1,1,1,1,1,1,1,1,0,0,0,0,0,0,0,0,0,0,0,0,0,0,0,0,0,0,0,0,0,0,0,0,0,0,0,0,0,0,0,0,14.0,18,Unicorn_Absent,-1,-1.0,4,Unicorn_Absent,225,14.0,32,1.0,50,0.0,0.5,TOP,14.0,1.0,18.0,0.12,TOP
0,2684757519,17,575196,Absent,32,1,1,1,1,1,1,1,1,1,1,1,1,1,1,1,1,1,1,1,1,1,1,1,1,1,1,1,1,1,1,1,1,0,0,0,0,0,0,0,0,0,0,0,0,0,0,0,0,0,0,0,0,0,0,0,0,0,0,0,0,0,0,0,0,14.0,18,Unicorn_Absent,-1,-1.0,4,Unicorn_Absent,239,14.0,32,1.0,50,0.0,0.5,TOP,14.0,0.3333333333333333,18.0,0.0,RIGHT
0,2684757519,18,575196,Absent,32,0,0,0,0,1,1,1,1,0,0,0,0,1,1,1,1,0,0,0,0,1,1,1,1,0,0,0,0,1,1,1,1,0,0,0,0,1,1,1,1,0,0,0,0,1,1,1,1,0,0,0,0,1,1,1,1,0,0,0,0,1,1,1,1,14.0,18,Unicorn_Absent,-1,-1.0,6,Unicorn_Absent,253,14.0,32,0.3333333333333333,50,0.6666666666666667,0.5,RIGHT,14.0,1.0,18.0,0.0,RIGHT
0,2684757519,24,575196,Absent,64,1,1,1,1,1,1,1,1,1,1,1,1,1,1,1,1,1,1,1,1,1,1,1,1,1,1,1,1,1,1,1,1,1,1,1,1,1,1,1,1,1,1,1,1,1,1,1,1,1,1,1,1,1,1,1,1,1,1,1,1,1,1,1,1,0.0,32,Unicorn_Absent,-1,-1.0,1,Unicorn_Absent,259,32.0,64,1.0,64,0.7560975609756098,0.5,ALL,13.0,0.5,19.0,0.15853658536585363,LEFT
0,2684757519,25,575196,Absent,32,1,1,1,1,0,0,0,0,1,1,1,1,0,0,0,0,1,1,1,1,0,0,0,0,1,1,1,1,0,0,0,0,1,1,1,1,0,0,0,0,1,1,1,1,0,0,0,0,1,1,1,1,0,0,0,0,1,1,1,1,0,0,0,0,32.0,0,Unicorn_Absent,-1,-1.0,5,Unicorn_Absent,291,32.0,32,0.5,64,0.16666666666666669,1.0,LEFT,0.0,1.0,32.0,0.7560975609756098,LEFT
0,2684757519,26,575196,Absent,32,1,1,1,1,0,0,0,0,1,1,1,1,0,0,0,0,1,1,1,1,0,0,0,0,1,1,1,1,0,0,0,0,1,1,1,1,0,0,0,0,1,1,1,1,0,0,0,0,1,1,1,1,0,0,0,0,1,1,1,1,0,0,0,0,32.0,0,Unicorn_Absent,-1,-1.0,5,Unicorn_Absent,323,32.0,32,1.0,64,0.0,1.0,LEFT,32.0,1.0,0.0,0.16666666666666669,LEFT
0,2684757519,30,575196,Absent,64,1,1,1,1,1,1,1,1,1,1,1,1,1,1,1,1,1,1,1,1,1,1,1,1,1,1,1,1,1,1,1,1,1,1,1,1,1,1,1,1,1,1,1,1,1,1,1,1,1,1,1,1,1,1,1,1,1,1,1,1,1,1,1,1,-23.0,55,Unicorn_Absent,-1,-1.0,1,Unicorn_Absent,277,15.0,64,0.5,64,0.02542372881355931,0.140625,ALL,32.0,0.5,0.0,0.0,TOP
0,2684757519,33,575196,Absent,32,1,1,1,1,1,1,1,1,1,1,1,1,1,1,1,1,1,1,1,1,1,1,1,1,1,1,1,1,1,1,1,1,0,0,0,0,0,0,0,0,0,0,0,0,0,0,0,0,0,0,0,0,0,0,0,0,0,0,0,0,0,0,0,0,32.0,0,Unicorn_Absent,-1,-1.0,4,Unicorn_Absent,356,32.0,32,1.0,32,1.0,0.5,TOP,15.0,1.0,17.0,0.1333333333333333,TOP
0,2684757519,39,575196,Absent,32,0,0,0,0,0,0,0,0,0,0,0,0,0,0,0,0,0,0,0,0,0,0,0,0,0,0,0,0,0,0,0,0,1,1,1,1,1,1,1,1,1,1,1,1,1,1,1,1,1,1,1,1,1,1,1,1,1,1,1,1,1,1,1,1,0.0,32,Unicorn_Absent,-1,-1.0,3,Unicorn_Absent,419,15.0,32,0.0,64,0.0,0.5,BOTTOM,32.0,0.3333333333333333,0.0,0.0,RIGHT
0,2684757519,40,575196,Absent,32,0,0,0,0,1,1,1,1,0,0,0,0,1,1,1,1,0,0,0,0,1,1,1,1,0,0,0,0,1,1,1,1,0,0,0,0,1,1,1,1,0,0,0,0,1,1,1,1,0,0,0,0,1,1,1,1,0,0,0,0,1,1,1,1,15.0,17,Unicorn_Absent,-1,-1.0,6,Unicorn_Absent,434,0.0,32,0.3333333333333333,53,0.2604166666666667,0.5625,RIGHT,0.0,0.3333333333333333,32.0,0.0,TOP
0,2684757519,41,575196,Absent,32,1,1,1,1,1,1,1,1,1,1,1,1,1,1,1,1,1,1,1,1,1,1,1,1,1,1,1,1,1,1,1,1,0,0,0,0,0,0,0,0,0,0,0,0,0,0,0,0,0,0,0,0,0,0,0,0,0,0,0,0,0,0,0,0,0.0,32,Unicorn_Absent,-1,-1.0,4,Unicorn_Absent,434,10.0,32,0.3333333333333333,64,0.2604166666666667,0.5,TOP,15.0,0.5161290322580645,17.0,0.2604166666666667,RS
0,2684757519,54,575196,Absent,17,1,0,0,0,0,1,1,0,0,1,0,1,0,0,0,0,1,0,0,0,0,0,0,1,0,1,0,0,0,0,1,0,0,0,1,0,0,0,0,0,1,1,0,0,0,0,0,0,0,1,0,0,1,1,0,0,1,0,1,0,0,0,0,0,26.0,6,Unicorn_Absent,-1,-1.0,0,Unicorn_Absent,667,32.0,17,0.2894736842105263,43,0.02860411899313503,0.578125,RS,18.0,0.0,14.0,0.041666666666666685,NOTHING
0,2684757519,57,575196,Absent,0,0,0,0,0,0,0,0,0,0,0,0,0,0,0,0,0,0,0,0,0,0,0,0,0,0,0,0,0,0,0,0,0,0,0,0,0,0,0,0,0,0,0,0,0,0,0,0,0,0,0,0,0,0,0,0,0,0,0,0,0,0,0,0,0,32.0,0,Unicorn_Absent,-1,-1.0,2,Unicorn_Absent,763,32.0,0,1.0,32,0.0,0.5,NOTHING,32.0,1.0,0.0,1.0,NOTHING
0,2789227330,7,273305,Absent,0,0,0,0,0,0,0,0,0,0,0,0,0,0,0,0,0,0,0,0,0,0,0,0,0,0,0,0,0,0,0,0,0,0,0,0,0,0,0,0,0,0,0,0,0,0,0,0,0,0,0,0,0,0,0,0,0,0,0,0,0,0,0,0,0,32.0,0,Unicorn_Absent,-1,-1.0,2,Unicorn_Absent,128,32.0,0,1.0,64,0.0,1.0,NOTHING,32.0,1.0,0.0,0.734375,NOTHING
0,2789227330,17,273305,Absent,0,0,0,0,0,0,0,0,0,0,0,0,0,0,0,0,0,0,0,0,0,0,0,0,0,0,0,0,0,0,0,0,0,0,0,0,0,0,0,0,0,0,0,0,0,0,0,0,0,0,0,0,0,0,0,0,0,0,0,0,0,0,0,0,0,32.0,0,Unicorn_Absent,-1,-1.0,2,Unicorn_Absent,448,32.0,0,1.0,64,0.0,1.0,NOTHING,32.0,1.0,0.0,0.0,NOTHING
0,2789227330,18,273305,Absent,0,0,0,0,0,0,0,0,0,0,0,0,0,0,0,0,0,0,0,0,0,0,0,0,0,0,0,0,0,0,0,0,0,0,0,0,0,0,0,0,0,0,0,0,0,0,0,0,0,0,0,0,0,0,0,0,0,0,0,0,0,0,0,0,0,32.0,0,Unicorn_Absent,-1,-1.0,2,Unicorn_Absent,480,32.0,0,1.0,64,0.0,1.0,NOTHING,32.0,1.0,0.0,0.0,NOTHING
0,2789227330,19,273305,Absent,0,0,0,0,0,0,0,0,0,0,0,0,0,0,0,0,0,0,0,0,0,0,0,0,0,0,0,0,0,0,0,0,0,0,0,0,0,0,0,0,0,0,0,0,0,0,0,0,0,0,0,0,0,0,0,0,0,0,0,0,0,0,0,0,0,32.0,0,Unicorn_Absent,-1,-1.0,2,Unicorn_Absent,512,32.0,0,1.0,64,0.0,1.0,NOTHING,32.0,1.0,0.0,0.0,NOTHING
0,2789227330,20,273305,Absent,0,0,0,0,0,0,0,0,0,0,0,0,0,0,0,0,0,0,0,0,0,0,0,0,0,0,0,0,0,0,0,0,0,0,0,0,0,0,0,0,0,0,0,0,0,0,0,0,0,0,0,0,0,0,0,0,0,0,0,0,0,0,0,0,0,32.0,0,Unicorn_Absent,-1,-1.0,2,Unicorn_Absent,544,32.0,0,1.0,64,0.0,1.0,NOTHING,32.0,1.0,0.0,0.0,NOTHING
0,2789227330,21,273305,Absent,0,0,0,0,0,0,0,0,0,0,0,0,0,0,0,0,0,0,0,0,0,0,0,0,0,0,0,0,0,0,0,0,0,0,0,0,0,0,0,0,0,0,0,0,0,0,0,0,0,0,0,0,0,0,0,0,0,0,0,0,0,0,0,0,0,32.0,0,Unicorn_Absent,-1,-1.0,2,Unicorn_Absent,576,32.0,0,1.0,64,0.0,1.0,NOTHING,32.0,1.0,0.0,0.0,NOTHING
0,2789227330,24,273305,Absent,0,0,0,0,0,0,0,0,0,0,0,0,0,0,0,0,0,0,0,0,0,0,0,0,0,0,0,0,0,0,0,0,0,0,0,0,0,0,0,0,0,0,0,0,0,0,0,0,0,0,0,0,0,0,0,0,0,0,0,0,0,0,0,0,0,32.0,0,Unicorn_Absent,-1,-1.0,2,Unicorn_Absent,672,32.0,0,1.0,64,0.0,1.0,NOTHING,32.0,1.0,0.0,0.0,NOTHING
0,2789227330,25,273305,Absent,0,0,0,0,0,0,0,0,0,0,0,0,0,0,0,0,0,0,0,0,0,0,0,0,0,0,0,0,0,0,0,0,0,0,0,0,0,0,0,0,0,0,0,0,0,0,0,0,0,0,0,0,0,0,0,0,0,0,0,0,0,0,0,0,0,32.0,0,Unicorn_Absent,-1,-1.0,2,Unicorn_Absent,704,32.0,0,1.0,64,0.0,1.0,NOTHING,32.0,1.0,0.0,0.0,NOTHING
0,2789227330,28,273305,Absent,0,0,0,0,0,0,0,0,0,0,0,0,0,0,0,0,0,0,0,0,0,0,0,0,0,0,0,0,0,0,0,0,0,0,0,0,0,0,0,0,0,0,0,0,0,0,0,0,0,0,0,0,0,0,0,0,0,0,0,0,0,0,0,0,0,32.0,0,Unicorn_Absent,-1,-1.0,2,Unicorn_Absent,800,32.0,0,1.0,64,0.0,1.0,NOTHING,32.0,1.0,0.0,0.0,NOTHING
0,2789227330,29,273305,Absent,0,0,0,0,0,0,0,0,0,0,0,0,0,0,0,0,0,0,0,0,0,0,0,0,0,0,0,0,0,0,0,0,0,0,0,0,0,0,0,0,0,0,0,0,0,0,0,0,0,0,0,0,0,0,0,0,0,0,0,0,0,0,0,0,0,32.0,0,Unicorn_Absent,-1,-1.0,2,Unicorn_Absent,832,32.0,0,1.0,64,0.0,1.0,NOTHING,32.0,1.0,0.0,0.0,NOTHING
0,2789227330,38,273305,Absent,0,0,0,0,0,0,0,0,0,0,0,0,0,0,0,0,0,0,0,0,0,0,0,0,0,0,0,0,0,0,0,0,0,0,0,0,0,0,0,0,0,0,0,0,0,0,0,0,0,0,0,0,0,0,0,0,0,0,0,0,0,0,0,0,0,32.0,0,Unicorn_Absent,-1,-1.0,2,Unicorn_Absent,1120,32.0,0,1.0,64,0.0,1.0,NOTHING,32.0,1.0,0.0,0.0,NOTHING
0,2789227330,39,273305,Absent,0,0,0,0,0,0,0,0,0,0,0,0,0,0,0,0,0,0,0,0,0,0,0,0,0,0,0,0,0,0,0,0,0,0,0,0,0,0,0,0,0,0,0,0,0,0,0,0,0,0,0,0,0,0,0,0,0,0,0,0,0,0,0,0,0,32.0,0,Unicorn_Absent,-1,-1.0,2,Unicorn_Absent,1152,32.0,0,1.0,64,0.0,1.0,NOTHING,32.0,1.0,0.0,0.0,NOTHING
0,2789227330,43,273305,Absent,32,0,0,0,0,0,0,0,0,0,0,0,0,0,0,0,0,0,0,0,0,0,0,0,0,0,0,0,0,0,0,0,0,1,1,1,1,1,1,1,1,1,1,1,1,1,1,1,1,1,1,1,1,1,1,1,1,1,1,1,1,1,1,1,1,0.0,32,Unicorn_Absent,-1,-1.0,3,Unicorn_Absent,1247,32.0,32,0.0,64,1.0,0.5,BOTTOM,32.0,0.0,0.0,0.0,TOP
0,2789227330,44,273305,Absent,32,1,1,1,1,1,1,1,1,1,1,1,1,1,1,1,1,1,1,1,1,1,1,1,1,1,1,1,1,1,1,1,1,0,0,0,0,0,0,0,0,0,0,0,0,0,0,0,0,0,0,0,0,0,0,0,0,0,0,0,0,0,0,0,0,32.0,0,Unicorn_Absent,-1,-1.0,4,Unicorn_Absent,1279,32.0,32,0.0,32,0.0,0.5,TOP,0.0,1.0,32.0,1.0,TOP
0,2789227330,45,273305,Absent,32,1,1,1,1,1,1,1,1,1,1,1,1,1,1,1,1,1,1,1,1,1,1,1,1,1,1,1,1,1,1,1,1,0,0,0,0,0,0,0,0,0,0,0,0,0,0,0,0,0,0,0,0,0,0,0,0,0,0,0,0,0,0,0,0,32.0,0,Unicorn_Absent,-1,-1.0,4,Unicorn_Absent,1311,32.0,32,1.0,32,0.0,0.5,TOP,32.0,1.0,0.0,0.0,TOP
0,2789227330,46,273305,Absent,32,1,1,1,1,1,1,1,1,1,1,1,1,1,1,1,1,1,1,1,1,1,1,1,1,1,1,1,1,1,1,1,1,0,0,0,0,0,0,0,0,0,0,0,0,0,0,0,0,0,0,0,0,0,0,0,0,0,0,0,0,0,0,0,0,32.0,0,Unicorn_Absent,-1,-1.0,4,Unicorn_Absent,1343,32.0,32,1.0,32,0.0,0.5,TOP,32.0,1.0,0.0,0.0,TOP
0,2789227330,47,273305,Absent,32,1,1,1,1,1,1,1,1,1,1,1,1,1,1,1,1,1,1,1,1,1,1,1,1,1,1,1,1,1,1,1,1,0,0,0,0,0,0,0,0,0,0,0,0,0,0,0,0,0,0,0,0,0,0,0,0,0,0,0,0,0,0,0,0,32.0,0,Unicorn_Absent,-1,-1.0,4,Unicorn_Absent,1375,32.0,32,1.0,32,0.0,0.5,TOP,32.0,1.0,0.0,0.0,TOP
0,2789227330,51,273305,Absent,32,1,1,1,1,0,0,0,0,1,1,1,1,0,0,0,0,1,1,1,1,0,0,0,0,1,1,1,1,0,0,0,0,1,1,1,1,0,0,0,0,1,1,1,1,0,0,0,0,1,1,1,1,0,0,0,0,1,1,1,1,0,0,0,0,0.0,32,Unicorn_Absent,-1,-1.0,5,Unicorn_Absent,1363,10.0,32,0.3333333333333333,64,0.3333333333333333,0.5,LEFT,32.0,0.3333333333333333,0.0,0.0,TOP
0,2789227330,56,273305,Absent,4,1,1,1,0,0,0,0,0,0,0,0,0,0,0,0,0,0,0,0,0,0,0,0,0,0,0,0,0,0,0,0,0,0,0,0,0,0,0,0,0,0,0,0,0,0,0,0,0,0,0,0,0,0,0,0,0,0,0,0,1,0,0,0,0,32.0,0,Unicorn_Absent,-1,-1.0,0,Unicorn_Absent,1378,23.0,4,0.09090909090909091,40,0.37460815047021945,0.625,RS,10.0,0.043478260869565216,22.0,0.4322916666666667,RS
0,2789227330,7,278927,Absent,64,1,1,1,1,1,1,1,1,1,1,1,1,1,1,1,1,1,1,1,1,1,1,1,1,1,1,1,1,1,1,1,1,1,1,1,1,1,1,1,1,1,1,1,1,1,1,1,1,1,1,1,1,1,1,1,1,1,1,1,1,1,1,1,1,32.0,0,Unicorn_Absent,-1,-1.0,1,Unicorn_Absent,128,32.0,64,1.0,64,0.0,1.0,ALL,32.0,1.0,0.0,0.734375,ALL
0,2789227330,17,278927,Absent,64,1,1,1,1,1,1,1,1,1,1,1,1,1,1,1,1,1,1,1,1,1,1,1,1,1,1,1,1,1,1,1,1,1,1,1,1,1,1,1,1,1,1,1,1,1,1,1,1,1,1,1,1,1,1,1,1,1,1,1,1,1,1,1,1,32.0,0,Unicorn_Absent,-1,-1.0,1,Unicorn_Absent,448,32.0,64,1.0,64,0.0,1.0,ALL,32.0,1.0,0.0,0.0,ALL
0,2789227330,18,278927,Absent,64,1,1,1,1,1,1,1,1,1,1,1,1,1,1,1,1,1,1,1,1,1,1,1,1,1,1,1,1,1,1,1,1,1,1,1,1,1,1,1,1,1,1,1,1,1,1,1,1,1,1,1,1,1,1,1,1,1,1,1,1,1,1,1,1,32.0,0,Unicorn_Absent,-1,-1.0,1,Unicorn_Absent,480,32.0,64,1.0,64,0.0,1.0,ALL,32.0,1.0,0.0,0.0,ALL
0,2789227330,19,278927,Absent,64,1,1,1,1,1,1,1,1,1,1,1,1,1,1,1,1,1,1,1,1,1,1,1,1,1,1,1,1,1,1,1,1,1,1,1,1,1,1,1,1,1,1,1,1,1,1,1,1,1,1,1,1,1,1,1,1,1,1,1,1,1,1,1,1,32.0,0,Unicorn_Absent,-1,-1.0,1,Unicorn_Absent,512,32.0,64,1.0,64,0.0,1.0,ALL,32.0,1.0,0.0,0.0,ALL
0,2789227330,20,278927,Absent,64,1,1,1,1,1,1,1,1,1,1,1,1,1,1,1,1,1,1,1,1,1,1,1,1,1,1,1,1,1,1,1,1,1,1,1,1,1,1,1,1,1,1,1,1,1,1,1,1,1,1,1,1,1,1,1,1,1,1,1,1,1,1,1,1,32.0,0,Unicorn_Absent,-1,-1.0,1,Unicorn_Absent,544,32.0,64,1.0,64,0.0,1.0,ALL,32.0,1.0,0.0,0.0,ALL
0,2789227330,21,278927,Absent,64,1,1,1,1,1,1,1,1,1,1,1,1,1,1,1,1,1,1,1,1,1,1,1,1,1,1,1,1,1,1,1,1,1,1,1,1,1,1,1,1,1,1,1,1,1,1,1,1,1,1,1,1,1,1,1,1,1,1,1,1,1,1,1,1,32.0,0,Unicorn_Absent,-1,-1.0,1,Unicorn_Absent,576,32.0,64,1.0,64,0.0,1.0,ALL,32.0,1.0,0.0,0.0,ALL
0,2789227330,24,278927,Absent,64,1,1,1,1,1,1,1,1,1,1,1,1,1,1,1,1,1,1,1,1,1,1,1,1,1,1,1,1,1,1,1,1,1,1,1,1,1,1,1,1,1,1,1,1,1,1,1,1,1,1,1,1,1,1,1,1,1,1,1,1,1,1,1,1,32.0,0,Unicorn_Absent,-1,-1.0,1,Unicorn_Absent,672,32.0,64,1.0,64,0.0,1.0,ALL,32.0,1.0,0.0,0.0,ALL
0,2789227330,25,278927,Absent,64,1,1,1,1,1,1,1,1,1,1,1,1,1,1,1,1,1,1,1,1,1,1,1,1,1,1,1,1,1,1,1,1,1,1,1,1,1,1,1,1,1,1,1,1,1,1,1,1,1,1,1,1,1,1,1,1,1,1,1,1,1,1,1,1,32.0,0,Unicorn_Absent,-1,-1.0,1,Unicorn_Absent,704,32.0,64,1.0,64,0.0,1.0,ALL,32.0,1.0,0.0,0.0,ALL
0,2789227330,28,278927,Absent,64,1,1,1,1,1,1,1,1,1,1,1,1,1,1,1,1,1,1,1,1,1,1,1,1,1,1,1,1,1,1,1,1,1,1,1,1,1,1,1,1,1,1,1,1,1,1,1,1,1,1,1,1,1,1,1,1,1,1,1,1,1,1,1,1,32.0,0,Unicorn_Absent,-1,-1.0,1,Unicorn_Absent,800,32.0,64,1.0,64,0.0,1.0,ALL,32.0,1.0,0.0,0.0,ALL
0,2789227330,29,278927,Absent,64,1,1,1,1,1,1,1,1,1,1,1,1,1,1,1,1,1,1,1,1,1,1,1,1,1,1,1,1,1,1,1,1,1,1,1,1,1,1,1,1,1,1,1,1,1,1,1,1,1,1,1,1,1,1,1,1,1,1,1,1,1,1,1,1,32.0,0,Unicorn_Absent,-1,-1.0,1,Unicorn_Absent,832,32.0,64,1.0,64,0.0,1.0,ALL,32.0,1.0,0.0,0.0,ALL
0,2789227330,38,278927,Absent,64,1,1,1,1,1,1,1,1,1,1,1,1,1,1,1,1,1,1,1,1,1,1,1,1,1,1,1,1,1,1,1,1,1,1,1,1,1,1,1,1,1,1,1,1,1,1,1,1,1,1,1,1,1,1,1,1,1,1,1,1,1,1,1,1,32.0,0,Unicorn_Absent,-1,-1.0,1,Unicorn_Absent,1120,32.0,64,1.0,64,0.0,1.0,ALL,32.0,1.0,0.0,0.0,ALL
0,2789227330,39,278927,Absent,64,1,1,1,1,1,1,1,1,1,1,1,1,1,1,1,1,1,1,1,1,1,1,1,1,1,1,1,1,1,1,1,1,1,1,1,1,1,1,1,1,1,1,1,1,1,1,1,1,1,1,1,1,1,1,1,1,1,1,1,1,1,1,1,1,32.0,0,Unicorn_Absent,-1,-1.0,1,Unicorn_Absent,1152,32.0,64,1.0,64,0.0,1.0,ALL,32.0,1.0,0.0,0.0,ALL
0,2789227330,43,278927,Absent,64,1,1,1,1,1,1,1,1,1,1,1,1,1,1,1,1,1,1,1,1,1,1,1,1,1,1,1,1,1,1,1,1,1,1,1,1,1,1,1,1,1,1,1,1,1,1,1,1,1,1,1,1,1,1,1,1,1,1,1,1,1,1,1,1,0.0,32,Unicorn_Absent,-1,-1.0,1,Unicorn_Absent,1247,32.0,64,1.0,64,1.0,0.5,ALL,32.0,0.0,0.0,0.0,NOTHING
0,2789227330,44,278927,Absent,0,0,0,0,0,0,0,0,0,0,0,0,0,0,0,0,0,0,0,0,0,0,0,0,0,0,0,0,0,0,0,0,0,0,0,0,0,0,0,0,0,0,0,0,0,0,0,0,0,0,0,0,0,0,0,0,0,0,0,0,0,0,0,0,0,32.0,0,Unicorn_Absent,-1,-1.0,2,Unicorn_Absent,1279,32.0,0,0.0,32,0.0,0.5,NOTHING,0.0,1.0,32.0,1.0,NOTHING
0,2789227330,45,278927,Absent,0,0,0,0,0,0,0,0,0,0,0,0,0,0,0,0,0,0,0,0,0,0,0,0,0,0,0,0,0,0,0,0,0,0,0,0,0,0,0,0,0,0,0,0,0,0,0,0,0,0,0,0,0,0,0,0,0,0,0,0,0,0,0,0,0,32.0,0,Unicorn_Absent,-1,-1.0,2,Unicorn_Absent,1311,32.0,0,1.0,32,0.0,0.5,NOTHING,32.0,1.0,0.0,0.0,NOTHING
0,2789227330,46,278927,Absent,0,0,0,0,0,0,0,0,0,0,0,0,0,0,0,0,0,0,0,0,0,0,0,0,0,0,0,0,0,0,0,0,0,0,0,0,0,0,0,0,0,0,0,0,0,0,0,0,0,0,0,0,0,0,0,0,0,0,0,0,0,0,0,0,0,32.0,0,Unicorn_Absent,-1,-1.0,2,Unicorn_Absent,1343,32.0,0,1.0,32,0.0,0.5,NOTHING,32.0,1.0,0.0,0.0,NOTHING
0,2789227330,47,278927,Absent,0,0,0,0,0,0,0,0,0,0,0,0,0,0,0,0,0,0,0,0,0,0,0,0,0,0,0,0,0,0,0,0,0,0,0,0,0,0,0,0,0,0,0,0,0,0,0,0,0,0,0,0,0,0,0,0,0,0,0,0,0,0,0,0,0,32.0,0,Unicorn_Absent,-1,-1.0,2,Unicorn_Absent,1375,32.0,0,1.0,32,0.0,0.5,NOTHING,32.0,1.0,0.0,0.0,NOTHING
0,2789227330,51,278927,Absent,64,1,1,1,1,1,1,1,1,1,1,1,1,1,1,1,1,1,1,1,1,1,1,1,1,1,1,1,1,1,1,1,1,1,1,1,1,1,1,1,1,1,1,1,1,1,1,1,1,1,1,1,1,1,1,1,1,1,1,1,1,1,1,1,1,0.0,32,Unicorn_Absent,-1,-1.0,1,Unicorn_Absent,1363,10.0,64,0.0,64,0.3333333333333333,0.5,ALL,32.0,0.765625,0.0,0.0,RS
0,2789227330,56,278927,Absent,36,0,0,0,0,0,0,0,0,0,1,1,1,1,1,1,0,0,1,1,1,1,1,1,0,0,1,1,1,1,1,1,0,0,1,1,1,1,1,1,0,0,1,1,1,1,1,1,0,0,1,1,1,1,1,1,0,0,0,0,0,0,0,0,0,32.0,0,Unicorn_Absent,-1,-1.0,7,Unicorn_Absent,1378,23.0,36,0.46551724137931033,40,0.37460815047021945,0.625,IN,10.0,1.0,22.0,0.4322916666666667,IN
0,2794697110,3,279460,Absent,39,1,0,0,1,1,0,1,0,0,1,1,0,0,1,0,1,1,1,1,1,1,0,0,1,1,0,1,1,1,0,1,1,0,1,1,1,0,0,1,1,0,0,0,1,0,1,1,1,1,1,1,1,0,1,1,1,0,1,0,1,1,0,0,0,14.0,18,Unicorn_Absent,-1,-1.0,0,Unicorn_Absent,-70,16.0,39,0.36538461538461536,53,0.003315649867373982,0.546875,RS,7.0,0.39215686274509803,25.0,,TOP
0,2794697110,8,279460,Absent,32,1,1,1,1,1,1,1,1,1,1,1,1,1,1,1,1,1,1,1,1,1,1,1,1,1,1,1,1,1,1,1,1,0,0,0,0,0,0,0,0,0,0,0,0,0,0,0,0,0,0,0,0,0,0,0,0,0,0,0,0,0,0,0,0,16.0,16,Unicorn_Absent,-1,-1.0,4,Unicorn_Absent,19,16.0,32,1.0,48,0.0,0.5,TOP,16.0,1.0,16.0,0.0,TOP
0,2794697110,9,279460,Absent,32,1,1,1,1,1,1,1,1,1,1,1,1,1,1,1,1,1,1,1,1,1,1,1,1,1,1,1,1,1,1,1,1,0,0,0,0,0,0,0,0,0,0,0,0,0,0,0,0,0,0,0,0,0,0,0,0,0,0,0,0,0,0,0,0,16.0,16,Unicorn_Absent,-1,-1.0,4,Unicorn_Absent,35,16.0,32,1.0,48,0.0,0.5,TOP,16.0,1.0,16.0,0.0,TOP
0,2794697110,10,279460,Absent,32,1,1,1,1,1,1,1,1,1,1,1,1,1,1,1,1,1,1,1,1,1,1,1,1,1,1,1,1,1,1,1,1,0,0,0,0,0,0,0,0,0,0,0,0,0,0,0,0,0,0,0,0,0,0,0,0,0,0,0,0,0,0,0,0,16.0,16,Unicorn_Absent,-1,-1.0,4,Unicorn_Absent,51,16.0,32,1.0,48,0.0,0.5,TOP,16.0,1.0,16.0,0.0,TOP
0,2794697110,11,279460,Absent,32,1,1,1,1,1,1,1,1,1,1,1,1,1,1,1,1,1,1,1,1,1,1,1,1,1,1,1,1,1,1,1,1,0,0,0,0,0,0,0,0,0,0,0,0,0,0,0,0,0,0,0,0,0,0,0,0,0,0,0,0,0,0,0,0,16.0,16,Unicorn_Absent,-1,-1.0,4,Unicorn_Absent,67,16.0,32,1.0,48,0.0,0.5,TOP,16.0,1.0,16.0,0.0,TOP
0,2794697110,12,279460,Absent,32,1,1,1,1,1,1,1,1,1,1,1,1,1,1,1,1,1,1,1,1,1,1,1,1,1,1,1,1,1,1,1,1,0,0,0,0,0,0,0,0,0,0,0,0,0,0,0,0,0,0,0,0,0,0,0,0,0,0,0,0,0,0,0,0,16.0,16,Unicorn_Absent,-1,-1.0,4,Unicorn_Absent,83,16.0,32,1.0,48,0.0,0.5,TOP,16.0,1.0,16.0,0.0,TOP
0,2794697110,13,279460,Absent,32,1,1,1,1,1,1,1,1,1,1,1,1,1,1,1,1,1,1,1,1,1,1,1,1,1,1,1,1,1,1,1,1,0,0,0,0,0,0,0,0,0,0,0,0,0,0,0,0,0,0,0,0,0,0,0,0,0,0,0,0,0,0,0,0,16.0,16,Unicorn_Absent,-1,-1.0,4,Unicorn_Absent,99,0.0,32,1.0,48,0.0,0.5,TOP,16.0,1.0,16.0,0.0,TOP
0,2794697110,14,279460,Absent,32,1,1,1,1,1,1,1,1,1,1,1,1,1,1,1,1,1,1,1,1,1,1,1,1,1,1,1,1,1,1,1,1,0,0,0,0,0,0,0,0,0,0,0,0,0,0,0,0,0,0,0,0,0,0,0,0,0,0,0,0,0,0,0,0,0.0,32,Unicorn_Absent,-1,-1.0,4,Unicorn_Absent,99,28.0,32,1.0,64,0.5,0.5,TOP,16.0,0.46774193548387094,16.0,0.0,RS
0,2794697110,22,279460,Absent,64,1,1,1,1,1,1,1,1,1,1,1,1,1,1,1,1,1,1,1,1,1,1,1,1,1,1,1,1,1,1,1,1,1,1,1,1,1,1,1,1,1,1,1,1,1,1,1,1,1,1,1,1,1,1,1,1,1,1,1,1,1,1,1,1,32.0,0,Unicorn_Absent,-1,-1.0,1,Unicorn_Absent,351,32.0,64,1.0,64,0.0,1.0,ALL,32.0,1.0,0.0,0.0,ALL
0,2794697110,23,279460,Absent,64,1,1,1,1,1,1,1,1,1,1,1,1,1,1,1,1,1,1,1,1,1,1,1,1,1,1,1,1,1,1,1,1,1,1,1,1,1,1,1,1,1,1,1,1,1,1,1,1,1,1,1,1,1,1,1,1,1,1,1,1,1,1,1,1,32.0,0,Unicorn_Absent,-1,-1.0,1,Unicorn_Absent,383,32.0,64,1.0,64,0.0,1.0,ALL,32.0,1.0,0.0,0.0,ALL
0,2794697110,24,279460,Absent,64,1,1,1,1,1,1,1,1,1,1,1,1,1,1,1,1,1,1,1,1,1,1,1,1,1,1,1,1,1,1,1,1,1,1,1,1,1,1,1,1,1,1,1,1,1,1,1,1,1,1,1,1,1,1,1,1,1,1,1,1,1,1,1,1,32.0,0,Unicorn_Absent,-1,-1.0,1,Unicorn_Absent,415,32.0,64,1.0,64,0.0,1.0,ALL,32.0,1.0,0.0,0.0,ALL
0,2794697110,25,279460,Absent,64,1,1,1,1,1,1,1,1,1,1,1,1,1,1,1,1,1,1,1,1,1,1,1,1,1,1,1,1,1,1,1,1,1,1,1,1,1,1,1,1,1,1,1,1,1,1,1,1,1,1,1,1,1,1,1,1,1,1,1,1,1,1,1,1,32.0,0,Unicorn_Absent,-1,-1.0,1,Unicorn_Absent,447,32.0,64,1.0,64,0.0,1.0,ALL,32.0,1.0,0.0,0.0,ALL
0,2794697110,26,279460,Absent,64,1,1,1,1,1,1,1,1,1,1,1,1,1,1,1,1,1,1,1,1,1,1,1,1,1,1,1,1,1,1,1,1,1,1,1,1,1,1,1,1,1,1,1,1,1,1,1,1,1,1,1,1,1,1,1,1,1,1,1,1,1,1,1,1,32.0,0,Unicorn_Absent,-1,-1.0,1,Unicorn_Absent,479,32.0,64,1.0,64,0.0,1.0,ALL,32.0,1.0,0.0,0.0,ALL
0,2794697110,30,279460,Absent,64,1,1,1,1,1,1,1,1,1,1,1,1,1,1,1,1,1,1,1,1,1,1,1,1,1,1,1,1,1,1,1,1,1,1,1,1,1,1,1,1,1,1,1,1,1,1,1,1,1,1,1,1,1,1,1,1,1,1,1,1,1,1,1,1,32.0,0,Unicorn_Absent,-1,-1.0,1,Unicorn_Absent,607,32.0,64,1.0,64,0.0,1.0,ALL,32.0,1.0,0.0,0.0,ALL
0,2794697110,31,279460,Absent,64,1,1,1,1,1,1,1,1,1,1,1,1,1,1,1,1,1,1,1,1,1,1,1,1,1,1,1,1,1,1,1,1,1,1,1,1,1,1,1,1,1,1,1,1,1,1,1,1,1,1,1,1,1,1,1,1,1,1,1,1,1,1,1,1,32.0,0,Unicorn_Absent,-1,-1.0,1,Unicorn_Absent,639,32.0,64,1.0,64,0.0,1.0,ALL,32.0,1.0,0.0,0.0,ALL
0,2794697110,34,279460,Absent,64,1,1,1,1,1,1,1,1,1,1,1,1,1,1,1,1,1,1,1,1,1,1,1,1,1,1,1,1,1,1,1,1,1,1,1,1,1,1,1,1,1,1,1,1,1,1,1,1,1,1,1,1,1,1,1,1,1,1,1,1,1,1,1,1,32.0,0,Unicorn_Absent,-1,-1.0,1,Unicorn_Absent,735,32.0,64,1.0,64,0.0,1.0,ALL,32.0,1.0,0.0,0.0,ALL
0,2794697110,37,279460,Absent,64,1,1,1,1,1,1,1,1,1,1,1,1,1,1,1,1,1,1,1,1,1,1,1,1,1,1,1,1,1,1,1,1,1,1,1,1,1,1,1,1,1,1,1,1,1,1,1,1,1,1,1,1,1,1,1,1,1,1,1,1,1,1,1,1,32.0,0,Unicorn_Absent,-1,-1.0,1,Unicorn_Absent,831,32.0,64,1.0,64,0.0,1.0,ALL,32.0,1.0,0.0,0.0,ALL
0,2794697110,42,279460,Absent,64,1,1,1,1,1,1,1,1,1,1,1,1,1,1,1,1,1,1,1,1,1,1,1,1,1,1,1,1,1,1,1,1,1,1,1,1,1,1,1,1,1,1,1,1,1,1,1,1,1,1,1,1,1,1,1,1,1,1,1,1,1,1,1,1,29.0,3,Unicorn_Absent,-1,-1.0,1,Unicorn_Absent,988,0.0,64,1.0,64,1.0,0.953125,ALL,32.0,1.0,0.0,0.0,ALL
0,2794697110,46,279460,Absent,32,0,0,0,0,0,0,0,0,0,0,0,0,0,0,0,0,0,0,0,0,0,0,0,0,0,0,0,0,0,0,0,0,1,1,1,1,1,1,1,1,1,1,1,1,1,1,1,1,1,1,1,1,1,1,1,1,1,1,1,1,1,1,1,1,14.0,18,Unicorn_Absent,-1,-1.0,3,Unicorn_Absent,956,14.0,32,0.5,50,0.14,0.5,BOTTOM,0.0,1.0,32.0,0.9393939393939394,BOTTOM
0,2794697110,47,279460,Absent,32,0,0,0,0,0,0,0,0,0,0,0,0,0,0,0,0,0,0,0,0,0,0,0,0,0,0,0,0,0,0,0,0,1,1,1,1,1,1,1,1,1,1,1,1,1,1,1,1,1,1,1,1,1,1,1,1,1,1,1,1,1,1,1,1,14.0,18,Unicorn_Absent,-1,-1.0,3,Unicorn_Absent,970,14.0,32,1.0,50,0.0,0.5,BOTTOM,14.0,1.0,18.0,0.14,BOTTOM
0,2794697110,51,279460,Absent,64,1,1,1,1,1,1,1,1,1,1,1,1,1,1,1,1,1,1,1,1,1,1,1,1,1,1,1,1,1,1,1,1,1,1,1,1,1,1,1,1,1,1,1,1,1,1,1,1,1,1,1,1,1,1,1,1,1,1,1,1,1,1,1,1,-32.0,64,Unicorn_Absent,-1,-1.0,1,Unicorn_Absent,894,26.0,64,0.5,64,0.0625,0.0,ALL,14.0,0.5,18.0,0.0,LEFT
0,2794697110,3,971108,Absent,32,0,0,0,0,1,1,1,1,0,0,0,0,1,1,1,1,0,0,0,0,1,1,1,1,0,0,0,0,1,1,1,1,0,0,0,0,1,1,1,1,0,0,0,0,1,1,1,1,0,0,0,0,1,1,1,1,0,0,0,0,1,1,1,1,14.0,18,Unicorn_Absent,-1,-1.0,6,Unicorn_Absent,-70,16.0,32,0.3620689655172414,53,0.003315649867373982,0.546875,RIGHT,7.0,1.0,25.0,,RIGHT
0,2794697110,8,971108,Absent,32,0,0,0,0,1,1,1,1,0,0,0,0,1,1,1,1,0,0,0,0,1,1,1,1,0,0,0,0,1,1,1,1,0,0,0,0,1,1,1,1,0,0,0,0,1,1,1,1,0,0,0,0,1,1,1,1,0,0,0,0,1,1,1,1,16.0,16,Unicorn_Absent,-1,-1.0,6,Unicorn_Absent,19,16.0,32,1.0,48,0.0,0.5,RIGHT,16.0,1.0,16.0,0.0,RIGHT
0,2794697110,9,971108,Absent,32,0,0,0,0,1,1,1,1,0,0,0,0,1,1,1,1,0,0,0,0,1,1,1,1,0,0,0,0,1,1,1,1,0,0,0,0,1,1,1,1,0,0,0,0,1,1,1,1,0,0,0,0,1,1,1,1,0,0,0,0,1,1,1,1,16.0,16,Unicorn_Absent,-1,-1.0,6,Unicorn_Absent,35,16.0,32,1.0,48,0.0,0.5,RIGHT,16.0,1.0,16.0,0.0,RIGHT
0,2794697110,10,971108,Absent,32,0,0,0,0,1,1,1,1,0,0,0,0,1,1,1,1,0,0,0,0,1,1,1,1,0,0,0,0,1,1,1,1,0,0,0,0,1,1,1,1,0,0,0,0,1,1,1,1,0,0,0,0,1,1,1,1,0,0,0,0,1,1,1,1,16.0,16,Unicorn_Absent,-1,-1.0,6,Unicorn_Absent,51,16.0,32,1.0,48,0.0,0.5,RIGHT,16.0,1.0,16.0,0.0,RIGHT
0,2794697110,11,971108,Absent,32,0,0,0,0,1,1,1,1,0,0,0,0,1,1,1,1,0,0,0,0,1,1,1,1,0,0,0,0,1,1,1,1,0,0,0,0,1,1,1,1,0,0,0,0,1,1,1,1,0,0,0,0,1,1,1,1,0,0,0,0,1,1,1,1,16.0,16,Unicorn_Absent,-1,-1.0,6,Unicorn_Absent,67,16.0,32,1.0,48,0.0,0.5,RIGHT,16.0,1.0,16.0,0.0,RIGHT
0,2794697110,12,971108,Absent,32,0,0,0,0,1,1,1,1,0,0,0,0,1,1,1,1,0,0,0,0,1,1,1,1,0,0,0,0,1,1,1,1,0,0,0,0,1,1,1,1,0,0,0,0,1,1,1,1,0,0,0,0,1,1,1,1,0,0,0,0,1,1,1,1,16.0,16,Unicorn_Absent,-1,-1.0,6,Unicorn_Absent,83,16.0,32,1.0,48,0.0,0.5,RIGHT,16.0,1.0,16.0,0.0,RIGHT
0,2794697110,13,971108,Absent,32,0,0,0,0,1,1,1,1,0,0,0,0,1,1,1,1,0,0,0,0,1,1,1,1,0,0,0,0,1,1,1,1,0,0,0,0,1,1,1,1,0,0,0,0,1,1,1,1,0,0,0,0,1,1,1,1,0,0,0,0,1,1,1,1,16.0,16,Unicorn_Absent,-1,-1.0,6,Unicorn_Absent,99,0.0,32,1.0,48,0.0,0.5,RIGHT,16.0,0.5,16.0,0.0,ALL
0,2794697110,14,971108,Absent,64,1,1,1,1,1,1,1,1,1,1,1,1,1,1,1,1,1,1,1,1,1,1,1,1,1,1,1,1,1,1,1,1,1,1,1,1,1,1,1,1,1,1,1,1,1,1,1,1,1,1,1,1,1,1,1,1,1,1,1,1,1,1,1,1,0.0,32,Unicorn_Absent,-1,-1.0,1,Unicorn_Absent,99,28.0,64,0.5,64,0.5,0.5,ALL,16.0,0.0625,16.0,0.0,RS
0,2794697110,22,971108,Absent,0,0,0,0,0,0,0,0,0,0,0,0,0,0,0,0,0,0,0,0,0,0,0,0,0,0,0,0,0,0,0,0,0,0,0,0,0,0,0,0,0,0,0,0,0,0,0,0,0,0,0,0,0,0,0,0,0,0,0,0,0,0,0,0,0,32.0,0,Unicorn_Absent,-1,-1.0,2,Unicorn_Absent,351,32.0,0,1.0,64,0.0,1.0,NOTHING,32.0,1.0,0.0,0.0,NOTHING
0,2794697110,23,971108,Absent,0,0,0,0,0,0,0,0,0,0,0,0,0,0,0,0,0,0,0,0,0,0,0,0,0,0,0,0,0,0,0,0,0,0,0,0,0,0,0,0,0,0,0,0,0,0,0,0,0,0,0,0,0,0,0,0,0,0,0,0,0,0,0,0,0,32.0,0,Unicorn_Absent,-1,-1.0,2,Unicorn_Absent,383,32.0,0,1.0,64,0.0,1.0,NOTHING,32.0,1.0,0.0,0.0,NOTHING
0,2794697110,24,971108,Absent,0,0,0,0,0,0,0,0,0,0,0,0,0,0,0,0,0,0,0,0,0,0,0,0,0,0,0,0,0,0,0,0,0,0,0,0,0,0,0,0,0,0,0,0,0,0,0,0,0,0,0,0,0,0,0,0,0,0,0,0,0,0,0,0,0,32.0,0,Unicorn_Absent,-1,-1.0,2,Unicorn_Absent,415,32.0,0,1.0,64,0.0,1.0,NOTHING,32.0,1.0,0.0,0.0,NOTHING
0,2794697110,25,971108,Absent,0,0,0,0,0,0,0,0,0,0,0,0,0,0,0,0,0,0,0,0,0,0,0,0,0,0,0,0,0,0,0,0,0,0,0,0,0,0,0,0,0,0,0,0,0,0,0,0,0,0,0,0,0,0,0,0,0,0,0,0,0,0,0,0,0,32.0,0,Unicorn_Absent,-1,-1.0,2,Unicorn_Absent,447,32.0,0,1.0,64,0.0,1.0,NOTHING,32.0,1.0,0.0,0.0,NOTHING
0,2794697110,26,971108,Absent,0,0,0,0,0,0,0,0,0,0,0,0,0,0,0,0,0,0,0,0,0,0,0,0,0,0,0,0,0,0,0,0,0,0,0,0,0,0,0,0,0,0,0,0,0,0,0,0,0,0,0,0,0,0,0,0,0,0,0,0,0,0,0,0,0,32.0,0,Unicorn_Absent,-1,-1.0,2,Unicorn_Absent,479,32.0,0,1.0,64,0.0,1.0,NOTHING,32.0,1.0,0.0,0.0,NOTHING
0,2794697110,30,971108,Absent,0,0,0,0,0,0,0,0,0,0,0,0,0,0,0,0,0,0,0,0,0,0,0,0,0,0,0,0,0,0,0,0,0,0,0,0,0,0,0,0,0,0,0,0,0,0,0,0,0,0,0,0,0,0,0,0,0,0,0,0,0,0,0,0,0,32.0,0,Unicorn_Absent,-1,-1.0,2,Unicorn_Absent,607,32.0,0,1.0,64,0.0,1.0,NOTHING,32.0,1.0,0.0,0.0,NOTHING
0,2794697110,31,971108,Absent,0,0,0,0,0,0,0,0,0,0,0,0,0,0,0,0,0,0,0,0,0,0,0,0,0,0,0,0,0,0,0,0,0,0,0,0,0,0,0,0,0,0,0,0,0,0,0,0,0,0,0,0,0,0,0,0,0,0,0,0,0,0,0,0,0,32.0,0,Unicorn_Absent,-1,-1.0,2,Unicorn_Absent,639,32.0,0,1.0,64,0.0,1.0,NOTHING,32.0,1.0,0.0,0.0,NOTHING
0,2794697110,34,971108,Absent,0,0,0,0,0,0,0,0,0,0,0,0,0,0,0,0,0,0,0,0,0,0,0,0,0,0,0,0,0,0,0,0,0,0,0,0,0,0,0,0,0,0,0,0,0,0,0,0,0,0,0,0,0,0,0,0,0,0,0,0,0,0,0,0,0,32.0,0,Unicorn_Absent,-1,-1.0,2,Unicorn_Absent,735,32.0,0,1.0,64,0.0,1.0,NOTHING,32.0,1.0,0.0,0.0,NOTHING
0,2794697110,37,971108,Absent,0,0,0,0,0,0,0,0,0,0,0,0,0,0,0,0,0,0,0,0,0,0,0,0,0,0,0,0,0,0,0,0,0,0,0,0,0,0,0,0,0,0,0,0,0,0,0,0,0,0,0,0,0,0,0,0,0,0,0,0,0,0,0,0,0,32.0,0,Unicorn_Absent,-1,-1.0,2,Unicorn_Absent,831,32.0,0,1.0,64,0.0,1.0,NOTHING,32.0,1.0,0.0,0.0,NOTHING
0,2794697110,42,971108,Absent,3,0,0,0,0,0,0,0,0,0,0,0,0,0,0,0,0,0,0,0,1,0,0,0,0,0,0,0,0,0,0,0,0,0,0,0,0,0,0,0,0,0,0,0,0,0,0,0,1,0,0,0,0,1,0,0,0,0,0,0,0,0,0,0,0,29.0,3,Unicorn_Absent,-1,-1.0,0,Unicorn_Absent,988,0.0,3,0.0,64,1.0,0.953125,RS,32.0,0.06060606060606061,0.0,0.0,BOTTOM
0,2794697110,46,971108,Absent,36,0,0,0,0,0,0,0,0,0,1,1,1,1,1,1,0,0,1,1,1,1,1,1,0,0,1,1,1,1,1,1,0,0,1,1,1,1,1,1,0,0,1,1,1,1,1,1,0,0,1,1,1,1,1,1,0,0,0,0,0,0,0,0,0,14.0,18,Unicorn_Absent,-1,-1.0,7,Unicorn_Absent,956,14.0,36,0.36,50,0.14,0.5,IN,0.0,1.0,32.0,0.9393939393939394,IN
0,2794697110,47,971108,Absent,36,0,0,0,0,0,0,0,0,0,1,1,1,1,1,1,0,0,1,1,1,1,1,1,0,0,1,1,1,1,1,1,0,0,1,1,1,1,1,1,0,0,1,1,1,1,1,1,0,0,1,1,1,1,1,1,0,0,0,0,0,0,0,0,0,14.0,18,Unicorn_Absent,-1,-1.0,7,Unicorn_Absent,970,14.0,36,1.0,50,0.0,0.5,IN,14.0,1.0,18.0,0.14,IN
0,2794697110,51,971108,Absent,64,1,1,1,1,1,1,1,1,1,1,1,1,1,1,1,1,1,1,1,1,1,1,1,1,1,1,1,1,1,1,1,1,1,1,1,1,1,1,1,1,1,1,1,1,1,1,1,1,1,1,1,1,1,1,1,1,1,1,1,1,1,1,1,1,-32.0,64,Unicorn_Absent,-1,-1.0,1,Unicorn_Absent,894,26.0,64,0.5625,64,0.0625,0.0,ALL,14.0,0.140625,18.0,0.0,RS
0,3111662677,1,62677,Absent,18,0,0,0,1,0,1,0,1,1,0,1,0,1,0,0,0,0,1,0,0,0,1,1,0,0,0,0,0,0,0,0,0,0,0,0,0,1,0,0,1,0,0,1,0,0,1,0,0,1,0,0,1,0,0,0,0,0,1,0,0,1,0,1,0,19.0,13,Unicorn_Absent,-1,-1.0,0,Unicorn_Absent,19,32.0,18,,59,,0.71875,RS,,0.0,,,NOTHING
0,3111662677,14,62677,Absent,64,1,1,1,1,1,1,1,1,1,1,1,1,1,1,1,1,1,1,1,1,1,1,1,1,1,1,1,1,1,1,1,1,1,1,1,1,1,1,1,1,1,1,1,1,1,1,1,1,1,1,1,1,1,1,1,1,1,1,1,1,1,1,1,1,0.0,32,Unicorn_Absent,-1,-1.0,1,Unicorn_Absent,124,14.0,64,0.5,64,0.35365853658536583,0.5,ALL,26.0,0.5625,6.0,0.8048780487804879,IN
0,3111662677,30,62677,Absent,36,0,0,0,0,0,0,0,0,0,1,1,1,1,1,1,0,0,1,1,1,1,1,1,0,0,1,1,1,1,1,1,0,0,1,1,1,1,1,1,0,0,1,1,1,1,1,1,0,0,1,1,1,1,1,1,0,0,0,0,0,0,0,0,0,14.0,18,Unicorn_Absent,-1,-1.0,7,Unicorn_Absent,552,14.0,36,1.0,50,0.0,0.5,IN,14.0,1.0,18.0,0.0,IN
0,3111662677,31,62677,Absent,36,0,0,0,0,0,0,0,0,0,1,1,1,1,1,1,0,0,1,1,1,1,1,1,0,0,1,1,1,1,1,1,0,0,1,1,1,1,1,1,0,0,1,1,1,1,1,1,0,0,1,1,1,1,1,1,0,0,0,0,0,0,0,0,0,14.0,18,Unicorn_Absent,-1,-1.0,7,Unicorn_Absent,566,14.0,36,1.0,50,0.0,0.5,IN,14.0,1.0,18.0,0.0,IN
0,3111662677,47,62677,Absent,32,0,0,0,0,0,0,0,0,0,0,0,0,0,0,0,0,0,0,0,0,0,0,0,0,0,0,0,0,0,0,0,0,1,1,1,1,1,1,1,1,1,1,1,1,1,1,1,1,1,1,1,1,1,1,1,1,1,1,1,1,1,1,1,1,16.0,16,Unicorn_Absent,-1,-1.0,3,Unicorn_Absent,816,16.0,32,1.0,48,0.0,0.5,BOTTOM,16.0,1.0,16.0,0.0,BOTTOM
0,3111662677,48,62677,Absent,32,0,0,0,0,0,0,0,0,0,0,0,0,0,0,0,0,0,0,0,0,0,0,0,0,0,0,0,0,0,0,0,0,1,1,1,1,1,1,1,1,1,1,1,1,1,1,1,1,1,1,1,1,1,1,1,1,1,1,1,1,1,1,1,1,16.0,16,Unicorn_Absent,-1,-1.0,3,Unicorn_Absent,832,16.0,32,1.0,48,0.0,0.5,BOTTOM,16.0,1.0,16.0,0.0,BOTTOM
0,3111662677,51,62677,Absent,32,0,0,0,0,0,0,0,0,0,0,0,0,0,0,0,0,0,0,0,0,0,0,0,0,0,0,0,0,0,0,0,0,1,1,1,1,1,1,1,1,1,1,1,1,1,1,1,1,1,1,1,1,1,1,1,1,1,1,1,1,1,1,1,1,16.0,16,Unicorn_Absent,-1,-1.0,3,Unicorn_Absent,896,16.0,32,1.0,48,0.0,0.5,BOTTOM,16.0,1.0,16.0,0.0,BOTTOM
0,3111662677,1,311160,Absent,54,1,1,0,0,0,0,1,1,0,1,0,1,1,1,1,1,1,1,1,1,1,1,1,1,1,1,1,1,1,1,1,1,1,1,1,1,1,1,0,1,1,1,1,1,1,1,1,1,0,1,1,1,1,1,1,0,0,1,1,1,1,1,1,1,19.0,13,Unicorn_Absent,-1,-1.0,0,Unicorn_Absent,19,32.0,54,,59,,0.71875,RS,,0.21428571428571427,,,RS
0,3111662677,14,311160,Absent,32,1,1,1,1,0,0,0,0,1,1,1,1,0,0,0,0,1,1,1,1,0,0,0,0,1,1,1,1,0,0,0,0,1,1,1,1,0,0,0,0,1,1,1,1,0,0,0,0,1,1,1,1,0,0,0,0,1,1,1,1,0,0,0,0,0.0,32,Unicorn_Absent,-1,-1.0,5,Unicorn_Absent,124,14.0,32,0.14634146341463414,64,0.35365853658536583,0.5,LEFT,26.0,0.3333333333333333,6.0,0.8048780487804879,BOTTOM
0,3111662677,30,311160,Absent,32,0,0,0,0,0,0,0,0,0,0,0,0,0,0,0,0,0,0,0,0,0,0,0,0,0,0,0,0,0,0,0,0,1,1,1,1,1,1,1,1,1,1,1,1,1,1,1,1,1,1,1,1,1,1,1,1,1,1,1,1,1,1,1,1,14.0,18,Unicorn_Absent,-1,-1.0,3,Unicorn_Absent,552,14.0,32,1.0,50,0.0,0.5,BOTTOM,14.0,1.0,18.0,0.0,BOTTOM
0,3111662677,31,311160,Absent,32,0,0,0,0,0,0,0,0,0,0,0,0,0,0,0,0,0,0,0,0,0,0,0,0,0,0,0,0,0,0,0,0,1,1,1,1,1,1,1,1,1,1,1,1,1,1,1,1,1,1,1,1,1,1,1,1,1,1,1,1,1,1,1,1,14.0,18,Unicorn_Absent,-1,-1.0,3,Unicorn_Absent,566,14.0,32,1.0,50,0.0,0.5,BOTTOM,14.0,1.0,18.0,0.0,BOTTOM
0,3111662677,47,311160,Absent,32,1,1,1,1,0,0,0,0,1,1,1,1,0,0,0,0,1,1,1,1,0,0,0,0,1,1,1,1,0,0,0,0,1,1,1,1,0,0,0,0,1,1,1,1,0,0,0,0,1,1,1,1,0,0,0,0,1,1,1,1,0,0,0,0,16.0,16,Unicorn_Absent,-1,-1.0,5,Unicorn_Absent,816,16.0,32,1.0,48,0.0,0.5,LEFT,16.0,1.0,16.0,0.0,LEFT
0,3111662677,48,311160,Absent,32,1,1,1,1,0,0,0,0,1,1,1,1,0,0,0,0,1,1,1,1,0,0,0,0,1,1,1,1,0,0,0,0,1,1,1,1,0,0,0,0,1,1,1,1,0,0,0,0,1,1,1,1,0,0,0,0,1,1,1,1,0,0,0,0,16.0,16,Unicorn_Absent,-1,-1.0,5,Unicorn_Absent,832,16.0,32,1.0,48,0.0,0.5,LEFT,16.0,1.0,16.0,0.0,LEFT
0,3111662677,51,311160,Absent,32,1,1,1,1,0,0,0,0,1,1,1,1,0,0,0,0,1,1,1,1,0,0,0,0,1,1,1,1,0,0,0,0,1,1,1,1,0,0,0,0,1,1,1,1,0,0,0,0,1,1,1,1,0,0,0,0,1,1,1,1,0,0,0,0,16.0,16,Unicorn_Absent,-1,-1.0,5,Unicorn_Absent,896,16.0,32,1.0,48,0.0,0.5,LEFT,16.0,1.0,16.0,0.0,LEFT
0,3141317403,5,174036,Absent,32,1,1,1,1,0,0,0,0,1,1,1,1,0,0,0,0,1,1,1,1,0,0,0,0,1,1,1,1,0,0,0,0,1,1,1,1,0,0,0,0,1,1,1,1,0,0,0,0,1,1,1,1,0,0,0,0,1,1,1,1,0,0,0,0,0.0,32,Unicorn_Absent,-1,-1.0,5,Unicorn_Absent,-1,16.0,32,0.2564102564102564,64,0.3217147435897436,0.5,LEFT,23.0,0.3333333333333333,9.0,,TOP
0,3141317403,12,174036,Absent,64,1,1,1,1,1,1,1,1,1,1,1,1,1,1,1,1,1,1,1,1,1,1,1,1,1,1,1,1,1,1,1,1,1,1,1,1,1,1,1,1,1,1,1,1,1,1,1,1,1,1,1,1,1,1,1,1,1,1,1,1,1,1,1,1,20.0,12,Unicorn_Absent,-1,-1.0,1,Unicorn_Absent,22,-14.0,64,0.5625,64,0.3625,0.8125,ALL,-4.0,1.0,36.0,0.09153846153846157,ALL
0,3141317403,23,174036,Absent,32,1,1,1,1,0,0,0,0,1,1,1,1,0,0,0,0,1,1,1,1,0,0,0,0,1,1,1,1,0,0,0,0,1,1,1,1,0,0,0,0,1,1,1,1,0,0,0,0,1,1,1,1,0,0,0,0,1,1,1,1,0,0,0,0,1.0,31,Unicorn_Absent,-1,-1.0,5,Unicorn_Absent,167,4.0,32,0.0,63,0.49206349206349204,0.5,LEFT,32.0,0.30434782608695654,0.0,0.0,OUT
0,3141317403,27,174036,Absent,32,1,1,1,1,0,0,0,0,1,1,1,1,0,0,0,0,1,1,1,1,0,0,0,0,1,1,1,1,0,0,0,0,1,1,1,1,0,0,0,0,1,1,1,1,0,0,0,0,1,1,1,1,0,0,0,0,1,1,1,1,0,0,0,0,8.0,24,Unicorn_Absent,-1,-1.0,5,Unicorn_Absent,230,16.0,32,0.30434782608695654,56,0.44565217391304346,0.5,LEFT,4.0,1.0,28.0,0.6644021739130435,LEFT
0,3141317403,28,174036,Absent,32,1,1,1,1,0,0,0,0,1,1,1,1,0,0,0,0,1,1,1,1,0,0,0,0,1,1,1,1,0,0,0,0,1,1,1,1,0,0,0,0,1,1,1,1,0,0,0,0,1,1,1,1,0,0,0,0,1,1,1,1,0,0,0,0,16.0,16,Unicorn_Absent,-1,-1.0,5,Unicorn_Absent,246,16.0,32,1.0,48,0.49056603773584906,0.5,LEFT,8.0,1.0,24.0,0.44565217391304346,LEFT
0,3141317403,31,174036,Absent,40,1,1,0,0,1,0,1,1,1,1,1,0,0,0,1,1,0,1,0,1,0,1,1,1,1,1,0,1,1,0,0,0,1,0,0,0,1,1,0,0,1,0,1,0,1,0,1,1,1,1,0,1,1,1,1,0,1,1,1,1,1,0,1,1,13.0,19,Unicorn_Absent,-1,-1.0,0,Unicorn_Absent,195,0.0,40,0.38461538461538464,53,0.6153846153846154,0.53125,RS,16.0,0.3584905660377358,16.0,0.0,TOP
0,3141317403,34,174036,Absent,64,1,1,1,1,1,1,1,1,1,1,1,1,1,1,1,1,1,1,1,1,1,1,1,1,1,1,1,1,1,1,1,1,1,1,1,1,1,1,1,1,1,1,1,1,1,1,1,1,1,1,1,1,1,1,1,1,1,1,1,1,1,1,1,1,4.0,28,Unicorn_Absent,-1,-1.0,1,Unicorn_Absent,223,0.0,64,0.5,64,0.19565217391304346,0.5625,ALL,0.0,0.5,32.0,0.6415094339622642,BOTTOM
0,3141317403,39,174036,Absent,32,1,1,1,1,1,1,1,1,1,1,1,1,1,1,1,1,1,1,1,1,1,1,1,1,1,1,1,1,1,1,1,1,0,0,0,0,0,0,0,0,0,0,0,0,0,0,0,0,0,0,0,0,0,0,0,0,0,0,0,0,0,0,0,0,32.0,0,Unicorn_Absent,-1,-1.0,4,Unicorn_Absent,351,32.0,32,0.0,64,0.5,1.0,TOP,0.0,1.0,32.0,0.0625,TOP
0,3141317403,51,174036,Absent,32,0,0,0,0,1,1,1,1,0,0,0,0,1,1,1,1,0,0,0,0,1,1,1,1,0,0,0,0,1,1,1,1,0,0,0,0,1,1,1,1,0,0,0,0,1,1,1,1,0,0,0,0,1,1,1,1,0,0,0,0,1,1,1,1,0.0,32,Unicorn_Absent,-1,-1.0,6,Unicorn_Absent,661,9.0,32,0.46774193548387094,32,0.13440860215053763,0.0,RIGHT,3.0,0.4423076923076923,29.0,0.5081967213114754,RS
0,3141317403,58,174036,Absent,32,0,0,0,0,1,1,1,1,0,0,0,0,1,1,1,1,0,0,0,0,1,1,1,1,0,0,0,0,1,1,1,1,0,0,0,0,1,1,1,1,0,0,0,0,1,1,1,1,0,0,0,0,1,1,1,1,0,0,0,0,1,1,1,1,32.0,0,Unicorn_Absent,-1,-1.0,6,Unicorn_Absent,728,32.0,32,1.0,64,0.0,1.0,RIGHT,32.0,1.0,0.0,0.028368794326241176,RIGHT
0,3141317403,5,314134,Absent,64,1,1,1,1,1,1,1,1,1,1,1,1,1,1,1,1,1,1,1,1,1,1,1,1,1,1,1,1,1,1,1,1,1,1,1,1,1,1,1,1,1,1,1,1,1,1,1,1,1,1,1,1,1,1,1,1,1,1,1,1,1,1,1,1,0.0,32,Unicorn_Absent,-1,-1.0,1,Unicorn_Absent,-1,16.0,64,0.578125,64,0.3217147435897436,0.5,ALL,23.0,0.5,9.0,,LEFT
0,3141317403,12,314134,Absent,12,0,0,0,0,0,1,0,0,0,0,0,0,0,1,0,0,0,0,0,0,0,0,0,0,1,1,0,0,0,1,0,1,0,0,1,0,0,0,0,0,0,1,0,0,0,1,0,0,0,0,0,1,0,0,1,0,0,1,0,0,0,0,0,0,20.0,12,Unicorn_Absent,-1,-1.0,0,Unicorn_Absent,22,-14.0,12,0.2,64,0.3625,0.8125,RS,-4.0,0.23404255319148937,36.0,0.09153846153846157,RS
0,3141317403,23,314134,Absent,62,1,1,1,1,1,1,1,1,1,1,1,1,1,1,1,1,1,1,1,1,1,1,1,1,1,1,1,0,1,1,1,1,1,1,1,1,1,1,1,1,1,1,1,1,1,1,1,1,1,1,1,1,1,1,0,1,1,1,1,1,1,1,1,1,1.0,31,Unicorn_Absent,-1,-1.0,0,Unicorn_Absent,167,4.0,62,0.49206349206349204,63,0.49206349206349204,0.5,RS,32.0,0.96875,0.0,0.0,ALL
0,3141317403,27,314134,Absent,48,1,1,1,1,1,1,1,1,0,1,0,1,0,1,1,1,1,1,1,1,1,1,1,1,1,1,1,0,1,1,0,1,1,1,1,0,1,1,1,0,1,1,1,0,1,1,0,0,1,1,1,0,1,0,0,1,1,0,1,0,1,1,0,1,8.0,24,Unicorn_Absent,-1,-1.0,0,Unicorn_Absent,230,16.0,48,0.75,56,0.44565217391304346,0.5,RS,4.0,0.5094339622641509,28.0,0.6644021739130435,TOP
0,3141317403,28,314134,Absent,32,1,1,1,1,1,1,1,1,1,1,1,1,1,1,1,1,1,1,1,1,1,1,1,1,1,1,1,1,1,1,1,1,0,0,0,0,0,0,0,0,0,0,0,0,0,0,0,0,0,0,0,0,0,0,0,0,0,0,0,0,0,0,0,0,16.0,16,Unicorn_Absent,-1,-1.0,4,Unicorn_Absent,246,16.0,32,0.5094339622641509,48,0.49056603773584906,0.5,TOP,8.0,1.0,24.0,0.44565217391304346,TOP
0,3141317403,31,314134,Absent,32,1,1,1,1,1,1,1,1,1,1,1,1,1,1,1,1,1,1,1,1,1,1,1,1,1,1,1,1,1,1,1,1,0,0,0,0,0,0,0,0,0,0,0,0,0,0,0,0,0,0,0,0,0,0,0,0,0,0,0,0,0,0,0,0,13.0,19,Unicorn_Absent,-1,-1.0,4,Unicorn_Absent,195,0.0,32,1.0,53,0.6153846153846154,0.53125,TOP,16.0,1.0,16.0,0.0,TOP
0,3141317403,34,314134,Absent,28,1,1,1,1,1,1,1,1,1,0,0,0,0,0,0,1,1,0,0,0,0,0,0,1,1,0,0,0,0,0,0,1,1,0,0,0,0,0,0,1,1,0,0,0,0,0,0,1,1,0,0,0,0,0,0,1,1,1,1,1,1,1,1,1,4.0,28,Unicorn_Absent,-1,-1.0,8,Unicorn_Absent,223,0.0,28,0.30434782608695654,64,0.19565217391304346,0.5625,OUT,0.0,0.4375,32.0,0.6415094339622642,ALL
0,3141317403,39,314134,Absent,32,0,0,0,0,0,0,0,0,0,0,0,0,0,0,0,0,0,0,0,0,0,0,0,0,0,0,0,0,0,0,0,0,1,1,1,1,1,1,1,1,1,1,1,1,1,1,1,1,1,1,1,1,1,1,1,1,1,1,1,1,1,1,1,1,32.0,0,Unicorn_Absent,-1,-1.0,3,Unicorn_Absent,351,32.0,32,0.5,64,0.5,1.0,BOTTOM,0.0,1.0,32.0,0.0625,BOTTOM
0,3141317403,51,314134,Absent,32,0,0,0,0,1,1,1,1,0,0,0,0,1,1,1,1,0,0,0,0,1,1,1,1,0,0,0,0,1,1,1,1,0,0,0,0,1,1,1,1,0,0,0,0,1,1,1,1,0,0,0,0,1,1,1,1,0,0,0,0,1,1,1,1,0.0,32,Unicorn_Absent,-1,-1.0,6,Unicorn_Absent,661,9.0,32,0.3333333333333333,32,0.13440860215053763,0.0,RIGHT,3.0,0.3333333333333333,29.0,0.5081967213114754,TOP
0,3141317403,58,314134,Absent,32,1,1,1,1,0,0,0,0,1,1,1,1,0,0,0,0,1,1,1,1,0,0,0,0,1,1,1,1,0,0,0,0,1,1,1,1,0,0,0,0,1,1,1,1,0,0,0,0,1,1,1,1,0,0,0,0,1,1,1,1,0,0,0,0,32.0,0,Unicorn_Absent,-1,-1.0,5,Unicorn_Absent,728,32.0,32,1.0,64,0.0,1.0,LEFT,32.0,1.0,0.0,0.028368794326241176,LEFT
0,3524323970,9,239703,Absent,9,0,0,1,0,1,0,0,1,0,0,0,0,0,0,0,1,0,1,0,0,0,0,0,0,1,0,0,0,0,0,0,0,0,0,0,1,0,0,0,0,0,0,0,0,0,0,0,0,0,0,0,0,0,0,0,1,0,0,0,1,0,0,0,0,26.0,6,Unicorn_Absent,-1,-1.0,0,Unicorn_Absent,-75,29.0,9,0.11904761904761904,35,0.11904761904761904,0.453125,RS,32.0,0.0625,0.0,0.40425531914893614,RS
0,3524323970,13,239703,Absent,36,0,0,0,0,0,0,0,0,0,1,1,1,1,1,1,0,0,1,1,1,1,1,1,0,0,1,1,1,1,1,1,0,0,1,1,1,1,1,1,0,0,1,1,1,1,1,1,0,0,1,1,1,1,1,1,0,0,0,0,0,0,0,0,0,32.0,0,Unicorn_Absent,-1,-1.0,7,Unicorn_Absent,-142,32.0,36,0.1282051282051282,36,0.1282051282051282,0.5625,IN,29.0,1.0,3.0,0.9375,IN
0,3524323970,14,239703,Absent,36,0,0,0,0,0,0,0,0,0,1,1,1,1,1,1,0,0,1,1,1,1,1,1,0,0,1,1,1,1,1,1,0,0,1,1,1,1,1,1,0,0,1,1,1,1,1,1,0,0,1,1,1,1,1,1,0,0,0,0,0,0,0,0,0,32.0,0,Unicorn_Absent,-1,-1.0,7,Unicorn_Absent,-110,32.0,36,1.0,36,0.0,0.5625,IN,32.0,1.0,0.0,0.1282051282051282,IN
0,3524323970,15,239703,Absent,36,0,0,0,0,0,0,0,0,0,1,1,1,1,1,1,0,0,1,1,1,1,1,1,0,0,1,1,1,1,1,1,0,0,1,1,1,1,1,1,0,0,1,1,1,1,1,1,0,0,1,1,1,1,1,1,0,0,0,0,0,0,0,0,0,32.0,0,Unicorn_Absent,-1,-1.0,7,Unicorn_Absent,-78,32.0,36,1.0,36,0.0,0.5625,IN,32.0,0.36,0.0,0.0,TOP
0,3524323970,18,239703,Absent,32,1,1,1,1,1,1,1,1,1,1,1,1,1,1,1,1,1,1,1,1,1,1,1,1,1,1,1,1,1,1,1,1,0,0,0,0,0,0,0,0,0,0,0,0,0,0,0,0,0,0,0,0,0,0,0,0,0,0,0,0,0,0,0,0,32.0,0,Unicorn_Absent,-1,-1.0,4,Unicorn_Absent,18,32.0,32,1.0,32,0.0,0.5,TOP,32.0,1.0,0.0,0.64,TOP
0,3524323970,19,239703,Absent,32,1,1,1,1,1,1,1,1,1,1,1,1,1,1,1,1,1,1,1,1,1,1,1,1,1,1,1,1,1,1,1,1,0,0,0,0,0,0,0,0,0,0,0,0,0,0,0,0,0,0,0,0,0,0,0,0,0,0,0,0,0,0,0,0,32.0,0,Unicorn_Absent,-1,-1.0,4,Unicorn_Absent,50,32.0,32,1.0,32,0.0,0.5,TOP,32.0,1.0,0.0,0.0,TOP
0,3524323970,22,239703,Absent,32,1,1,1,1,0,0,0,0,1,1,1,1,0,0,0,0,1,1,1,1,0,0,0,0,1,1,1,1,0,0,0,0,1,1,1,1,0,0,0,0,1,1,1,1,0,0,0,0,1,1,1,1,0,0,0,0,1,1,1,1,0,0,0,0,28.0,4,Unicorn_Absent,-1,-1.0,5,Unicorn_Absent,46,10.0,32,0.3333333333333333,39,0.3333333333333333,0.546875,LEFT,32.0,1.0,0.0,0.0,LEFT
0,3524323970,23,239703,Absent,32,1,1,1,1,0,0,0,0,1,1,1,1,0,0,0,0,1,1,1,1,0,0,0,0,1,1,1,1,0,0,0,0,1,1,1,1,0,0,0,0,1,1,1,1,0,0,0,0,1,1,1,1,0,0,0,0,1,1,1,1,0,0,0,0,10.0,22,Unicorn_Absent,-1,-1.0,5,Unicorn_Absent,56,21.0,32,1.0,61,0.8301886792452831,0.609375,LEFT,28.0,1.0,4.0,0.3333333333333333,LEFT
0,3524323970,30,239703,Absent,32,1,1,1,1,1,1,1,1,1,1,1,1,1,1,1,1,1,1,1,1,1,1,1,1,1,1,1,1,1,1,1,1,0,0,0,0,0,0,0,0,0,0,0,0,0,0,0,0,0,0,0,0,0,0,0,0,0,0,0,0,0,0,0,0,16.0,16,Unicorn_Absent,-1,-1.0,4,Unicorn_Absent,-62,16.0,32,0.3333333333333333,48,0.12403100775193796,0.5,TOP,21.0,1.0,11.0,0.6851851851851851,TOP
0,3524323970,34,239703,Absent,32,1,1,1,1,1,1,1,1,1,1,1,1,1,1,1,1,1,1,1,1,1,1,1,1,1,1,1,1,1,1,1,1,0,0,0,0,0,0,0,0,0,0,0,0,0,0,0,0,0,0,0,0,0,0,0,0,0,0,0,0,0,0,0,0,16.0,16,Unicorn_Absent,-1,-1.0,4,Unicorn_Absent,22,16.0,32,1.0,48,0.0,0.5,TOP,16.0,1.0,16.0,0.0,TOP
0,3524323970,35,239703,Absent,32,1,1,1,1,1,1,1,1,1,1,1,1,1,1,1,1,1,1,1,1,1,1,1,1,1,1,1,1,1,1,1,1,0,0,0,0,0,0,0,0,0,0,0,0,0,0,0,0,0,0,0,0,0,0,0,0,0,0,0,0,0,0,0,0,16.0,16,Unicorn_Absent,-1,-1.0,4,Unicorn_Absent,38,16.0,32,1.0,48,0.0,0.5,TOP,16.0,1.0,16.0,0.0,TOP
0,3524323970,42,239703,Absent,42,1,1,0,0,0,0,0,0,1,1,1,1,1,0,1,0,1,0,1,0,1,1,1,1,0,0,0,1,0,1,1,1,1,1,1,1,1,1,1,0,0,0,0,0,1,1,1,1,1,1,1,0,1,0,1,1,1,1,1,1,1,1,0,1,9.0,23,Unicorn_Absent,-1,-1.0,0,Unicorn_Absent,15,16.0,42,0.37037037037037035,58,0.37037037037037035,0.546875,RS,32.0,0.37037037037037035,0.0,0.6607142857142857,LEFT
0,3524323970,43,239703,Absent,32,1,1,1,1,0,0,0,0,1,1,1,1,0,0,0,0,1,1,1,1,0,0,0,0,1,1,1,1,0,0,0,0,1,1,1,1,0,0,0,0,1,1,1,1,0,0,0,0,1,1,1,1,0,0,0,0,1,1,1,1,0,0,0,0,16.0,16,Unicorn_Absent,-1,-1.0,5,Unicorn_Absent,31,16.0,32,0.37037037037037035,48,0.0049857549857549865,0.5,LEFT,9.0,1.0,23.0,0.37037037037037035,LEFT
0,3524323970,44,239703,Absent,32,1,1,1,1,0,0,0,0,1,1,1,1,0,0,0,0,1,1,1,1,0,0,0,0,1,1,1,1,0,0,0,0,1,1,1,1,0,0,0,0,1,1,1,1,0,0,0,0,1,1,1,1,0,0,0,0,1,1,1,1,0,0,0,0,16.0,16,Unicorn_Absent,-1,-1.0,5,Unicorn_Absent,47,16.0,32,1.0,48,0.0,0.5,LEFT,16.0,1.0,16.0,0.0049857549857549865,LEFT
0,3524323970,45,239703,Absent,32,1,1,1,1,0,0,0,0,1,1,1,1,0,0,0,0,1,1,1,1,0,0,0,0,1,1,1,1,0,0,0,0,1,1,1,1,0,0,0,0,1,1,1,1,0,0,0,0,1,1,1,1,0,0,0,0,1,1,1,1,0,0,0,0,16.0,16,Unicorn_Absent,-1,-1.0,5,Unicorn_Absent,63,16.0,32,1.0,48,0.0,0.5,LEFT,16.0,1.0,16.0,0.0,LEFT
0,3524323970,46,239703,Absent,32,1,1,1,1,0,0,0,0,1,1,1,1,0,0,0,0,1,1,1,1,0,0,0,0,1,1,1,1,0,0,0,0,1,1,1,1,0,0,0,0,1,1,1,1,0,0,0,0,1,1,1,1,0,0,0,0,1,1,1,1,0,0,0,0,16.0,16,Unicorn_Absent,-1,-1.0,5,Unicorn_Absent,79,16.0,32,1.0,48,0.0,0.5,LEFT,16.0,1.0,16.0,0.0,LEFT
0,3524323970,53,239703,Absent,32,1,1,1,1,1,1,1,1,1,1,1,1,1,1,1,1,1,1,1,1,1,1,1,1,1,1,1,1,1,1,1,1,0,0,0,0,0,0,0,0,0,0,0,0,0,0,0,0,0,0,0,0,0,0,0,0,0,0,0,0,0,0,0,0,0.0,32,Unicorn_Absent,-1,-1.0,4,Unicorn_Absent,19,29.0,32,0.3333333333333333,32,0.13440860215053763,0.0,TOP,4.0,0.33962264150943394,28.0,0.5081967213114754,RS
0,3524323970,54,239703,Absent,39,0,0,0,0,0,1,0,1,1,1,1,1,0,0,1,0,1,1,1,0,0,0,1,1,1,1,1,0,0,1,1,1,1,1,1,1,1,1,1,0,0,0,1,1,0,0,1,0,1,1,1,1,0,1,0,1,1,1,0,0,0,1,1,1,29.0,3,Unicorn_Absent,-1,-1.0,0,Unicorn_Absent,48,25.0,39,0.33962264150943394,42,0.25390835579514826,0.609375,RS,0.0,0.33962264150943394,32.0,0.13440860215053763,TOP
0,3524323970,55,239703,Absent,32,1,1,1,1,1,1,1,1,1,1,1,1,1,1,1,1,1,1,1,1,1,1,1,1,1,1,1,1,1,1,1,1,0,0,0,0,0,0,0,0,0,0,0,0,0,0,0,0,0,0,0,0,0,0,0,0,0,0,0,0,0,0,0,0,25.0,7,Unicorn_Absent,-1,-1.0,4,Unicorn_Absent,73,18.0,32,0.33962264150943394,37,0.21462264150943394,0.46875,TOP,29.0,1.0,3.0,0.25390835579514826,TOP
0,3524323970,56,239703,Absent,32,1,1,1,1,1,1,1,1,1,1,1,1,1,1,1,1,1,1,1,1,1,1,1,1,1,1,1,1,1,1,1,1,0,0,0,0,0,0,0,0,0,0,0,0,0,0,0,0,0,0,0,0,0,0,0,0,0,0,0,0,0,0,0,0,18.0,14,Unicorn_Absent,-1,-1.0,4,Unicorn_Absent,91,18.0,32,1.0,46,0.7878787878787878,0.5,TOP,25.0,1.0,7.0,0.21462264150943394,TOP
0,3524323970,9,352432,Absent,32,1,1,1,1,1,1,1,1,1,1,1,1,1,1,1,1,1,1,1,1,1,1,1,1,1,1,1,1,1,1,1,1,0,0,0,0,0,0,0,0,0,0,0,0,0,0,0,0,0,0,0,0,0,0,0,0,0,0,0,0,0,0,0,0,26.0,6,Unicorn_Absent,-1,-1.0,4,Unicorn_Absent,-75,29.0,32,0.0,35,0.11904761904761904,0.453125,TOP,32.0,1.0,0.0,0.40425531914893614,TOP
0,3524323970,13,352432,Absent,0,0,0,0,0,0,0,0,0,0,0,0,0,0,0,0,0,0,0,0,0,0,0,0,0,0,0,0,0,0,0,0,0,0,0,0,0,0,0,0,0,0,0,0,0,0,0,0,0,0,0,0,0,0,0,0,0,0,0,0,0,0,0,0,0,32.0,0,Unicorn_Absent,-1,-1.0,2,Unicorn_Absent,-142,32.0,0,0.0,36,0.1282051282051282,0.5625,NOTHING,29.0,1.0,3.0,0.9375,NOTHING
0,3524323970,14,352432,Absent,0,0,0,0,0,0,0,0,0,0,0,0,0,0,0,0,0,0,0,0,0,0,0,0,0,0,0,0,0,0,0,0,0,0,0,0,0,0,0,0,0,0,0,0,0,0,0,0,0,0,0,0,0,0,0,0,0,0,0,0,0,0,0,0,0,32.0,0,Unicorn_Absent,-1,-1.0,2,Unicorn_Absent,-110,32.0,0,1.0,36,0.0,0.5625,NOTHING,32.0,1.0,0.0,0.1282051282051282,NOTHING
0,3524323970,15,352432,Absent,0,0,0,0,0,0,0,0,0,0,0,0,0,0,0,0,0,0,0,0,0,0,0,0,0,0,0,0,0,0,0,0,0,0,0,0,0,0,0,0,0,0,0,0,0,0,0,0,0,0,0,0,0,0,0,0,0,0,0,0,0,0,0,0,0,32.0,0,Unicorn_Absent,-1,-1.0,2,Unicorn_Absent,-78,32.0,0,1.0,36,0.0,0.5625,NOTHING,32.0,1.0,0.0,0.0,NOTHING
0,3524323970,18,352432,Absent,0,0,0,0,0,0,0,0,0,0,0,0,0,0,0,0,0,0,0,0,0,0,0,0,0,0,0,0,0,0,0,0,0,0,0,0,0,0,0,0,0,0,0,0,0,0,0,0,0,0,0,0,0,0,0,0,0,0,0,0,0,0,0,0,0,32.0,0,Unicorn_Absent,-1,-1.0,2,Unicorn_Absent,18,32.0,0,1.0,32,0.0,0.5,NOTHING,32.0,1.0,0.0,0.64,NOTHING
0,3524323970,19,352432,Absent,0,0,0,0,0,0,0,0,0,0,0,0,0,0,0,0,0,0,0,0,0,0,0,0,0,0,0,0,0,0,0,0,0,0,0,0,0,0,0,0,0,0,0,0,0,0,0,0,0,0,0,0,0,0,0,0,0,0,0,0,0,0,0,0,0,32.0,0,Unicorn_Absent,-1,-1.0,2,Unicorn_Absent,50,32.0,0,1.0,32,0.0,0.5,NOTHING,32.0,1.0,0.0,0.0,NOTHING
0,3524323970,22,352432,Absent,11,0,0,0,0,0,0,0,0,0,0,0,0,0,0,0,0,0,0,0,1,0,1,1,1,1,0,0,0,0,1,0,0,0,0,0,0,0,0,0,0,1,0,1,0,0,0,0,0,0,0,0,0,1,0,0,1,0,0,0,0,1,0,0,0,28.0,4,Unicorn_Absent,-1,-1.0,0,Unicorn_Absent,46,10.0,11,0.0,39,0.3333333333333333,0.546875,RS,32.0,0.16981132075471697,0.0,0.0,RS
0,3524323970,23,352432,Absent,51,0,1,1,0,1,1,1,1,1,1,1,1,1,0,1,1,1,1,1,1,1,1,1,1,1,0,1,1,1,1,1,1,0,1,0,0,1,1,1,1,1,1,0,0,1,1,1,1,1,0,1,1,1,1,1,0,1,0,1,1,1,0,1,1,10.0,22,Unicorn_Absent,-1,-1.0,0,Unicorn_Absent,56,21.0,51,0.16981132075471697,61,0.8301886792452831,0.609375,RS,28.0,0.3148148148148148,4.0,0.3333333333333333,RS
0,3524323970,30,352432,Absent,32,0,0,0,0,1,1,1,1,0,0,0,0,1,1,1,1,0,0,0,0,1,1,1,1,0,0,0,0,1,1,1,1,0,0,0,0,1,1,1,1,0,0,0,0,1,1,1,1,0,0,0,0,1,1,1,1,0,0,0,0,1,1,1,1,16.0,16,Unicorn_Absent,-1,-1.0,6,Unicorn_Absent,-62,16.0,32,0.20930232558139536,48,0.12403100775193796,0.5,RIGHT,21.0,1.0,11.0,0.6851851851851851,RIGHT
0,3524323970,34,352432,Absent,32,0,0,0,0,1,1,1,1,0,0,0,0,1,1,1,1,0,0,0,0,1,1,1,1,0,0,0,0,1,1,1,1,0,0,0,0,1,1,1,1,0,0,0,0,1,1,1,1,0,0,0,0,1,1,1,1,0,0,0,0,1,1,1,1,16.0,16,Unicorn_Absent,-1,-1.0,6,Unicorn_Absent,22,16.0,32,1.0,48,0.0,0.5,RIGHT,16.0,1.0,16.0,0.0,RIGHT
0,3524323970,35,352432,Absent,32,0,0,0,0,1,1,1,1,0,0,0,0,1,1,1,1,0,0,0,0,1,1,1,1,0,0,0,0,1,1,1,1,0,0,0,0,1,1,1,1,0,0,0,0,1,1,1,1,0,0,0,0,1,1,1,1,0,0,0,0,1,1,1,1,16.0,16,Unicorn_Absent,-1,-1.0,6,Unicorn_Absent,38,16.0,32,1.0,48,0.0,0.5,RIGHT,16.0,1.0,16.0,0.0,RIGHT
0,3524323970,42,352432,Absent,39,0,1,1,1,1,1,1,1,1,1,1,1,0,0,0,1,1,0,0,1,0,0,0,1,1,0,1,0,1,1,0,1,0,1,1,0,1,1,0,0,0,0,1,1,1,0,0,0,0,1,1,1,0,1,1,1,1,0,1,1,1,0,1,1,9.0,23,Unicorn_Absent,-1,-1.0,0,Unicorn_Absent,15,16.0,39,0.0,58,0.37037037037037035,0.546875,RS,32.0,0.36538461538461536,0.0,0.6607142857142857,BOTTOM
0,3524323970,43,352432,Absent,32,0,0,0,0,0,0,0,0,0,0,0,0,0,0,0,0,0,0,0,0,0,0,0,0,0,0,0,0,0,0,0,0,1,1,1,1,1,1,1,1,1,1,1,1,1,1,1,1,1,1,1,1,1,1,1,1,1,1,1,1,1,1,1,1,16.0,16,Unicorn_Absent,-1,-1.0,3,Unicorn_Absent,31,16.0,32,0.36538461538461536,48,0.0049857549857549865,0.5,BOTTOM,9.0,1.0,23.0,0.37037037037037035,BOTTOM
0,3524323970,44,352432,Absent,32,0,0,0,0,0,0,0,0,0,0,0,0,0,0,0,0,0,0,0,0,0,0,0,0,0,0,0,0,0,0,0,0,1,1,1,1,1,1,1,1,1,1,1,1,1,1,1,1,1,1,1,1,1,1,1,1,1,1,1,1,1,1,1,1,16.0,16,Unicorn_Absent,-1,-1.0,3,Unicorn_Absent,47,16.0,32,1.0,48,0.0,0.5,BOTTOM,16.0,1.0,16.0,0.0049857549857549865,BOTTOM
0,3524323970,45,352432,Absent,32,0,0,0,0,0,0,0,0,0,0,0,0,0,0,0,0,0,0,0,0,0,0,0,0,0,0,0,0,0,0,0,0,1,1,1,1,1,1,1,1,1,1,1,1,1,1,1,1,1,1,1,1,1,1,1,1,1,1,1,1,1,1,1,1,16.0,16,Unicorn_Absent,-1,-1.0,3,Unicorn_Absent,63,16.0,32,1.0,48,0.0,0.5,BOTTOM,16.0,1.0,16.0,0.0,BOTTOM
0,3524323970,46,352432,Absent,32,0,0,0,0,0,0,0,0,0,0,0,0,0,0,0,0,0,0,0,0,0,0,0,0,0,0,0,0,0,0,0,0,1,1,1,1,1,1,1,1,1,1,1,1,1,1,1,1,1,1,1,1,1,1,1,1,1,1,1,1,1,1,1,1,16.0,16,Unicorn_Absent,-1,-1.0,3,Unicorn_Absent,79,16.0,32,1.0,48,0.0,0.5,BOTTOM,16.0,1.0,16.0,0.0,BOTTOM
0,3524323970,53,352432,Absent,32,1,1,1,1,1,1,1,1,1,1,1,1,1,1,1,1,1,1,1,1,1,1,1,1,1,1,1,1,1,1,1,1,0,0,0,0,0,0,0,0,0,0,0,0,0,0,0,0,0,0,0,0,0,0,0,0,0,0,0,0,0,0,0,0,0.0,32,Unicorn_Absent,-1,-1.0,4,Unicorn_Absent,19,29.0,32,0.46774193548387094,32,0.13440860215053763,0.0,TOP,4.0,0.08571428571428572,28.0,0.5081967213114754,RS
0,3524323970,54,352432,Absent,6,1,0,0,0,0,0,0,1,0,0,0,0,1,0,0,0,0,0,0,0,0,0,0,0,0,0,0,0,0,0,0,0,0,1,0,0,0,0,0,0,0,0,0,0,0,0,1,0,0,0,0,0,1,0,0,0,0,0,0,0,0,0,0,0,29.0,3,Unicorn_Absent,-1,-1.0,0,Unicorn_Absent,48,25.0,6,0.08571428571428572,42,0.25390835579514826,0.609375,RS,0.0,0.125,32.0,0.13440860215053763,RS
0,3524323970,55,352432,Absent,12,1,0,1,1,0,0,0,0,0,1,0,0,1,0,0,0,0,0,0,0,0,0,0,0,0,0,1,0,0,0,0,1,0,0,0,0,0,0,0,0,0,0,0,0,1,0,0,0,0,0,1,0,0,0,0,0,1,0,0,0,0,1,0,1,25.0,7,Unicorn_Absent,-1,-1.0,0,Unicorn_Absent,73,18.0,12,0.125,37,0.21462264150943394,0.46875,RS,29.0,0.21212121212121213,3.0,0.25390835579514826,OUT
0,3524323970,56,352432,Absent,28,1,1,1,1,1,1,1,1,1,0,0,0,0,0,0,1,1,0,0,0,0,0,0,1,1,0,0,0,0,0,0,1,1,0,0,0,0,0,0,1,1,0,0,0,0,0,0,1,1,0,0,0,0,0,0,1,1,1,1,1,1,1,1,1,18.0,14,Unicorn_Absent,-1,-1.0,8,Unicorn_Absent,91,18.0,28,0.21212121212121213,46,0.7878787878787878,0.5,OUT,25.0,1.0,7.0,0.21462264150943394,OUT
0,3734781094,12,373471,Absent,8,1,0,1,0,0,0,1,1,0,0,0,0,0,0,0,0,0,0,0,0,0,0,0,0,0,0,0,0,0,1,0,0,0,0,0,0,1,0,0,0,0,1,0,0,0,0,0,0,0,1,0,0,0,0,0,0,0,0,0,0,0,0,0,0,26.0,6,Unicorn_Absent,-1,-1.0,0,Unicorn_Absent,251,32.0,8,0.125,45,0.125,0.609375,RS,32.0,0.1111111111111111,0.0,0.0,RS
0,3734781094,13,373471,Absent,22,0,0,1,0,0,1,0,1,0,0,0,0,0,0,1,0,0,1,0,1,1,1,0,0,0,1,1,0,0,0,0,1,0,0,1,1,0,1,0,0,0,0,0,1,0,0,0,0,0,1,1,1,1,0,0,0,0,0,0,1,0,0,1,1,32.0,0,Unicorn_Absent,-1,-1.0,0,Unicorn_Absent,283,32.0,22,0.1111111111111111,22,0.1111111111111111,0.34375,RS,26.0,0.16279069767441862,6.0,0.125,OUT
0,3734781094,14,373471,Absent,28,1,1,1,1,1,1,1,1,1,0,0,0,0,0,0,1,1,0,0,0,0,0,0,1,1,0,0,0,0,0,0,1,1,0,0,0,0,0,0,1,1,0,0,0,0,0,0,1,1,0,0,0,0,0,0,1,1,1,1,1,1,1,1,1,32.0,0,Unicorn_Absent,-1,-1.0,8,Unicorn_Absent,315,32.0,28,0.16279069767441862,28,0.8372093023255813,0.4375,OUT,32.0,1.0,0.0,0.1111111111111111,OUT
0,3734781094,23,373471,Absent,32,0,0,0,0,1,1,1,1,0,0,0,0,1,1,1,1,0,0,0,0,1,1,1,1,0,0,0,0,1,1,1,1,0,0,0,0,1,1,1,1,0,0,0,0,1,1,1,1,0,0,0,0,1,1,1,1,0,0,0,0,1,1,1,1,32.0,0,Unicorn_Absent,-1,-1.0,6,Unicorn_Absent,501,32.0,32,1.0,64,0.0,1.0,RIGHT,32.0,1.0,0.0,0.0006968641114982466,RIGHT
0,3734781094,24,373471,Absent,32,0,0,0,0,1,1,1,1,0,0,0,0,1,1,1,1,0,0,0,0,1,1,1,1,0,0,0,0,1,1,1,1,0,0,0,0,1,1,1,1,0,0,0,0,1,1,1,1,0,0,0,0,1,1,1,1,0,0,0,0,1,1,1,1,32.0,0,Unicorn_Absent,-1,-1.0,6,Unicorn_Absent,533,32.0,32,1.0,64,0.0,1.0,RIGHT,32.0,1.0,0.0,0.0,RIGHT
0,3734781094,28,373471,Absent,32,0,0,0,0,1,1,1,1,0,0,0,0,1,1,1,1,0,0,0,0,1,1,1,1,0,0,0,0,1,1,1,1,0,0,0,0,1,1,1,1,0,0,0,0,1,1,1,1,0,0,0,0,1,1,1,1,0,0,0,0,1,1,1,1,32.0,0,Unicorn_Absent,-1,-1.0,6,Unicorn_Absent,661,32.0,32,1.0,64,0.0,1.0,RIGHT,32.0,1.0,0.0,0.0,RIGHT
0,3734781094,31,373471,Absent,32,0,0,0,0,1,1,1,1,0,0,0,0,1,1,1,1,0,0,0,0,1,1,1,1,0,0,0,0,1,1,1,1,0,0,0,0,1,1,1,1,0,0,0,0,1,1,1,1,0,0,0,0,1,1,1,1,0,0,0,0,1,1,1,1,32.0,0,Unicorn_Absent,-1,-1.0,6,Unicorn_Absent,757,32.0,32,1.0,64,0.0,1.0,RIGHT,32.0,1.0,0.0,0.0,RIGHT
0,3734781094,45,373471,Absent,32,0,0,0,0,1,1,1,1,0,0,0,0,1,1,1,1,0,0,0,0,1,1,1,1,0,0,0,0,1,1,1,1,0,0,0,0,1,1,1,1,0,0,0,0,1,1,1,1,0,0,0,0,1,1,1,1,0,0,0,0,1,1,1,1,32.0,0,Unicorn_Absent,-1,-1.0,6,Unicorn_Absent,1205,32.0,32,1.0,64,0.0,1.0,RIGHT,32.0,1.0,0.0,0.0,RIGHT
0,3734781094,50,373471,Absent,32,0,0,0,0,1,1,1,1,0,0,0,0,1,1,1,1,0,0,0,0,1,1,1,1,0,0,0,0,1,1,1,1,0,0,0,0,1,1,1,1,0,0,0,0,1,1,1,1,0,0,0,0,1,1,1,1,0,0,0,0,1,1,1,1,32.0,0,Unicorn_Absent,-1,-1.0,6,Unicorn_Absent,1365,32.0,32,1.0,64,0.0,1.0,RIGHT,32.0,1.0,0.0,0.0,RIGHT
0,3734781094,51,373471,Absent,32,0,0,0,0,1,1,1,1,0,0,0,0,1,1,1,1,0,0,0,0,1,1,1,1,0,0,0,0,1,1,1,1,0,0,0,0,1,1,1,1,0,0,0,0,1,1,1,1,0,0,0,0,1,1,1,1,0,0,0,0,1,1,1,1,32.0,0,Unicorn_Absent,-1,-1.0,6,Unicorn_Absent,1397,32.0,32,1.0,64,0.0,1.0,RIGHT,32.0,1.0,0.0,0.0,RIGHT
0,3734781094,52,373471,Absent,32,0,0,0,0,1,1,1,1,0,0,0,0,1,1,1,1,0,0,0,0,1,1,1,1,0,0,0,0,1,1,1,1,0,0,0,0,1,1,1,1,0,0,0,0,1,1,1,1,0,0,0,0,1,1,1,1,0,0,0,0,1,1,1,1,32.0,0,Unicorn_Absent,-1,-1.0,6,Unicorn_Absent,1429,32.0,32,1.0,64,0.0,1.0,RIGHT,32.0,1.0,0.0,0.0,RIGHT
0,3734781094,55,373471,Absent,32,0,0,0,0,1,1,1,1,0,0,0,0,1,1,1,1,0,0,0,0,1,1,1,1,0,0,0,0,1,1,1,1,0,0,0,0,1,1,1,1,0,0,0,0,1,1,1,1,0,0,0,0,1,1,1,1,0,0,0,0,1,1,1,1,32.0,0,Unicorn_Absent,-1,-1.0,6,Unicorn_Absent,1525,32.0,32,1.0,64,0.0,1.0,RIGHT,32.0,1.0,0.0,0.0,RIGHT
0,3734781094,56,373471,Absent,32,0,0,0,0,1,1,1,1,0,0,0,0,1,1,1,1,0,0,0,0,1,1,1,1,0,0,0,0,1,1,1,1,0,0,0,0,1,1,1,1,0,0,0,0,1,1,1,1,0,0,0,0,1,1,1,1,0,0,0,0,1,1,1,1,32.0,0,Unicorn_Absent,-1,-1.0,6,Unicorn_Absent,1557,32.0,32,1.0,64,0.0,1.0,RIGHT,32.0,1.0,0.0,0.0,RIGHT
0,3734781094,57,373471,Absent,32,0,0,0,0,1,1,1,1,0,0,0,0,1,1,1,1,0,0,0,0,1,1,1,1,0,0,0,0,1,1,1,1,0,0,0,0,1,1,1,1,0,0,0,0,1,1,1,1,0,0,0,0,1,1,1,1,0,0,0,0,1,1,1,1,32.0,0,Unicorn_Absent,-1,-1.0,6,Unicorn_Absent,1589,32.0,32,1.0,64,0.0,1.0,RIGHT,32.0,1.0,0.0,0.0,RIGHT
0,3734781094,58,373471,Absent,32,0,0,0,0,1,1,1,1,0,0,0,0,1,1,1,1,0,0,0,0,1,1,1,1,0,0,0,0,1,1,1,1,0,0,0,0,1,1,1,1,0,0,0,0,1,1,1,1,0,0,0,0,1,1,1,1,0,0,0,0,1,1,1,1,32.0,0,Unicorn_Absent,-1,-1.0,6,Unicorn_Absent,1621,32.0,32,1.0,64,0.0,1.0,RIGHT,32.0,1.0,0.0,0.0,RIGHT
0,3734781094,59,373471,Absent,32,0,0,0,0,1,1,1,1,0,0,0,0,1,1,1,1,0,0,0,0,1,1,1,1,0,0,0,0,1,1,1,1,0,0,0,0,1,1,1,1,0,0,0,0,1,1,1,1,0,0,0,0,1,1,1,1,0,0,0,0,1,1,1,1,32.0,0,Unicorn_Absent,-1,-1.0,6,Unicorn_Absent,1653,32.0,32,1.0,64,0.0,1.0,RIGHT,32.0,1.0,0.0,0.0,RIGHT
0,3734781094,12,810949,Absent,43,1,1,1,1,0,1,1,0,0,1,0,1,0,1,1,1,1,1,1,0,1,1,1,1,1,1,0,1,1,0,1,0,0,0,1,1,1,0,1,0,0,1,1,1,1,0,0,1,1,1,0,1,0,0,1,1,0,1,1,1,0,1,1,1,26.0,6,Unicorn_Absent,-1,-1.0,0,Unicorn_Absent,251,32.0,43,0.0,45,0.125,0.609375,RS,32.0,0.0,0.0,0.0,NOTHING
0,3734781094,13,810949,Absent,0,0,0,0,0,0,0,0,0,0,0,0,0,0,0,0,0,0,0,0,0,0,0,0,0,0,0,0,0,0,0,0,0,0,0,0,0,0,0,0,0,0,0,0,0,0,0,0,0,0,0,0,0,0,0,0,0,0,0,0,0,0,0,0,0,32.0,0,Unicorn_Absent,-1,-1.0,2,Unicorn_Absent,283,32.0,0,0.0,22,0.1111111111111111,0.34375,NOTHING,26.0,1.0,6.0,0.125,NOTHING
0,3734781094,14,810949,Absent,0,0,0,0,0,0,0,0,0,0,0,0,0,0,0,0,0,0,0,0,0,0,0,0,0,0,0,0,0,0,0,0,0,0,0,0,0,0,0,0,0,0,0,0,0,0,0,0,0,0,0,0,0,0,0,0,0,0,0,0,0,0,0,0,0,32.0,0,Unicorn_Absent,-1,-1.0,2,Unicorn_Absent,315,32.0,0,1.0,28,0.8372093023255813,0.4375,NOTHING,32.0,1.0,0.0,0.1111111111111111,NOTHING
0,3734781094,23,810949,Absent,32,1,1,1,1,0,0,0,0,1,1,1,1,0,0,0,0,1,1,1,1,0,0,0,0,1,1,1,1,0,0,0,0,1,1,1,1,0,0,0,0,1,1,1,1,0,0,0,0,1,1,1,1,0,0,0,0,1,1,1,1,0,0,0,0,32.0,0,Unicorn_Absent,-1,-1.0,5,Unicorn_Absent,501,32.0,32,1.0,64,0.0,1.0,LEFT,32.0,1.0,0.0,0.0006968641114982466,LEFT
0,3734781094,24,810949,Absent,32,1,1,1,1,0,0,0,0,1,1,1,1,0,0,0,0,1,1,1,1,0,0,0,0,1,1,1,1,0,0,0,0,1,1,1,1,0,0,0,0,1,1,1,1,0,0,0,0,1,1,1,1,0,0,0,0,1,1,1,1,0,0,0,0,32.0,0,Unicorn_Absent,-1,-1.0,5,Unicorn_Absent,533,32.0,32,1.0,64,0.0,1.0,LEFT,32.0,1.0,0.0,0.0,LEFT
0,3734781094,28,810949,Absent,32,1,1,1,1,0,0,0,0,1,1,1,1,0,0,0,0,1,1,1,1,0,0,0,0,1,1,1,1,0,0,0,0,1,1,1,1,0,0,0,0,1,1,1,1,0,0,0,0,1,1,1,1,0,0,0,0,1,1,1,1,0,0,0,0,32.0,0,Unicorn_Absent,-1,-1.0,5,Unicorn_Absent,661,32.0,32,1.0,64,0.0,1.0,LEFT,32.0,1.0,0.0,0.0,LEFT
0,3734781094,31,810949,Absent,32,1,1,1,1,0,0,0,0,1,1,1,1,0,0,0,0,1,1,1,1,0,0,0,0,1,1,1,1,0,0,0,0,1,1,1,1,0,0,0,0,1,1,1,1,0,0,0,0,1,1,1,1,0,0,0,0,1,1,1,1,0,0,0,0,32.0,0,Unicorn_Absent,-1,-1.0,5,Unicorn_Absent,757,32.0,32,1.0,64,0.0,1.0,LEFT,32.0,1.0,0.0,0.0,LEFT
0,3734781094,45,810949,Absent,32,1,1,1,1,0,0,0,0,1,1,1,1,0,0,0,0,1,1,1,1,0,0,0,0,1,1,1,1,0,0,0,0,1,1,1,1,0,0,0,0,1,1,1,1,0,0,0,0,1,1,1,1,0,0,0,0,1,1,1,1,0,0,0,0,32.0,0,Unicorn_Absent,-1,-1.0,5,Unicorn_Absent,1205,32.0,32,1.0,64,0.0,1.0,LEFT,32.0,1.0,0.0,0.0,LEFT
0,3734781094,50,810949,Absent,32,1,1,1,1,0,0,0,0,1,1,1,1,0,0,0,0,1,1,1,1,0,0,0,0,1,1,1,1,0,0,0,0,1,1,1,1,0,0,0,0,1,1,1,1,0,0,0,0,1,1,1,1,0,0,0,0,1,1,1,1,0,0,0,0,32.0,0,Unicorn_Absent,-1,-1.0,5,Unicorn_Absent,1365,32.0,32,1.0,64,0.0,1.0,LEFT,32.0,1.0,0.0,0.0,LEFT
0,3734781094,51,810949,Absent,32,1,1,1,1,0,0,0,0,1,1,1,1,0,0,0,0,1,1,1,1,0,0,0,0,1,1,1,1,0,0,0,0,1,1,1,1,0,0,0,0,1,1,1,1,0,0,0,0,1,1,1,1,0,0,0,0,1,1,1,1,0,0,0,0,32.0,0,Unicorn_Absent,-1,-1.0,5,Unicorn_Absent,1397,32.0,32,1.0,64,0.0,1.0,LEFT,32.0,1.0,0.0,0.0,LEFT
0,3734781094,52,810949,Absent,32,1,1,1,1,0,0,0,0,1,1,1,1,0,0,0,0,1,1,1,1,0,0,0,0,1,1,1,1,0,0,0,0,1,1,1,1,0,0,0,0,1,1,1,1,0,0,0,0,1,1,1,1,0,0,0,0,1,1,1,1,0,0,0,0,32.0,0,Unicorn_Absent,-1,-1.0,5,Unicorn_Absent,1429,32.0,32,1.0,64,0.0,1.0,LEFT,32.0,1.0,0.0,0.0,LEFT
0,3734781094,55,810949,Absent,32,1,1,1,1,0,0,0,0,1,1,1,1,0,0,0,0,1,1,1,1,0,0,0,0,1,1,1,1,0,0,0,0,1,1,1,1,0,0,0,0,1,1,1,1,0,0,0,0,1,1,1,1,0,0,0,0,1,1,1,1,0,0,0,0,32.0,0,Unicorn_Absent,-1,-1.0,5,Unicorn_Absent,1525,32.0,32,1.0,64,0.0,1.0,LEFT,32.0,1.0,0.0,0.0,LEFT
0,3734781094,56,810949,Absent,32,1,1,1,1,0,0,0,0,1,1,1,1,0,0,0,0,1,1,1,1,0,0,0,0,1,1,1,1,0,0,0,0,1,1,1,1,0,0,0,0,1,1,1,1,0,0,0,0,1,1,1,1,0,0,0,0,1,1,1,1,0,0,0,0,32.0,0,Unicorn_Absent,-1,-1.0,5,Unicorn_Absent,1557,32.0,32,1.0,64,0.0,1.0,LEFT,32.0,1.0,0.0,0.0,LEFT
0,3734781094,57,810949,Absent,32,1,1,1,1,0,0,0,0,1,1,1,1,0,0,0,0,1,1,1,1,0,0,0,0,1,1,1,1,0,0,0,0,1,1,1,1,0,0,0,0,1,1,1,1,0,0,0,0,1,1,1,1,0,0,0,0,1,1,1,1,0,0,0,0,32.0,0,Unicorn_Absent,-1,-1.0,5,Unicorn_Absent,1589,32.0,32,1.0,64,0.0,1.0,LEFT,32.0,1.0,0.0,0.0,LEFT
0,3734781094,58,810949,Absent,32,1,1,1,1,0,0,0,0,1,1,1,1,0,0,0,0,1,1,1,1,0,0,0,0,1,1,1,1,0,0,0,0,1,1,1,1,0,0,0,0,1,1,1,1,0,0,0,0,1,1,1,1,0,0,0,0,1,1,1,1,0,0,0,0,32.0,0,Unicorn_Absent,-1,-1.0,5,Unicorn_Absent,1621,32.0,32,1.0,64,0.0,1.0,LEFT,32.0,1.0,0.0,0.0,LEFT
0,3734781094,59,810949,Absent,32,1,1,1,1,0,0,0,0,1,1,1,1,0,0,0,0,1,1,1,1,0,0,0,0,1,1,1,1,0,0,0,0,1,1,1,1,0,0,0,0,1,1,1,1,0,0,0,0,1,1,1,1,0,0,0,0,1,1,1,1,0,0,0,0,32.0,0,Unicorn_Absent,-1,-1.0,5,Unicorn_Absent,1653,32.0,32,1.0,64,0.0,1.0,LEFT,32.0,1.0,0.0,0.0,LEFT
0,3811895308,2,381182,Absent,32,0,0,0,0,0,0,0,0,0,0,0,0,0,0,0,0,0,0,0,0,0,0,0,0,0,0,0,0,0,0,0,0,1,1,1,1,1,1,1,1,1,1,1,1,1,1,1,1,1,1,1,1,1,1,1,1,1,1,1,1,1,1,1,1,32.0,0,Unicorn_Absent,-1,-1.0,3,Unicorn_Absent,62,32.0,32,,64,,1.0,BOTTOM,,1.0,,,BOTTOM
0,3811895308,5,381182,Absent,32,0,0,0,0,0,0,0,0,0,0,0,0,0,0,0,0,0,0,0,0,0,0,0,0,0,0,0,0,0,0,0,0,1,1,1,1,1,1,1,1,1,1,1,1,1,1,1,1,1,1,1,1,1,1,1,1,1,1,1,1,1,1,1,1,32.0,0,Unicorn_Absent,-1,-1.0,3,Unicorn_Absent,158,32.0,32,1.0,64,0.0,1.0,BOTTOM,32.0,1.0,0.0,0.0,BOTTOM
0,3811895308,12,381182,Absent,32,0,0,0,0,0,0,0,0,0,0,0,0,0,0,0,0,0,0,0,0,0,0,0,0,0,0,0,0,0,0,0,0,1,1,1,1,1,1,1,1,1,1,1,1,1,1,1,1,1,1,1,1,1,1,1,1,1,1,1,1,1,1,1,1,32.0,0,Unicorn_Absent,-1,-1.0,3,Unicorn_Absent,382,32.0,32,1.0,64,0.0,1.0,BOTTOM,32.0,1.0,0.0,0.0,BOTTOM
0,3811895308,17,381182,Absent,32,0,0,0,0,0,0,0,0,0,0,0,0,0,0,0,0,0,0,0,0,0,0,0,0,0,0,0,0,0,0,0,0,1,1,1,1,1,1,1,1,1,1,1,1,1,1,1,1,1,1,1,1,1,1,1,1,1,1,1,1,1,1,1,1,32.0,0,Unicorn_Absent,-1,-1.0,3,Unicorn_Absent,542,32.0,32,1.0,64,0.0,1.0,BOTTOM,32.0,1.0,0.0,0.0,BOTTOM
0,3811895308,18,381182,Absent,32,0,0,0,0,0,0,0,0,0,0,0,0,0,0,0,0,0,0,0,0,0,0,0,0,0,0,0,0,0,0,0,0,1,1,1,1,1,1,1,1,1,1,1,1,1,1,1,1,1,1,1,1,1,1,1,1,1,1,1,1,1,1,1,1,32.0,0,Unicorn_Absent,-1,-1.0,3,Unicorn_Absent,574,32.0,32,1.0,64,0.0,1.0,BOTTOM,32.0,1.0,0.0,0.0,BOTTOM
0,3811895308,19,381182,Absent,32,0,0,0,0,0,0,0,0,0,0,0,0,0,0,0,0,0,0,0,0,0,0,0,0,0,0,0,0,0,0,0,0,1,1,1,1,1,1,1,1,1,1,1,1,1,1,1,1,1,1,1,1,1,1,1,1,1,1,1,1,1,1,1,1,32.0,0,Unicorn_Absent,-1,-1.0,3,Unicorn_Absent,606,32.0,32,1.0,64,0.0,1.0,BOTTOM,32.0,1.0,0.0,0.0,BOTTOM
0,3811895308,20,381182,Absent,32,0,0,0,0,0,0,0,0,0,0,0,0,0,0,0,0,0,0,0,0,0,0,0,0,0,0,0,0,0,0,0,0,1,1,1,1,1,1,1,1,1,1,1,1,1,1,1,1,1,1,1,1,1,1,1,1,1,1,1,1,1,1,1,1,32.0,0,Unicorn_Absent,-1,-1.0,3,Unicorn_Absent,638,32.0,32,1.0,64,0.0,1.0,BOTTOM,32.0,1.0,0.0,0.0,BOTTOM
0,3811895308,29,381182,Absent,32,0,0,0,0,0,0,0,0,0,0,0,0,0,0,0,0,0,0,0,0,0,0,0,0,0,0,0,0,0,0,0,0,1,1,1,1,1,1,1,1,1,1,1,1,1,1,1,1,1,1,1,1,1,1,1,1,1,1,1,1,1,1,1,1,32.0,0,Unicorn_Absent,-1,-1.0,3,Unicorn_Absent,926,32.0,32,1.0,64,0.0,1.0,BOTTOM,32.0,1.0,0.0,0.0,BOTTOM
0,3811895308,30,381182,Absent,32,0,0,0,0,0,0,0,0,0,0,0,0,0,0,0,0,0,0,0,0,0,0,0,0,0,0,0,0,0,0,0,0,1,1,1,1,1,1,1,1,1,1,1,1,1,1,1,1,1,1,1,1,1,1,1,1,1,1,1,1,1,1,1,1,32.0,0,Unicorn_Absent,-1,-1.0,3,Unicorn_Absent,958,32.0,32,1.0,64,0.0,1.0,BOTTOM,32.0,1.0,0.0,0.0,BOTTOM
0,3811895308,31,381182,Absent,32,0,0,0,0,0,0,0,0,0,0,0,0,0,0,0,0,0,0,0,0,0,0,0,0,0,0,0,0,0,0,0,0,1,1,1,1,1,1,1,1,1,1,1,1,1,1,1,1,1,1,1,1,1,1,1,1,1,1,1,1,1,1,1,1,32.0,0,Unicorn_Absent,-1,-1.0,3,Unicorn_Absent,990,32.0,32,1.0,64,0.0,1.0,BOTTOM,32.0,1.0,0.0,0.0,BOTTOM
0,3811895308,38,381182,Absent,32,0,0,0,0,0,0,0,0,0,0,0,0,0,0,0,0,0,0,0,0,0,0,0,0,0,0,0,0,0,0,0,0,1,1,1,1,1,1,1,1,1,1,1,1,1,1,1,1,1,1,1,1,1,1,1,1,1,1,1,1,1,1,1,1,32.0,0,Unicorn_Absent,-1,-1.0,3,Unicorn_Absent,1214,20.0,32,1.0,64,0.0,1.0,BOTTOM,32.0,1.0,0.0,0.0,BOTTOM
0,3811895308,57,381182,Absent,18,0,0,0,0,1,0,1,0,0,0,0,0,0,0,0,0,0,0,1,1,1,0,0,0,1,0,0,0,1,1,0,0,1,1,1,0,0,1,1,0,0,1,0,0,0,0,0,0,0,0,0,1,0,0,1,0,0,0,0,0,0,1,1,0,22.0,10,Unicorn_Absent,-1,-1.0,0,Unicorn_Absent,1197,32.0,18,0.19047619047619047,40,0.19047619047619047,0.46875,RS,16.0,0.0,16.0,0.3305882352941176,NOTHING
0,3811895308,58,381182,Absent,0,0,0,0,0,0,0,0,0,0,0,0,0,0,0,0,0,0,0,0,0,0,0,0,0,0,0,0,0,0,0,0,0,0,0,0,0,0,0,0,0,0,0,0,0,0,0,0,0,0,0,0,0,0,0,0,0,0,0,0,0,0,0,0,0,32.0,0,Unicorn_Absent,-1,-1.0,2,Unicorn_Absent,1229,32.0,0,0.0,32,1.0,0.5,NOTHING,22.0,1.0,10.0,0.19047619047619047,NOTHING
0,3811895308,2,953085,Absent,32,1,1,1,1,1,1,1,1,1,1,1,1,1,1,1,1,1,1,1,1,1,1,1,1,1,1,1,1,1,1,1,1,0,0,0,0,0,0,0,0,0,0,0,0,0,0,0,0,0,0,0,0,0,0,0,0,0,0,0,0,0,0,0,0,32.0,0,Unicorn_Absent,-1,-1.0,4,Unicorn_Absent,62,32.0,32,,64,,1.0,TOP,,1.0,,,TOP
0,3811895308,5,953085,Absent,32,1,1,1,1,1,1,1,1,1,1,1,1,1,1,1,1,1,1,1,1,1,1,1,1,1,1,1,1,1,1,1,1,0,0,0,0,0,0,0,0,0,0,0,0,0,0,0,0,0,0,0,0,0,0,0,0,0,0,0,0,0,0,0,0,32.0,0,Unicorn_Absent,-1,-1.0,4,Unicorn_Absent,158,32.0,32,1.0,64,0.0,1.0,TOP,32.0,1.0,0.0,0.0,TOP
0,3811895308,12,953085,Absent,32,1,1,1,1,1,1,1,1,1,1,1,1,1,1,1,1,1,1,1,1,1,1,1,1,1,1,1,1,1,1,1,1,0,0,0,0,0,0,0,0,0,0,0,0,0,0,0,0,0,0,0,0,0,0,0,0,0,0,0,0,0,0,0,0,32.0,0,Unicorn_Absent,-1,-1.0,4,Unicorn_Absent,382,32.0,32,1.0,64,0.0,1.0,TOP,32.0,1.0,0.0,0.0,TOP
0,3811895308,17,953085,Absent,32,1,1,1,1,1,1,1,1,1,1,1,1,1,1,1,1,1,1,1,1,1,1,1,1,1,1,1,1,1,1,1,1,0,0,0,0,0,0,0,0,0,0,0,0,0,0,0,0,0,0,0,0,0,0,0,0,0,0,0,0,0,0,0,0,32.0,0,Unicorn_Absent,-1,-1.0,4,Unicorn_Absent,542,32.0,32,1.0,64,0.0,1.0,TOP,32.0,1.0,0.0,0.0,TOP
0,3811895308,18,953085,Absent,32,1,1,1,1,1,1,1,1,1,1,1,1,1,1,1,1,1,1,1,1,1,1,1,1,1,1,1,1,1,1,1,1,0,0,0,0,0,0,0,0,0,0,0,0,0,0,0,0,0,0,0,0,0,0,0,0,0,0,0,0,0,0,0,0,32.0,0,Unicorn_Absent,-1,-1.0,4,Unicorn_Absent,574,32.0,32,1.0,64,0.0,1.0,TOP,32.0,1.0,0.0,0.0,TOP
0,3811895308,19,953085,Absent,32,1,1,1,1,1,1,1,1,1,1,1,1,1,1,1,1,1,1,1,1,1,1,1,1,1,1,1,1,1,1,1,1,0,0,0,0,0,0,0,0,0,0,0,0,0,0,0,0,0,0,0,0,0,0,0,0,0,0,0,0,0,0,0,0,32.0,0,Unicorn_Absent,-1,-1.0,4,Unicorn_Absent,606,32.0,32,1.0,64,0.0,1.0,TOP,32.0,1.0,0.0,0.0,TOP
0,3811895308,20,953085,Absent,32,1,1,1,1,1,1,1,1,1,1,1,1,1,1,1,1,1,1,1,1,1,1,1,1,1,1,1,1,1,1,1,1,0,0,0,0,0,0,0,0,0,0,0,0,0,0,0,0,0,0,0,0,0,0,0,0,0,0,0,0,0,0,0,0,32.0,0,Unicorn_Absent,-1,-1.0,4,Unicorn_Absent,638,32.0,32,1.0,64,0.0,1.0,TOP,32.0,1.0,0.0,0.0,TOP
0,3811895308,29,953085,Absent,32,1,1,1,1,1,1,1,1,1,1,1,1,1,1,1,1,1,1,1,1,1,1,1,1,1,1,1,1,1,1,1,1,0,0,0,0,0,0,0,0,0,0,0,0,0,0,0,0,0,0,0,0,0,0,0,0,0,0,0,0,0,0,0,0,32.0,0,Unicorn_Absent,-1,-1.0,4,Unicorn_Absent,926,32.0,32,1.0,64,0.0,1.0,TOP,32.0,1.0,0.0,0.0,TOP
0,3811895308,30,953085,Absent,32,1,1,1,1,1,1,1,1,1,1,1,1,1,1,1,1,1,1,1,1,1,1,1,1,1,1,1,1,1,1,1,1,0,0,0,0,0,0,0,0,0,0,0,0,0,0,0,0,0,0,0,0,0,0,0,0,0,0,0,0,0,0,0,0,32.0,0,Unicorn_Absent,-1,-1.0,4,Unicorn_Absent,958,32.0,32,1.0,64,0.0,1.0,TOP,32.0,1.0,0.0,0.0,TOP
0,3811895308,31,953085,Absent,32,1,1,1,1,1,1,1,1,1,1,1,1,1,1,1,1,1,1,1,1,1,1,1,1,1,1,1,1,1,1,1,1,0,0,0,0,0,0,0,0,0,0,0,0,0,0,0,0,0,0,0,0,0,0,0,0,0,0,0,0,0,0,0,0,32.0,0,Unicorn_Absent,-1,-1.0,4,Unicorn_Absent,990,32.0,32,1.0,64,0.0,1.0,TOP,32.0,1.0,0.0,0.0,TOP
0,3811895308,38,953085,Absent,32,1,1,1,1,1,1,1,1,1,1,1,1,1,1,1,1,1,1,1,1,1,1,1,1,1,1,1,1,1,1,1,1,0,0,0,0,0,0,0,0,0,0,0,0,0,0,0,0,0,0,0,0,0,0,0,0,0,0,0,0,0,0,0,0,32.0,0,Unicorn_Absent,-1,-1.0,4,Unicorn_Absent,1214,20.0,32,1.0,64,0.0,1.0,TOP,32.0,0.22727272727272727,0.0,0.0,RS
0,3811895308,57,953085,Absent,32,0,0,0,0,0,0,0,0,0,0,0,0,0,0,0,0,0,0,0,0,0,0,0,0,0,0,0,0,0,0,0,0,1,1,1,1,1,1,1,1,1,1,1,1,1,1,1,1,1,1,1,1,1,1,1,1,1,1,1,1,1,1,1,1,22.0,10,Unicorn_Absent,-1,-1.0,3,Unicorn_Absent,1197,32.0,32,0.0,40,0.19047619047619047,0.46875,BOTTOM,16.0,1.0,16.0,0.3305882352941176,BOTTOM
0,3811895308,58,953085,Absent,32,0,0,0,0,0,0,0,0,0,0,0,0,0,0,0,0,0,0,0,0,0,0,0,0,0,0,0,0,0,0,0,0,1,1,1,1,1,1,1,1,1,1,1,1,1,1,1,1,1,1,1,1,1,1,1,1,1,1,1,1,1,1,1,1,32.0,0,Unicorn_Absent,-1,-1.0,3,Unicorn_Absent,1229,32.0,32,1.0,32,1.0,0.5,BOTTOM,22.0,1.0,10.0,0.19047619047619047,BOTTOM
0,3892513918,3,38925,Absent,32,0,0,0,0,1,1,1,1,0,0,0,0,1,1,1,1,0,0,0,0,1,1,1,1,0,0,0,0,1,1,1,1,0,0,0,0,1,1,1,1,0,0,0,0,1,1,1,1,0,0,0,0,1,1,1,1,0,0,0,0,1,1,1,1,32.0,0,Unicorn_Absent,-1,-1.0,6,Unicorn_Absent,80,32.0,32,,64,,1.0,RIGHT,,1.0,,,RIGHT
0,3892513918,12,38925,Absent,58,1,1,1,1,1,1,1,1,0,1,1,1,1,1,1,1,1,0,1,1,0,1,1,1,1,1,1,1,1,0,1,1,1,1,1,1,0,1,1,1,1,1,1,1,1,1,1,1,0,1,1,1,1,1,1,1,1,1,1,1,1,1,1,1,10.0,22,Unicorn_Absent,-1,-1.0,0,Unicorn_Absent,248,29.0,58,0.47540983606557374,58,0.24813710879284648,0.5625,RS,32.0,0.23333333333333334,0.0,0.0,RS
0,3892513918,13,38925,Absent,16,0,1,1,1,0,0,0,0,1,0,0,0,0,0,1,0,0,1,1,1,0,0,0,0,0,1,0,0,0,0,1,0,1,0,0,0,0,0,1,1,0,1,0,0,0,1,0,0,0,0,0,0,0,0,0,0,0,0,0,1,0,0,0,0,29.0,3,Unicorn_Absent,-1,-1.0,0,Unicorn_Absent,277,21.0,16,0.23333333333333334,20,0.11794871794871795,0.265625,RS,10.0,0.2972972972972973,22.0,0.24813710879284648,LEFT
0,3892513918,14,38925,Absent,32,1,1,1,1,0,0,0,0,1,1,1,1,0,0,0,0,1,1,1,1,0,0,0,0,1,1,1,1,0,0,0,0,1,1,1,1,0,0,0,0,1,1,1,1,0,0,0,0,1,1,1,1,0,0,0,0,1,1,1,1,0,0,0,0,21.0,11,Unicorn_Absent,-1,-1.0,5,Unicorn_Absent,298,32.0,32,0.2972972972972973,46,0.19384902143522836,0.546875,LEFT,29.0,1.0,3.0,0.11794871794871795,LEFT
0,3892513918,17,38925,Absent,32,1,1,1,1,0,0,0,0,1,1,1,1,0,0,0,0,1,1,1,1,0,0,0,0,1,1,1,1,0,0,0,0,1,1,1,1,0,0,0,0,1,1,1,1,0,0,0,0,1,1,1,1,0,0,0,0,1,1,1,1,0,0,0,0,32.0,0,Unicorn_Absent,-1,-1.0,5,Unicorn_Absent,394,32.0,32,1.0,64,0.0,1.0,LEFT,32.0,1.0,0.0,0.6744186046511628,LEFT
0,3892513918,18,38925,Absent,32,1,1,1,1,0,0,0,0,1,1,1,1,0,0,0,0,1,1,1,1,0,0,0,0,1,1,1,1,0,0,0,0,1,1,1,1,0,0,0,0,1,1,1,1,0,0,0,0,1,1,1,1,0,0,0,0,1,1,1,1,0,0,0,0,32.0,0,Unicorn_Absent,-1,-1.0,5,Unicorn_Absent,426,32.0,32,1.0,64,0.0,1.0,LEFT,32.0,1.0,0.0,0.0,LEFT
0,3892513918,25,38925,Absent,32,1,1,1,1,0,0,0,0,1,1,1,1,0,0,0,0,1,1,1,1,0,0,0,0,1,1,1,1,0,0,0,0,1,1,1,1,0,0,0,0,1,1,1,1,0,0,0,0,1,1,1,1,0,0,0,0,1,1,1,1,0,0,0,0,32.0,0,Unicorn_Absent,-1,-1.0,5,Unicorn_Absent,650,32.0,32,1.0,64,0.0,1.0,LEFT,32.0,1.0,0.0,0.0,LEFT
0,3892513918,26,38925,Absent,32,1,1,1,1,0,0,0,0,1,1,1,1,0,0,0,0,1,1,1,1,0,0,0,0,1,1,1,1,0,0,0,0,1,1,1,1,0,0,0,0,1,1,1,1,0,0,0,0,1,1,1,1,0,0,0,0,1,1,1,1,0,0,0,0,32.0,0,Unicorn_Absent,-1,-1.0,5,Unicorn_Absent,682,32.0,32,1.0,64,0.0,1.0,LEFT,32.0,1.0,0.0,0.0,LEFT
0,3892513918,27,38925,Absent,32,1,1,1,1,0,0,0,0,1,1,1,1,0,0,0,0,1,1,1,1,0,0,0,0,1,1,1,1,0,0,0,0,1,1,1,1,0,0,0,0,1,1,1,1,0,0,0,0,1,1,1,1,0,0,0,0,1,1,1,1,0,0,0,0,32.0,0,Unicorn_Absent,-1,-1.0,5,Unicorn_Absent,714,32.0,32,1.0,64,0.0,1.0,LEFT,32.0,1.0,0.0,0.0,LEFT
0,3892513918,28,38925,Absent,32,1,1,1,1,0,0,0,0,1,1,1,1,0,0,0,0,1,1,1,1,0,0,0,0,1,1,1,1,0,0,0,0,1,1,1,1,0,0,0,0,1,1,1,1,0,0,0,0,1,1,1,1,0,0,0,0,1,1,1,1,0,0,0,0,32.0,0,Unicorn_Absent,-1,-1.0,5,Unicorn_Absent,746,32.0,32,1.0,64,0.0,1.0,LEFT,32.0,1.0,0.0,0.0,LEFT
0,3892513918,32,38925,Absent,32,1,1,1,1,0,0,0,0,1,1,1,1,0,0,0,0,1,1,1,1,0,0,0,0,1,1,1,1,0,0,0,0,1,1,1,1,0,0,0,0,1,1,1,1,0,0,0,0,1,1,1,1,0,0,0,0,1,1,1,1,0,0,0,0,32.0,0,Unicorn_Absent,-1,-1.0,5,Unicorn_Absent,874,32.0,32,1.0,64,0.0,1.0,LEFT,32.0,1.0,0.0,0.0,LEFT
0,3892513918,39,38925,Absent,32,1,1,1,1,0,0,0,0,1,1,1,1,0,0,0,0,1,1,1,1,0,0,0,0,1,1,1,1,0,0,0,0,1,1,1,1,0,0,0,0,1,1,1,1,0,0,0,0,1,1,1,1,0,0,0,0,1,1,1,1,0,0,0,0,32.0,0,Unicorn_Absent,-1,-1.0,5,Unicorn_Absent,1098,32.0,32,1.0,64,0.0,1.0,LEFT,32.0,1.0,0.0,0.0,LEFT
0,3892513918,55,38925,Absent,32,1,1,1,1,0,0,0,0,1,1,1,1,0,0,0,0,1,1,1,1,0,0,0,0,1,1,1,1,0,0,0,0,1,1,1,1,0,0,0,0,1,1,1,1,0,0,0,0,1,1,1,1,0,0,0,0,1,1,1,1,0,0,0,0,32.0,0,Unicorn_Absent,-1,-1.0,5,Unicorn_Absent,1610,32.0,32,1.0,64,0.0,1.0,LEFT,32.0,1.0,0.0,0.0,LEFT
0,3892513918,56,38925,Absent,32,1,1,1,1,0,0,0,0,1,1,1,1,0,0,0,0,1,1,1,1,0,0,0,0,1,1,1,1,0,0,0,0,1,1,1,1,0,0,0,0,1,1,1,1,0,0,0,0,1,1,1,1,0,0,0,0,1,1,1,1,0,0,0,0,32.0,0,Unicorn_Absent,-1,-1.0,5,Unicorn_Absent,1642,32.0,32,1.0,64,0.0,1.0,LEFT,32.0,1.0,0.0,0.0,LEFT
0,3892513918,3,139185,Absent,32,1,1,1,1,0,0,0,0,1,1,1,1,0,0,0,0,1,1,1,1,0,0,0,0,1,1,1,1,0,0,0,0,1,1,1,1,0,0,0,0,1,1,1,1,0,0,0,0,1,1,1,1,0,0,0,0,1,1,1,1,0,0,0,0,32.0,0,Unicorn_Absent,-1,-1.0,5,Unicorn_Absent,80,32.0,32,,64,,1.0,LEFT,,1.0,,,LEFT
0,3892513918,12,139185,Absent,22,0,0,1,0,0,1,0,1,0,0,1,0,0,1,1,1,0,0,0,0,0,1,0,0,0,0,1,1,1,0,0,0,1,0,0,0,0,0,1,0,0,1,1,1,0,1,0,0,0,0,1,0,1,0,1,0,0,0,0,1,1,0,0,0,10.0,22,Unicorn_Absent,-1,-1.0,0,Unicorn_Absent,248,29.0,22,0.22727272727272727,58,0.24813710879284648,0.5625,RS,32.0,0.11538461538461539,0.0,0.0,RS
0,3892513918,13,139185,Absent,7,0,0,0,0,0,1,0,0,0,0,0,0,0,0,1,0,0,0,0,0,0,0,0,0,0,1,0,1,0,0,1,0,0,0,0,0,0,0,0,0,0,0,0,0,0,0,0,0,0,1,0,1,0,0,0,0,0,0,0,0,0,0,0,0,29.0,3,Unicorn_Absent,-1,-1.0,0,Unicorn_Absent,277,21.0,7,0.11538461538461539,20,0.11794871794871795,0.265625,RS,10.0,0.10344827586206896,22.0,0.24813710879284648,RS
0,3892513918,14,139185,Absent,25,0,0,0,0,1,1,0,0,0,1,0,0,1,0,0,1,0,0,0,0,0,1,1,0,1,0,1,0,1,1,0,1,0,1,1,1,0,0,1,0,1,0,0,1,0,0,1,1,1,1,0,1,1,0,0,1,0,0,0,0,0,0,0,0,21.0,11,Unicorn_Absent,-1,-1.0,0,Unicorn_Absent,298,32.0,25,0.10344827586206896,46,0.19384902143522836,0.546875,RS,29.0,0.32558139534883723,3.0,0.11794871794871795,RIGHT
0,3892513918,17,139185,Absent,32,0,0,0,0,1,1,1,1,0,0,0,0,1,1,1,1,0,0,0,0,1,1,1,1,0,0,0,0,1,1,1,1,0,0,0,0,1,1,1,1,0,0,0,0,1,1,1,1,0,0,0,0,1,1,1,1,0,0,0,0,1,1,1,1,32.0,0,Unicorn_Absent,-1,-1.0,6,Unicorn_Absent,394,32.0,32,1.0,64,0.0,1.0,RIGHT,32.0,1.0,0.0,0.6744186046511628,RIGHT
0,3892513918,18,139185,Absent,32,0,0,0,0,1,1,1,1,0,0,0,0,1,1,1,1,0,0,0,0,1,1,1,1,0,0,0,0,1,1,1,1,0,0,0,0,1,1,1,1,0,0,0,0,1,1,1,1,0,0,0,0,1,1,1,1,0,0,0,0,1,1,1,1,32.0,0,Unicorn_Absent,-1,-1.0,6,Unicorn_Absent,426,32.0,32,1.0,64,0.0,1.0,RIGHT,32.0,1.0,0.0,0.0,RIGHT
0,3892513918,25,139185,Absent,32,0,0,0,0,1,1,1,1,0,0,0,0,1,1,1,1,0,0,0,0,1,1,1,1,0,0,0,0,1,1,1,1,0,0,0,0,1,1,1,1,0,0,0,0,1,1,1,1,0,0,0,0,1,1,1,1,0,0,0,0,1,1,1,1,32.0,0,Unicorn_Absent,-1,-1.0,6,Unicorn_Absent,650,32.0,32,1.0,64,0.0,1.0,RIGHT,32.0,1.0,0.0,0.0,RIGHT
0,3892513918,26,139185,Absent,32,0,0,0,0,1,1,1,1,0,0,0,0,1,1,1,1,0,0,0,0,1,1,1,1,0,0,0,0,1,1,1,1,0,0,0,0,1,1,1,1,0,0,0,0,1,1,1,1,0,0,0,0,1,1,1,1,0,0,0,0,1,1,1,1,32.0,0,Unicorn_Absent,-1,-1.0,6,Unicorn_Absent,682,32.0,32,1.0,64,0.0,1.0,RIGHT,32.0,1.0,0.0,0.0,RIGHT
0,3892513918,27,139185,Absent,32,0,0,0,0,1,1,1,1,0,0,0,0,1,1,1,1,0,0,0,0,1,1,1,1,0,0,0,0,1,1,1,1,0,0,0,0,1,1,1,1,0,0,0,0,1,1,1,1,0,0,0,0,1,1,1,1,0,0,0,0,1,1,1,1,32.0,0,Unicorn_Absent,-1,-1.0,6,Unicorn_Absent,714,32.0,32,1.0,64,0.0,1.0,RIGHT,32.0,1.0,0.0,0.0,RIGHT
0,3892513918,28,139185,Absent,32,0,0,0,0,1,1,1,1,0,0,0,0,1,1,1,1,0,0,0,0,1,1,1,1,0,0,0,0,1,1,1,1,0,0,0,0,1,1,1,1,0,0,0,0,1,1,1,1,0,0,0,0,1,1,1,1,0,0,0,0,1,1,1,1,32.0,0,Unicorn_Absent,-1,-1.0,6,Unicorn_Absent,746,32.0,32,1.0,64,0.0,1.0,RIGHT,32.0,1.0,0.0,0.0,RIGHT
0,3892513918,32,139185,Absent,32,0,0,0,0,1,1,1,1,0,0,0,0,1,1,1,1,0,0,0,0,1,1,1,1,0,0,0,0,1,1,1,1,0,0,0,0,1,1,1,1,0,0,0,0,1,1,1,1,0,0,0,0,1,1,1,1,0,0,0,0,1,1,1,1,32.0,0,Unicorn_Absent,-1,-1.0,6,Unicorn_Absent,874,32.0,32,1.0,64,0.0,1.0,RIGHT,32.0,1.0,0.0,0.0,RIGHT
0,3892513918,39,139185,Absent,32,0,0,0,0,1,1,1,1,0,0,0,0,1,1,1,1,0,0,0,0,1,1,1,1,0,0,0,0,1,1,1,1,0,0,0,0,1,1,1,1,0,0,0,0,1,1,1,1,0,0,0,0,1,1,1,1,0,0,0,0,1,1,1,1,32.0,0,Unicorn_Absent,-1,-1.0,6,Unicorn_Absent,1098,32.0,32,1.0,64,0.0,1.0,RIGHT,32.0,1.0,0.0,0.0,RIGHT
0,3892513918,55,139185,Absent,32,0,0,0,0,1,1,1,1,0,0,0,0,1,1,1,1,0,0,0,0,1,1,1,1,0,0,0,0,1,1,1,1,0,0,0,0,1,1,1,1,0,0,0,0,1,1,1,1,0,0,0,0,1,1,1,1,0,0,0,0,1,1,1,1,32.0,0,Unicorn_Absent,-1,-1.0,6,Unicorn_Absent,1610,32.0,32,1.0,64,0.0,1.0,RIGHT,32.0,1.0,0.0,0.0,RIGHT
0,3892513918,56,139185,Absent,32,0,0,0,0,1,1,1,1,0,0,0,0,1,1,1,1,0,0,0,0,1,1,1,1,0,0,0,0,1,1,1,1,0,0,0,0,1,1,1,1,0,0,0,0,1,1,1,1,0,0,0,0,1,1,1,1,0,0,0,0,1,1,1,1,32.0,0,Unicorn_Absent,-1,-1.0,6,Unicorn_Absent,1642,32.0,32,1.0,64,0.0,1.0,RIGHT,32.0,1.0,0.0,0.0,RIGHT
0,3896331063,3,31063,Absent,32,1,1,0,0,0,1,1,1,0,1,0,0,0,1,0,1,1,0,1,1,1,1,1,1,0,0,1,1,0,0,0,0,0,0,1,1,0,0,0,1,1,0,0,0,1,1,1,1,0,0,1,1,1,0,0,0,1,1,0,1,0,0,0,1,29.0,3,Unicorn_Absent,-1,-1.0,0,Unicorn_Absent,-26,4.0,32,0.32727272727272727,39,0.18093126385809313,0.5625,RS,10.0,0.46,22.0,,RS
0,3896331063,4,31063,Absent,41,1,0,0,1,1,1,1,0,0,1,0,1,1,1,1,1,0,1,1,1,0,1,0,1,1,1,1,1,1,0,0,1,1,1,1,1,1,0,1,1,0,0,0,0,1,0,1,1,1,0,0,1,1,0,0,1,1,1,0,0,1,0,1,1,4.0,28,Unicorn_Absent,-1,-1.0,0,Unicorn_Absent,-22,-5.0,41,0.46,59,0.34,0.484375,RS,29.0,0.559322033898305,3.0,0.18093126385809313,RS
0,3896331063,5,31063,Absent,51,0,1,1,1,1,1,1,0,1,1,1,1,1,1,0,1,0,1,1,1,1,1,1,1,1,0,0,1,1,1,1,1,0,1,1,1,1,1,1,1,1,1,1,0,1,1,1,1,1,0,1,1,1,0,1,1,0,1,1,1,0,1,1,0,-5.0,37,Unicorn_Absent,-1,-1.0,0,Unicorn_Absent,-27,0.0,51,0.559322033898305,62,0.018338427340927943,0.390625,RS,4.0,0.4067796610169492,28.0,0.34,LEFT
0,3896331063,6,31063,Absent,32,1,1,1,1,0,0,0,0,1,1,1,1,0,0,0,0,1,1,1,1,0,0,0,0,1,1,1,1,0,0,0,0,1,1,1,1,0,0,0,0,1,1,1,1,0,0,0,0,1,1,1,1,0,0,0,0,1,1,1,1,0,0,0,0,0.0,32,Unicorn_Absent,-1,-1.0,5,Unicorn_Absent,-27,5.0,32,0.4067796610169492,64,0.3432203389830508,0.5,LEFT,-5.0,0.41818181818181815,37.0,0.018338427340927943,RS
0,3896331063,16,31063,Absent,32,1,1,1,1,1,1,1,1,1,1,1,1,1,1,1,1,1,1,1,1,1,1,1,1,1,1,1,1,1,1,1,1,0,0,0,0,0,0,0,0,0,0,0,0,0,0,0,0,0,0,0,0,0,0,0,0,0,0,0,0,0,0,0,0,18.0,14,Unicorn_Absent,-1,-1.0,4,Unicorn_Absent,148,0.0,32,0.5,46,0.13461538461538464,0.5,TOP,-11.0,1.0,43.0,0.28771551724137934,TOP
0,3896331063,17,31063,Absent,32,1,1,1,1,1,1,1,1,1,1,1,1,1,1,1,1,1,1,1,1,1,1,1,1,1,1,1,1,1,1,1,1,0,0,0,0,0,0,0,0,0,0,0,0,0,0,0,0,0,0,0,0,0,0,0,0,0,0,0,0,0,0,0,0,0.0,32,Unicorn_Absent,-1,-1.0,4,Unicorn_Absent,148,29.0,32,1.0,32,0.6956521739130435,0.0,TOP,18.0,0.05405405405405406,14.0,0.13461538461538464,RS
0,3896331063,18,31063,Absent,7,0,0,0,0,0,0,0,0,0,0,0,1,1,0,0,0,0,0,0,0,0,0,0,0,0,0,0,0,0,0,0,0,0,0,1,0,0,0,0,0,0,0,0,0,1,0,1,0,0,0,0,1,0,0,0,0,0,0,1,0,0,0,0,0,29.0,3,Unicorn_Absent,-1,-1.0,0,Unicorn_Absent,177,18.0,7,0.05405405405405406,36,0.27927927927927926,0.515625,RS,0.0,0.1111111111111111,32.0,0.6956521739130435,RS
0,3896331063,21,31063,Absent,64,1,1,1,1,1,1,1,1,1,1,1,1,1,1,1,1,1,1,1,1,1,1,1,1,1,1,1,1,1,1,1,1,1,1,1,1,1,1,1,1,1,1,1,1,1,1,1,1,1,1,1,1,1,1,1,1,1,1,1,1,1,1,1,1,0.0,32,Unicorn_Absent,-1,-1.0,1,Unicorn_Absent,203,32.0,64,0.515625,64,0.484375,0.5,ALL,18.0,0.0,14.0,0.8888888888888888,NOTHING
0,3896331063,30,31063,Absent,32,1,1,1,1,1,1,1,1,1,1,1,1,1,1,1,1,1,1,1,1,1,1,1,1,1,1,1,1,1,1,1,1,0,0,0,0,0,0,0,0,0,0,0,0,0,0,0,0,0,0,0,0,0,0,0,0,0,0,0,0,0,0,0,0,32.0,0,Unicorn_Absent,-1,-1.0,4,Unicorn_Absent,118,32.0,32,0.0,32,0.0,0.5,TOP,10.0,1.0,22.0,0.09999999999999998,TOP
0,3896331063,33,31063,Absent,32,1,1,1,1,1,1,1,1,1,1,1,1,1,1,1,1,1,1,1,1,1,1,1,1,1,1,1,1,1,1,1,1,0,0,0,0,0,0,0,0,0,0,0,0,0,0,0,0,0,0,0,0,0,0,0,0,0,0,0,0,0,0,0,0,32.0,0,Unicorn_Absent,-1,-1.0,4,Unicorn_Absent,214,32.0,32,1.0,32,0.0,0.5,TOP,32.0,1.0,0.0,0.0,TOP
0,3896331063,43,31063,Absent,0,0,0,0,0,0,0,0,0,0,0,0,0,0,0,0,0,0,0,0,0,0,0,0,0,0,0,0,0,0,0,0,0,0,0,0,0,0,0,0,0,0,0,0,0,0,0,0,0,0,0,0,0,0,0,0,0,0,0,0,0,0,0,0,0,32.0,0,Unicorn_Absent,-1,-1.0,2,Unicorn_Absent,438,32.0,0,1.0,64,0.5,1.0,NOTHING,32.0,1.0,0.0,0.0,NOTHING
0,3896331063,44,31063,Absent,0,0,0,0,0,0,0,0,0,0,0,0,0,0,0,0,0,0,0,0,0,0,0,0,0,0,0,0,0,0,0,0,0,0,0,0,0,0,0,0,0,0,0,0,0,0,0,0,0,0,0,0,0,0,0,0,0,0,0,0,0,0,0,0,0,32.0,0,Unicorn_Absent,-1,-1.0,2,Unicorn_Absent,470,32.0,0,1.0,64,0.0,1.0,NOTHING,32.0,1.0,0.0,0.5,NOTHING
0,3896331063,54,31063,Absent,0,0,0,0,0,0,0,0,0,0,0,0,0,0,0,0,0,0,0,0,0,0,0,0,0,0,0,0,0,0,0,0,0,0,0,0,0,0,0,0,0,0,0,0,0,0,0,0,0,0,0,0,0,0,0,0,0,0,0,0,0,0,0,0,0,32.0,0,Unicorn_Absent,-1,-1.0,2,Unicorn_Absent,790,32.0,0,1.0,64,0.0,1.0,NOTHING,32.0,1.0,0.0,0.0,NOTHING
0,3896331063,55,31063,Absent,0,0,0,0,0,0,0,0,0,0,0,0,0,0,0,0,0,0,0,0,0,0,0,0,0,0,0,0,0,0,0,0,0,0,0,0,0,0,0,0,0,0,0,0,0,0,0,0,0,0,0,0,0,0,0,0,0,0,0,0,0,0,0,0,0,32.0,0,Unicorn_Absent,-1,-1.0,2,Unicorn_Absent,822,32.0,0,1.0,64,0.0,1.0,NOTHING,32.0,1.0,0.0,0.0,NOTHING
0,3896331063,3,389636,Absent,10,1,0,0,0,0,0,0,0,0,0,0,1,1,0,0,0,0,0,1,0,0,0,1,0,0,1,0,0,0,0,0,1,0,0,0,0,0,0,0,0,0,1,0,1,0,0,0,0,0,1,0,0,0,0,0,0,0,0,0,0,0,0,0,0,29.0,3,Unicorn_Absent,-1,-1.0,0,Unicorn_Absent,-26,4.0,10,0.14634146341463414,39,0.18093126385809313,0.5625,RS,10.0,0.12,22.0,,RS
0,3896331063,4,389636,Absent,46,0,1,1,0,1,1,1,1,1,1,0,0,1,1,1,1,1,1,1,1,1,0,1,1,1,0,1,0,0,1,1,1,1,1,1,1,1,0,1,1,1,0,1,1,1,0,0,0,1,1,1,0,1,1,1,0,1,1,1,0,1,1,0,0,4.0,28,Unicorn_Absent,-1,-1.0,0,Unicorn_Absent,-22,-5.0,46,0.12,59,0.34,0.484375,RS,29.0,0.5409836065573771,3.0,0.18093126385809313,RS
0,3896331063,5,389636,Absent,48,1,1,1,1,1,1,0,0,1,0,0,1,1,0,1,1,1,1,1,1,0,0,1,0,1,1,1,1,1,1,0,1,1,0,1,1,1,1,1,1,0,1,0,1,1,1,1,1,1,1,1,1,1,1,0,0,1,1,0,1,0,1,1,1,-5.0,37,Unicorn_Absent,-1,-1.0,0,Unicorn_Absent,-27,0.0,48,0.5409836065573771,62,0.018338427340927943,0.390625,RS,4.0,0.75,28.0,0.34,ALL
0,3896331063,6,389636,Absent,64,1,1,1,1,1,1,1,1,1,1,1,1,1,1,1,1,1,1,1,1,1,1,1,1,1,1,1,1,1,1,1,1,1,1,1,1,1,1,1,1,1,1,1,1,1,1,1,1,1,1,1,1,1,1,1,1,1,1,1,1,1,1,1,1,0.0,32,Unicorn_Absent,-1,-1.0,1,Unicorn_Absent,-27,5.0,64,0.75,64,0.3432203389830508,0.5,ALL,-5.0,0.625,37.0,0.018338427340927943,RS
0,3896331063,16,389636,Absent,28,1,1,1,1,1,1,1,1,1,0,0,0,0,0,0,1,1,0,0,0,0,0,0,1,1,0,0,0,0,0,0,1,1,0,0,0,0,0,0,1,1,0,0,0,0,0,0,1,1,0,0,0,0,0,0,1,1,1,1,1,1,1,1,1,18.0,14,Unicorn_Absent,-1,-1.0,8,Unicorn_Absent,148,0.0,28,0.36538461538461536,46,0.13461538461538464,0.5,OUT,-11.0,0.30434782608695654,43.0,0.28771551724137934,TOP
0,3896331063,17,389636,Absent,32,1,1,1,1,1,1,1,1,1,1,1,1,1,1,1,1,1,1,1,1,1,1,1,1,1,1,1,1,1,1,1,1,0,0,0,0,0,0,0,0,0,0,0,0,0,0,0,0,0,0,0,0,0,0,0,0,0,0,0,0,0,0,0,0,0.0,32,Unicorn_Absent,-1,-1.0,4,Unicorn_Absent,148,29.0,32,0.30434782608695654,32,0.6956521739130435,0.0,TOP,18.0,0.3333333333333333,14.0,0.13461538461538464,RIGHT
0,3896331063,18,389636,Absent,32,0,0,0,0,1,1,1,1,0,0,0,0,1,1,1,1,0,0,0,0,1,1,1,1,0,0,0,0,1,1,1,1,0,0,0,0,1,1,1,1,0,0,0,0,1,1,1,1,0,0,0,0,1,1,1,1,0,0,0,0,1,1,1,1,29.0,3,Unicorn_Absent,-1,-1.0,6,Unicorn_Absent,177,18.0,32,0.3333333333333333,36,0.27927927927927926,0.515625,RIGHT,0.0,1.0,32.0,0.6956521739130435,RIGHT
0,3896331063,21,389636,Absent,32,0,0,0,0,1,1,1,1,0,0,0,0,1,1,1,1,0,0,0,0,1,1,1,1,0,0,0,0,1,1,1,1,0,0,0,0,1,1,1,1,0,0,0,0,1,1,1,1,0,0,0,0,1,1,1,1,0,0,0,0,1,1,1,1,0.0,32,Unicorn_Absent,-1,-1.0,6,Unicorn_Absent,203,32.0,32,1.0,64,0.484375,0.5,RIGHT,18.0,0.0,14.0,0.8888888888888888,RS
0,3896331063,30,389636,Absent,0,0,0,0,0,0,0,0,0,0,0,0,0,0,0,0,0,0,0,0,0,0,0,0,0,0,0,0,0,0,0,0,0,0,0,0,0,0,0,0,0,0,0,0,0,0,0,0,0,0,0,0,0,0,0,0,0,0,0,0,0,0,0,0,0,32.0,0,Unicorn_Absent,-1,-1.0,2,Unicorn_Absent,118,32.0,0,0.0,32,0.0,0.5,NOTHING,10.0,1.0,22.0,0.09999999999999998,NOTHING
0,3896331063,33,389636,Absent,0,0,0,0,0,0,0,0,0,0,0,0,0,0,0,0,0,0,0,0,0,0,0,0,0,0,0,0,0,0,0,0,0,0,0,0,0,0,0,0,0,0,0,0,0,0,0,0,0,0,0,0,0,0,0,0,0,0,0,0,0,0,0,0,0,32.0,0,Unicorn_Absent,-1,-1.0,2,Unicorn_Absent,214,32.0,0,1.0,32,0.0,0.5,NOTHING,32.0,1.0,0.0,0.0,NOTHING
0,3896331063,43,389636,Absent,64,1,1,1,1,1,1,1,1,1,1,1,1,1,1,1,1,1,1,1,1,1,1,1,1,1,1,1,1,1,1,1,1,1,1,1,1,1,1,1,1,1,1,1,1,1,1,1,1,1,1,1,1,1,1,1,1,1,1,1,1,1,1,1,1,32.0,0,Unicorn_Absent,-1,-1.0,1,Unicorn_Absent,438,32.0,64,0.5,64,0.5,1.0,ALL,32.0,1.0,0.0,0.0,ALL
0,3896331063,44,389636,Absent,64,1,1,1,1,1,1,1,1,1,1,1,1,1,1,1,1,1,1,1,1,1,1,1,1,1,1,1,1,1,1,1,1,1,1,1,1,1,1,1,1,1,1,1,1,1,1,1,1,1,1,1,1,1,1,1,1,1,1,1,1,1,1,1,1,32.0,0,Unicorn_Absent,-1,-1.0,1,Unicorn_Absent,470,32.0,64,1.0,64,0.0,1.0,ALL,32.0,1.0,0.0,0.5,ALL
0,3896331063,54,389636,Absent,64,1,1,1,1,1,1,1,1,1,1,1,1,1,1,1,1,1,1,1,1,1,1,1,1,1,1,1,1,1,1,1,1,1,1,1,1,1,1,1,1,1,1,1,1,1,1,1,1,1,1,1,1,1,1,1,1,1,1,1,1,1,1,1,1,32.0,0,Unicorn_Absent,-1,-1.0,1,Unicorn_Absent,790,32.0,64,1.0,64,0.0,1.0,ALL,32.0,1.0,0.0,0.0,ALL
0,3896331063,55,389636,Absent,64,1,1,1,1,1,1,1,1,1,1,1,1,1,1,1,1,1,1,1,1,1,1,1,1,1,1,1,1,1,1,1,1,1,1,1,1,1,1,1,1,1,1,1,1,1,1,1,1,1,1,1,1,1,1,1,1,1,1,1,1,1,1,1,1,32.0,0,Unicorn_Absent,-1,-1.0,1,Unicorn_Absent,822,32.0,64,1.0,64,0.0,1.0,ALL,32.0,1.0,0.0,0.0,ALL
0,4225118563,5,18563,Absent,34,1,0,1,1,1,1,0,0,0,1,0,1,0,1,1,0,0,1,1,0,1,1,0,1,1,1,0,1,0,0,0,1,1,1,0,0,1,0,1,1,1,0,1,1,0,0,0,0,0,1,1,1,1,1,0,0,0,0,0,1,0,1,0,1,14.0,18,Unicorn_Absent,-1,-1.0,0,Unicorn_Absent,7,-20.0,34,0.40425531914893614,55,0.28520770010131713,0.578125,RS,27.0,0.4576271186440678,5.0,,RS
0,4225118563,22,18563,Absent,36,0,0,0,0,0,0,0,0,0,1,1,1,1,1,1,0,0,1,1,1,1,1,1,0,0,1,1,1,1,1,1,0,0,1,1,1,1,1,1,0,0,1,1,1,1,1,1,0,0,1,1,1,1,1,1,0,0,0,0,0,0,0,0,0,32.0,0,Unicorn_Absent,-1,-1.0,7,Unicorn_Absent,288,32.0,36,1.0,36,0.0,0.5625,IN,32.0,1.0,0.0,0.0,IN
0,4225118563,23,18563,Absent,36,0,0,0,0,0,0,0,0,0,1,1,1,1,1,1,0,0,1,1,1,1,1,1,0,0,1,1,1,1,1,1,0,0,1,1,1,1,1,1,0,0,1,1,1,1,1,1,0,0,1,1,1,1,1,1,0,0,0,0,0,0,0,0,0,32.0,0,Unicorn_Absent,-1,-1.0,7,Unicorn_Absent,320,32.0,36,1.0,36,0.0,0.5625,IN,32.0,1.0,0.0,0.0,IN
0,4225118563,24,18563,Absent,36,0,0,0,0,0,0,0,0,0,1,1,1,1,1,1,0,0,1,1,1,1,1,1,0,0,1,1,1,1,1,1,0,0,1,1,1,1,1,1,0,0,1,1,1,1,1,1,0,0,1,1,1,1,1,1,0,0,0,0,0,0,0,0,0,32.0,0,Unicorn_Absent,-1,-1.0,7,Unicorn_Absent,352,32.0,36,1.0,36,0.0,0.5625,IN,32.0,1.0,0.0,0.0,IN
0,4225118563,25,18563,Absent,36,0,0,0,0,0,0,0,0,0,1,1,1,1,1,1,0,0,1,1,1,1,1,1,0,0,1,1,1,1,1,1,0,0,1,1,1,1,1,1,0,0,1,1,1,1,1,1,0,0,1,1,1,1,1,1,0,0,0,0,0,0,0,0,0,32.0,0,Unicorn_Absent,-1,-1.0,7,Unicorn_Absent,384,32.0,36,1.0,36,0.0,0.5625,IN,32.0,1.0,0.0,0.0,IN
0,4225118563,28,18563,Absent,36,0,0,0,0,0,0,0,0,0,1,1,1,1,1,1,0,0,1,1,1,1,1,1,0,0,1,1,1,1,1,1,0,0,1,1,1,1,1,1,0,0,1,1,1,1,1,1,0,0,1,1,1,1,1,1,0,0,0,0,0,0,0,0,0,32.0,0,Unicorn_Absent,-1,-1.0,7,Unicorn_Absent,480,32.0,36,1.0,36,0.0,0.5625,IN,32.0,1.0,0.0,0.0,IN
0,4225118563,31,18563,Absent,36,0,0,0,0,0,0,0,0,0,1,1,1,1,1,1,0,0,1,1,1,1,1,1,0,0,1,1,1,1,1,1,0,0,1,1,1,1,1,1,0,0,1,1,1,1,1,1,0,0,1,1,1,1,1,1,0,0,0,0,0,0,0,0,0,32.0,0,Unicorn_Absent,-1,-1.0,7,Unicorn_Absent,576,32.0,36,1.0,36,0.0,0.5625,IN,32.0,1.0,0.0,0.0,IN
0,4225118563,32,18563,Absent,36,0,0,0,0,0,0,0,0,0,1,1,1,1,1,1,0,0,1,1,1,1,1,1,0,0,1,1,1,1,1,1,0,0,1,1,1,1,1,1,0,0,1,1,1,1,1,1,0,0,1,1,1,1,1,1,0,0,0,0,0,0,0,0,0,32.0,0,Unicorn_Absent,-1,-1.0,7,Unicorn_Absent,608,14.0,36,1.0,36,0.0,0.5625,IN,32.0,1.0,0.0,0.0,IN
0,4225118563,33,18563,Absent,36,0,0,0,0,0,0,0,0,0,1,1,1,1,1,1,0,0,1,1,1,1,1,1,0,0,1,1,1,1,1,1,0,0,1,1,1,1,1,1,0,0,1,1,1,1,1,1,0,0,1,1,1,1,1,1,0,0,0,0,0,0,0,0,0,14.0,18,Unicorn_Absent,-1,-1.0,7,Unicorn_Absent,622,14.0,36,1.0,50,1.0,0.5,IN,32.0,1.0,0.0,0.0,IN
0,4225118563,49,18563,Absent,32,0,0,0,0,1,1,1,1,0,0,0,0,1,1,1,1,0,0,0,0,1,1,1,1,0,0,0,0,1,1,1,1,0,0,0,0,1,1,1,1,0,0,0,0,1,1,1,1,0,0,0,0,1,1,1,1,0,0,0,0,1,1,1,1,32.0,0,Unicorn_Absent,-1,-1.0,6,Unicorn_Absent,763,32.0,32,1.0,64,0.0,1.0,RIGHT,32.0,1.0,0.0,0.0,RIGHT
0,4225118563,50,18563,Absent,32,0,0,0,0,1,1,1,1,0,0,0,0,1,1,1,1,0,0,0,0,1,1,1,1,0,0,0,0,1,1,1,1,0,0,0,0,1,1,1,1,0,0,0,0,1,1,1,1,0,0,0,0,1,1,1,1,0,0,0,0,1,1,1,1,32.0,0,Unicorn_Absent,-1,-1.0,6,Unicorn_Absent,795,32.0,32,1.0,64,0.0,1.0,RIGHT,32.0,1.0,0.0,0.0,RIGHT
0,4225118563,5,422519,Absent,39,1,0,0,0,1,1,1,1,0,1,1,1,1,1,1,1,1,1,0,1,0,1,0,1,1,1,1,0,0,1,1,0,1,0,0,0,0,1,0,0,1,1,1,0,1,0,1,0,1,0,0,1,0,0,1,1,1,0,1,0,1,1,1,1,14.0,18,Unicorn_Absent,-1,-1.0,0,Unicorn_Absent,7,-20.0,39,0.11904761904761904,55,0.28520770010131713,0.578125,RS,27.0,0.609375,5.0,,ALL
0,4225118563,22,422519,Absent,0,0,0,0,0,0,0,0,0,0,0,0,0,0,0,0,0,0,0,0,0,0,0,0,0,0,0,0,0,0,0,0,0,0,0,0,0,0,0,0,0,0,0,0,0,0,0,0,0,0,0,0,0,0,0,0,0,0,0,0,0,0,0,0,0,32.0,0,Unicorn_Absent,-1,-1.0,2,Unicorn_Absent,288,32.0,0,1.0,36,0.0,0.5625,NOTHING,32.0,1.0,0.0,0.0,NOTHING
0,4225118563,23,422519,Absent,0,0,0,0,0,0,0,0,0,0,0,0,0,0,0,0,0,0,0,0,0,0,0,0,0,0,0,0,0,0,0,0,0,0,0,0,0,0,0,0,0,0,0,0,0,0,0,0,0,0,0,0,0,0,0,0,0,0,0,0,0,0,0,0,0,32.0,0,Unicorn_Absent,-1,-1.0,2,Unicorn_Absent,320,32.0,0,1.0,36,0.0,0.5625,NOTHING,32.0,1.0,0.0,0.0,NOTHING
0,4225118563,24,422519,Absent,0,0,0,0,0,0,0,0,0,0,0,0,0,0,0,0,0,0,0,0,0,0,0,0,0,0,0,0,0,0,0,0,0,0,0,0,0,0,0,0,0,0,0,0,0,0,0,0,0,0,0,0,0,0,0,0,0,0,0,0,0,0,0,0,0,32.0,0,Unicorn_Absent,-1,-1.0,2,Unicorn_Absent,352,32.0,0,1.0,36,0.0,0.5625,NOTHING,32.0,1.0,0.0,0.0,NOTHING
0,4225118563,25,422519,Absent,0,0,0,0,0,0,0,0,0,0,0,0,0,0,0,0,0,0,0,0,0,0,0,0,0,0,0,0,0,0,0,0,0,0,0,0,0,0,0,0,0,0,0,0,0,0,0,0,0,0,0,0,0,0,0,0,0,0,0,0,0,0,0,0,0,32.0,0,Unicorn_Absent,-1,-1.0,2,Unicorn_Absent,384,32.0,0,1.0,36,0.0,0.5625,NOTHING,32.0,1.0,0.0,0.0,NOTHING
0,4225118563,28,422519,Absent,0,0,0,0,0,0,0,0,0,0,0,0,0,0,0,0,0,0,0,0,0,0,0,0,0,0,0,0,0,0,0,0,0,0,0,0,0,0,0,0,0,0,0,0,0,0,0,0,0,0,0,0,0,0,0,0,0,0,0,0,0,0,0,0,0,32.0,0,Unicorn_Absent,-1,-1.0,2,Unicorn_Absent,480,32.0,0,1.0,36,0.0,0.5625,NOTHING,32.0,1.0,0.0,0.0,NOTHING
0,4225118563,31,422519,Absent,0,0,0,0,0,0,0,0,0,0,0,0,0,0,0,0,0,0,0,0,0,0,0,0,0,0,0,0,0,0,0,0,0,0,0,0,0,0,0,0,0,0,0,0,0,0,0,0,0,0,0,0,0,0,0,0,0,0,0,0,0,0,0,0,0,32.0,0,Unicorn_Absent,-1,-1.0,2,Unicorn_Absent,576,32.0,0,1.0,36,0.0,0.5625,NOTHING,32.0,1.0,0.0,0.0,NOTHING
0,4225118563,32,422519,Absent,0,0,0,0,0,0,0,0,0,0,0,0,0,0,0,0,0,0,0,0,0,0,0,0,0,0,0,0,0,0,0,0,0,0,0,0,0,0,0,0,0,0,0,0,0,0,0,0,0,0,0,0,0,0,0,0,0,0,0,0,0,0,0,0,0,32.0,0,Unicorn_Absent,-1,-1.0,2,Unicorn_Absent,608,14.0,0,1.0,36,0.0,0.5625,NOTHING,32.0,0.0,0.0,0.0,BOTTOM
0,4225118563,33,422519,Absent,32,0,0,0,0,0,0,0,0,0,0,0,0,0,0,0,0,0,0,0,0,0,0,0,0,0,0,0,0,0,0,0,0,1,1,1,1,1,1,1,1,1,1,1,1,1,1,1,1,1,1,1,1,1,1,1,1,1,1,1,1,1,1,1,1,14.0,18,Unicorn_Absent,-1,-1.0,3,Unicorn_Absent,622,14.0,32,0.0,50,1.0,0.5,BOTTOM,32.0,1.0,0.0,0.0,BOTTOM
0,4225118563,49,422519,Absent,32,1,1,1,1,0,0,0,0,1,1,1,1,0,0,0,0,1,1,1,1,0,0,0,0,1,1,1,1,0,0,0,0,1,1,1,1,0,0,0,0,1,1,1,1,0,0,0,0,1,1,1,1,0,0,0,0,1,1,1,1,0,0,0,0,32.0,0,Unicorn_Absent,-1,-1.0,5,Unicorn_Absent,763,32.0,32,1.0,64,0.0,1.0,LEFT,32.0,1.0,0.0,0.0,LEFT
0,4225118563,50,422519,Absent,32,1,1,1,1,0,0,0,0,1,1,1,1,0,0,0,0,1,1,1,1,0,0,0,0,1,1,1,1,0,0,0,0,1,1,1,1,0,0,0,0,1,1,1,1,0,0,0,0,1,1,1,1,0,0,0,0,1,1,1,1,0,0,0,0,32.0,0,Unicorn_Absent,-1,-1.0,5,Unicorn_Absent,795,32.0,32,1.0,64,0.0,1.0,LEFT,32.0,1.0,0.0,0.0,LEFT
0,4409412726,8,127264,Absent,32,0,0,0,0,1,1,1,1,0,0,0,0,1,1,1,1,0,0,0,0,1,1,1,1,0,0,0,0,1,1,1,1,0,0,0,0,1,1,1,1,0,0,0,0,1,1,1,1,0,0,0,0,1,1,1,1,0,0,0,0,1,1,1,1,0.0,32,Unicorn_Absent,-1,-1.0,6,Unicorn_Absent,140,23.0,32,0.0,64,1.0,0.5,RIGHT,0.0,0.36,32.0,0.0625,IN
0,4409412726,11,127264,Absent,36,0,0,0,0,0,0,0,0,0,1,1,1,1,1,1,0,0,1,1,1,1,1,1,0,0,1,1,1,1,1,1,0,0,1,1,1,1,1,1,0,0,1,1,1,1,1,1,0,0,1,1,1,1,1,1,0,0,0,0,0,0,0,0,0,14.0,18,Unicorn_Absent,-1,-1.0,7,Unicorn_Absent,209,14.0,36,1.0,50,0.8,0.5,IN,23.0,1.0,9.0,0.10999999999999999,IN
0,4409412726,12,127264,Absent,36,0,0,0,0,0,0,0,0,0,1,1,1,1,1,1,0,0,1,1,1,1,1,1,0,0,1,1,1,1,1,1,0,0,1,1,1,1,1,1,0,0,1,1,1,1,1,1,0,0,1,1,1,1,1,1,0,0,0,0,0,0,0,0,0,14.0,18,Unicorn_Absent,-1,-1.0,7,Unicorn_Absent,223,14.0,36,1.0,50,0.0,0.5,IN,14.0,1.0,18.0,0.8,IN
0,4409412726,15,127264,Absent,24,0,1,0,0,0,1,0,1,0,1,1,0,0,1,1,0,1,0,0,0,0,1,1,1,0,0,1,0,0,0,0,0,0,0,1,0,0,1,1,0,1,1,0,0,0,0,0,1,1,0,0,1,1,1,0,1,0,0,0,0,0,0,1,0,22.0,10,Unicorn_Absent,-1,-1.0,0,Unicorn_Absent,177,9.0,24,0.30434782608695654,46,0.028985507246376774,0.5625,RS,14.0,0.26785714285714285,18.0,0.0,RS
0,4409412726,16,127264,Absent,47,1,1,1,0,1,0,0,1,1,1,0,1,1,1,1,1,1,1,1,0,1,0,1,0,1,1,1,1,1,1,1,1,1,1,0,1,0,0,0,1,0,0,0,0,1,1,1,1,1,1,1,1,1,1,1,1,1,0,1,1,1,1,1,0,9.0,23,Unicorn_Absent,-1,-1.0,0,Unicorn_Absent,186,16.0,47,0.26785714285714285,56,0.7321428571428572,0.515625,RS,22.0,0.46296296296296297,10.0,0.028985507246376774,TOP
0,4409412726,23,127264,Absent,28,1,1,1,1,1,1,1,1,1,0,0,0,0,0,0,1,1,0,0,0,0,0,0,1,1,0,0,0,0,0,0,1,1,0,0,0,0,0,0,1,1,0,0,0,0,0,0,1,1,0,0,0,0,0,0,1,1,1,1,1,1,1,1,1,17.0,15,Unicorn_Absent,-1,-1.0,8,Unicorn_Absent,220,18.0,28,0.30434782608695654,52,0.0352748154224774,0.578125,OUT,16.0,1.0,16.0,0.0,OUT
0,4409412726,27,127264,Absent,32,0,0,0,0,0,0,0,0,0,0,0,0,0,0,0,0,0,0,0,0,0,0,0,0,0,0,0,0,0,0,0,0,1,1,1,1,1,1,1,1,1,1,1,1,1,1,1,1,1,1,1,1,1,1,1,1,1,1,1,1,1,1,1,1,0.0,32,Unicorn_Absent,-1,-1.0,3,Unicorn_Absent,192,0.0,32,0.30434782608695654,64,0.19565217391304346,0.5,BOTTOM,18.0,0.5,14.0,0.5800000000000001,ALL
0,4409412726,28,127264,Absent,64,1,1,1,1,1,1,1,1,1,1,1,1,1,1,1,1,1,1,1,1,1,1,1,1,1,1,1,1,1,1,1,1,1,1,1,1,1,1,1,1,1,1,1,1,1,1,1,1,1,1,1,1,1,1,1,1,1,1,1,1,1,1,1,1,0.0,32,Unicorn_Absent,-1,-1.0,1,Unicorn_Absent,192,15.0,64,0.5,64,0.0,0.5,ALL,0.0,0.515625,32.0,0.19565217391304346,RS
0,4409412726,29,127264,Absent,33,0,1,0,1,1,0,0,0,1,1,0,1,1,1,1,0,1,0,1,1,1,0,0,0,1,0,0,0,1,1,1,0,0,1,1,0,1,0,0,1,1,0,0,0,1,0,0,1,0,0,1,1,0,0,1,1,0,1,0,1,1,0,1,1,15.0,17,Unicorn_Absent,-1,-1.0,0,Unicorn_Absent,207,15.0,33,0.515625,48,0.484375,0.484375,RS,0.0,0.3541666666666667,32.0,0.0,RIGHT
0,4409412726,36,127264,Absent,32,0,0,0,0,1,1,1,1,0,0,0,0,1,1,1,1,0,0,0,0,1,1,1,1,0,0,0,0,1,1,1,1,0,0,0,0,1,1,1,1,0,0,0,0,1,1,1,1,0,0,0,0,1,1,1,1,0,0,0,0,1,1,1,1,16.0,16,Unicorn_Absent,-1,-1.0,6,Unicorn_Absent,362,16.0,32,1.0,48,0.64,0.5,RIGHT,14.0,1.0,18.0,0.6607142857142857,RIGHT
0,4409412726,37,127264,Absent,32,0,0,0,0,1,1,1,1,0,0,0,0,1,1,1,1,0,0,0,0,1,1,1,1,0,0,0,0,1,1,1,1,0,0,0,0,1,1,1,1,0,0,0,0,1,1,1,1,0,0,0,0,1,1,1,1,0,0,0,0,1,1,1,1,16.0,16,Unicorn_Absent,-1,-1.0,6,Unicorn_Absent,378,16.0,32,1.0,48,0.0,0.5,RIGHT,16.0,1.0,16.0,0.64,RIGHT
0,4409412726,40,127264,Absent,32,0,0,0,0,1,1,1,1,0,0,0,0,1,1,1,1,0,0,0,0,1,1,1,1,0,0,0,0,1,1,1,1,0,0,0,0,1,1,1,1,0,0,0,0,1,1,1,1,0,0,0,0,1,1,1,1,0,0,0,0,1,1,1,1,16.0,16,Unicorn_Absent,-1,-1.0,6,Unicorn_Absent,442,16.0,32,1.0,48,0.0,0.5,RIGHT,16.0,1.0,16.0,0.0,RIGHT
0,4409412726,43,127264,Absent,31,0,0,0,0,0,1,0,1,0,1,1,0,0,1,1,0,1,1,0,1,0,1,1,1,1,0,0,1,1,0,1,1,0,0,1,0,1,1,0,0,1,1,1,0,0,1,1,0,1,1,0,1,0,1,0,0,0,1,1,0,0,0,0,0,22.0,10,Unicorn_Absent,-1,-1.0,0,Unicorn_Absent,400,30.0,31,0.3125,49,0.008152173913043459,0.609375,RS,16.0,0.05714285714285714,16.0,0.0,RS
0,4409412726,50,127264,Absent,64,1,1,1,1,1,1,1,1,1,1,1,1,1,1,1,1,1,1,1,1,1,1,1,1,1,1,1,1,1,1,1,1,1,1,1,1,1,1,1,1,1,1,1,1,1,1,1,1,1,1,1,1,1,1,1,1,1,1,1,1,1,1,1,1,-24.0,56,Unicorn_Absent,-1,-1.0,1,Unicorn_Absent,303,26.0,64,0.5,64,0.05737704918032788,0.125,ALL,16.0,0.203125,16.0,0.15283267457180502,RS
0,4409412726,51,127264,Absent,13,0,0,1,0,0,0,0,1,0,0,0,1,0,1,0,0,1,0,0,1,1,0,0,0,0,1,1,0,0,0,0,0,1,0,0,0,0,0,0,0,0,0,0,1,0,0,0,0,0,0,0,0,0,0,0,0,0,1,0,0,1,0,0,0,26.0,6,Unicorn_Absent,-1,-1.0,0,Unicorn_Absent,329,32.0,13,0.203125,32,0.1697563559322034,0.40625,RS,-24.0,0.25,56.0,0.05737704918032788,LEFT
0,4409412726,52,127264,Absent,32,1,1,1,1,0,0,0,0,1,1,1,1,0,0,0,0,1,1,1,1,0,0,0,0,1,1,1,1,0,0,0,0,1,1,1,1,0,0,0,0,1,1,1,1,0,0,0,0,1,1,1,1,0,0,0,0,1,1,1,1,0,0,0,0,32.0,0,Unicorn_Absent,-1,-1.0,5,Unicorn_Absent,361,32.0,32,0.25,32,0.25,0.5,LEFT,26.0,1.0,6.0,0.1697563559322034,LEFT
0,4409412726,58,127264,Absent,32,0,0,0,0,1,1,1,1,0,0,0,0,1,1,1,1,0,0,0,0,1,1,1,1,0,0,0,0,1,1,1,1,0,0,0,0,1,1,1,1,0,0,0,0,1,1,1,1,0,0,0,0,1,1,1,1,0,0,0,0,1,1,1,1,0.0,32,Unicorn_Absent,-1,-1.0,6,Unicorn_Absent,380,32.0,32,0.5,64,0.0625,0.5,RIGHT,-4.0,0.0,36.0,0.5,NOTHING
0,4409412726,8,440944,Absent,64,1,1,1,1,1,1,1,1,1,1,1,1,1,1,1,1,1,1,1,1,1,1,1,1,1,1,1,1,1,1,1,1,1,1,1,1,1,1,1,1,1,1,1,1,1,1,1,1,1,1,1,1,1,1,1,1,1,1,1,1,1,1,1,1,0.0,32,Unicorn_Absent,-1,-1.0,1,Unicorn_Absent,140,23.0,64,1.0,64,1.0,0.5,ALL,0.0,0.25,32.0,0.0625,RS
0,4409412726,11,440944,Absent,32,1,1,1,1,1,1,1,1,1,1,1,1,1,1,1,1,1,1,1,1,1,1,1,1,1,1,1,1,1,1,1,1,0,0,0,0,0,0,0,0,0,0,0,0,0,0,0,0,0,0,0,0,0,0,0,0,0,0,0,0,0,0,0,0,14.0,18,Unicorn_Absent,-1,-1.0,4,Unicorn_Absent,209,14.0,32,0.2,50,0.8,0.5,TOP,23.0,1.0,9.0,0.10999999999999999,TOP
0,4409412726,12,440944,Absent,32,1,1,1,1,1,1,1,1,1,1,1,1,1,1,1,1,1,1,1,1,1,1,1,1,1,1,1,1,1,1,1,1,0,0,0,0,0,0,0,0,0,0,0,0,0,0,0,0,0,0,0,0,0,0,0,0,0,0,0,0,0,0,0,0,14.0,18,Unicorn_Absent,-1,-1.0,4,Unicorn_Absent,223,14.0,32,1.0,50,0.0,0.5,TOP,14.0,1.0,18.0,0.8,TOP
0,4409412726,15,440944,Absent,32,1,1,1,1,0,0,0,0,1,1,1,1,0,0,0,0,1,1,1,1,0,0,0,0,1,1,1,1,0,0,0,0,1,1,1,1,0,0,0,0,1,1,1,1,0,0,0,0,1,1,1,1,0,0,0,0,1,1,1,1,0,0,0,0,22.0,10,Unicorn_Absent,-1,-1.0,5,Unicorn_Absent,177,9.0,32,0.3333333333333333,46,0.028985507246376774,0.5625,LEFT,14.0,1.0,18.0,0.0,LEFT
0,4409412726,16,440944,Absent,32,1,1,1,1,0,0,0,0,1,1,1,1,0,0,0,0,1,1,1,1,0,0,0,0,1,1,1,1,0,0,0,0,1,1,1,1,0,0,0,0,1,1,1,1,0,0,0,0,1,1,1,1,0,0,0,0,1,1,1,1,0,0,0,0,9.0,23,Unicorn_Absent,-1,-1.0,5,Unicorn_Absent,186,16.0,32,1.0,56,0.7321428571428572,0.515625,LEFT,22.0,1.0,10.0,0.028985507246376774,LEFT
0,4409412726,23,440944,Absent,39,0,0,0,0,1,0,0,1,1,1,1,0,1,1,0,0,0,0,0,0,0,1,1,1,0,1,1,1,1,0,0,1,1,1,1,1,1,0,1,1,0,1,1,0,1,1,0,1,1,1,1,0,1,1,1,1,1,1,0,1,0,0,1,1,17.0,15,Unicorn_Absent,-1,-1.0,0,Unicorn_Absent,220,18.0,39,0.33962264150943394,52,0.0352748154224774,0.578125,RS,16.0,0.42,16.0,0.0,RIGHT
0,4409412726,27,440944,Absent,64,1,1,1,1,1,1,1,1,1,1,1,1,1,1,1,1,1,1,1,1,1,1,1,1,1,1,1,1,1,1,1,1,1,1,1,1,1,1,1,1,1,1,1,1,1,1,1,1,1,1,1,1,1,1,1,1,1,1,1,1,1,1,1,1,0.0,32,Unicorn_Absent,-1,-1.0,1,Unicorn_Absent,192,0.0,64,0.5,64,0.19565217391304346,0.5,ALL,18.0,0.5,14.0,0.5800000000000001,TOP
0,4409412726,28,440944,Absent,32,1,1,1,1,1,1,1,1,1,1,1,1,1,1,1,1,1,1,1,1,1,1,1,1,1,1,1,1,1,1,1,1,0,0,0,0,0,0,0,0,0,0,0,0,0,0,0,0,0,0,0,0,0,0,0,0,0,0,0,0,0,0,0,0,0.0,32,Unicorn_Absent,-1,-1.0,4,Unicorn_Absent,192,15.0,32,0.5,64,0.0,0.5,TOP,0.0,1.0,32.0,0.19565217391304346,TOP
0,4409412726,29,440944,Absent,32,1,1,1,1,1,1,1,1,1,1,1,1,1,1,1,1,1,1,1,1,1,1,1,1,1,1,1,1,1,1,1,1,0,0,0,0,0,0,0,0,0,0,0,0,0,0,0,0,0,0,0,0,0,0,0,0,0,0,0,0,0,0,0,0,15.0,17,Unicorn_Absent,-1,-1.0,4,Unicorn_Absent,207,15.0,32,1.0,48,0.484375,0.484375,TOP,0.0,0.42,32.0,0.0,RS
0,4409412726,36,440944,Absent,32,0,0,0,0,0,0,0,0,0,0,0,0,0,0,0,0,0,0,0,0,0,0,0,0,0,0,0,0,0,0,0,0,1,1,1,1,1,1,1,1,1,1,1,1,1,1,1,1,1,1,1,1,1,1,1,1,1,1,1,1,1,1,1,1,16.0,16,Unicorn_Absent,-1,-1.0,3,Unicorn_Absent,362,16.0,32,0.36,48,0.64,0.5,BOTTOM,14.0,1.0,18.0,0.6607142857142857,BOTTOM
0,4409412726,37,440944,Absent,32,0,0,0,0,0,0,0,0,0,0,0,0,0,0,0,0,0,0,0,0,0,0,0,0,0,0,0,0,0,0,0,0,1,1,1,1,1,1,1,1,1,1,1,1,1,1,1,1,1,1,1,1,1,1,1,1,1,1,1,1,1,1,1,1,16.0,16,Unicorn_Absent,-1,-1.0,3,Unicorn_Absent,378,16.0,32,1.0,48,0.0,0.5,BOTTOM,16.0,1.0,16.0,0.64,BOTTOM
0,4409412726,40,440944,Absent,32,0,0,0,0,0,0,0,0,0,0,0,0,0,0,0,0,0,0,0,0,0,0,0,0,0,0,0,0,0,0,0,0,1,1,1,1,1,1,1,1,1,1,1,1,1,1,1,1,1,1,1,1,1,1,1,1,1,1,1,1,1,1,1,1,16.0,16,Unicorn_Absent,-1,-1.0,3,Unicorn_Absent,442,16.0,32,1.0,48,0.0,0.5,BOTTOM,16.0,1.0,16.0,0.0,BOTTOM
0,4409412726,43,440944,Absent,28,1,1,1,1,1,1,1,1,1,0,0,0,0,0,0,1,1,0,0,0,0,0,0,1,1,0,0,0,0,0,0,1,1,0,0,0,0,0,0,1,1,0,0,0,0,0,0,1,1,0,0,0,0,0,0,1,1,1,1,1,1,1,1,1,22.0,10,Unicorn_Absent,-1,-1.0,8,Unicorn_Absent,400,30.0,28,0.30434782608695654,49,0.008152173913043459,0.609375,OUT,16.0,1.0,16.0,0.0,OUT
0,4409412726,50,440944,Absent,56,1,1,1,1,1,1,1,1,1,0,1,0,1,1,1,1,1,1,1,1,1,1,0,1,0,1,1,0,1,1,1,1,1,1,1,0,0,1,1,1,0,1,1,1,1,1,1,1,1,1,1,1,1,1,1,1,1,1,1,1,1,1,1,1,-24.0,56,Unicorn_Absent,-1,-1.0,0,Unicorn_Absent,303,26.0,56,0.4426229508196721,64,0.05737704918032788,0.125,RS,16.0,0.3728813559322034,16.0,0.15283267457180502,RS
0,4409412726,51,440944,Absent,25,1,1,1,1,1,0,1,0,0,0,0,1,0,0,0,1,1,1,0,1,0,0,0,0,0,0,1,0,0,1,0,1,0,0,1,1,0,1,0,0,1,0,0,0,0,0,0,0,1,1,1,0,1,0,1,1,0,1,0,0,0,0,0,0,26.0,6,Unicorn_Absent,-1,-1.0,0,Unicorn_Absent,329,32.0,25,0.3728813559322034,32,0.1697563559322034,0.40625,RS,-24.0,0.0,56.0,0.05737704918032788,NOTHING
0,4409412726,52,440944,Absent,0,0,0,0,0,0,0,0,0,0,0,0,0,0,0,0,0,0,0,0,0,0,0,0,0,0,0,0,0,0,0,0,0,0,0,0,0,0,0,0,0,0,0,0,0,0,0,0,0,0,0,0,0,0,0,0,0,0,0,0,0,0,0,0,0,32.0,0,Unicorn_Absent,-1,-1.0,2,Unicorn_Absent,361,32.0,0,0.0,32,0.25,0.5,NOTHING,26.0,1.0,6.0,0.1697563559322034,NOTHING
0,4409412726,58,440944,Absent,64,1,1,1,1,1,1,1,1,1,1,1,1,1,1,1,1,1,1,1,1,1,1,1,1,1,1,1,1,1,1,1,1,1,1,1,1,1,1,1,1,1,1,1,1,1,1,1,1,1,1,1,1,1,1,1,1,1,1,1,1,1,1,1,1,0.0,32,Unicorn_Absent,-1,-1.0,1,Unicorn_Absent,380,32.0,64,0.5625,64,0.0625,0.5,ALL,-4.0,0.484375,36.0,0.5,RS
0,4987555502,1,498753,Absent,19,1,1,0,0,0,0,1,1,1,0,0,0,0,0,0,0,0,1,0,0,1,0,0,0,1,0,0,0,0,0,0,0,0,1,0,0,0,0,0,0,0,0,0,1,0,1,0,1,0,1,1,1,0,0,0,1,0,0,0,1,0,1,0,1,30.0,2,Unicorn_Absent,-1,-1.0,0,Unicorn_Absent,30,0.0,19,,19,,0.265625,RS,,0.275,,,LEFT
0,4987555502,6,498753,Absent,56,1,1,1,1,0,1,0,0,1,0,1,1,1,1,1,1,1,1,1,1,1,1,1,1,1,1,1,1,1,1,1,1,1,1,1,1,0,1,1,1,1,1,1,0,1,1,1,1,1,0,1,1,1,1,1,1,1,1,1,1,1,1,1,0,-6.0,38,Unicorn_Absent,-1,-1.0,0,Unicorn_Absent,77,-32.0,56,0.875,62,0.5416666666666667,0.375,RS,0.0,0.875,32.0,0.0,ALL
0,4987555502,22,498753,Absent,32,1,1,1,1,0,0,0,0,1,1,1,1,0,0,0,0,1,1,1,1,0,0,0,0,1,1,1,1,0,0,0,0,1,1,1,1,0,0,0,0,1,1,1,1,0,0,0,0,1,1,1,1,0,0,0,0,1,1,1,1,0,0,0,0,18.0,14,Unicorn_Absent,-1,-1.0,5,Unicorn_Absent,-17,18.0,32,1.0,46,0.0,0.5,LEFT,18.0,1.0,14.0,0.055652173913043446,LEFT
0,4987555502,23,498753,Absent,32,1,1,1,1,0,0,0,0,1,1,1,1,0,0,0,0,1,1,1,1,0,0,0,0,1,1,1,1,0,0,0,0,1,1,1,1,0,0,0,0,1,1,1,1,0,0,0,0,1,1,1,1,0,0,0,0,1,1,1,1,0,0,0,0,18.0,14,Unicorn_Absent,-1,-1.0,5,Unicorn_Absent,1,18.0,32,1.0,46,0.0,0.5,LEFT,18.0,1.0,14.0,0.0,LEFT
0,4987555502,24,498753,Absent,32,1,1,1,1,0,0,0,0,1,1,1,1,0,0,0,0,1,1,1,1,0,0,0,0,1,1,1,1,0,0,0,0,1,1,1,1,0,0,0,0,1,1,1,1,0,0,0,0,1,1,1,1,0,0,0,0,1,1,1,1,0,0,0,0,18.0,14,Unicorn_Absent,-1,-1.0,5,Unicorn_Absent,19,18.0,32,1.0,46,0.0,0.5,LEFT,18.0,1.0,14.0,0.0,LEFT
0,4987555502,27,498753,Absent,32,1,1,1,1,0,0,0,0,1,1,1,1,0,0,0,0,1,1,1,1,0,0,0,0,1,1,1,1,0,0,0,0,1,1,1,1,0,0,0,0,1,1,1,1,0,0,0,0,1,1,1,1,0,0,0,0,1,1,1,1,0,0,0,0,18.0,14,Unicorn_Absent,-1,-1.0,5,Unicorn_Absent,81,18.0,32,1.0,46,0.0,0.5,LEFT,18.0,1.0,14.0,0.0,LEFT
0,4987555502,28,498753,Absent,32,1,1,1,1,0,0,0,0,1,1,1,1,0,0,0,0,1,1,1,1,0,0,0,0,1,1,1,1,0,0,0,0,1,1,1,1,0,0,0,0,1,1,1,1,0,0,0,0,1,1,1,1,0,0,0,0,1,1,1,1,0,0,0,0,18.0,14,Unicorn_Absent,-1,-1.0,5,Unicorn_Absent,99,18.0,32,1.0,46,0.0,0.5,LEFT,18.0,1.0,14.0,0.0,LEFT
0,4987555502,29,498753,Absent,32,1,1,1,1,0,0,0,0,1,1,1,1,0,0,0,0,1,1,1,1,0,0,0,0,1,1,1,1,0,0,0,0,1,1,1,1,0,0,0,0,1,1,1,1,0,0,0,0,1,1,1,1,0,0,0,0,1,1,1,1,0,0,0,0,18.0,14,Unicorn_Absent,-1,-1.0,5,Unicorn_Absent,117,18.0,32,1.0,46,0.0,0.5,LEFT,18.0,1.0,14.0,0.0,LEFT
0,4987555502,33,498753,Absent,32,1,1,1,1,0,0,0,0,1,1,1,1,0,0,0,0,1,1,1,1,0,0,0,0,1,1,1,1,0,0,0,0,1,1,1,1,0,0,0,0,1,1,1,1,0,0,0,0,1,1,1,1,0,0,0,0,1,1,1,1,0,0,0,0,18.0,14,Unicorn_Absent,-1,-1.0,5,Unicorn_Absent,205,18.0,32,1.0,46,0.0,0.5,LEFT,18.0,1.0,14.0,0.0,LEFT
0,4987555502,34,498753,Absent,32,1,1,1,1,0,0,0,0,1,1,1,1,0,0,0,0,1,1,1,1,0,0,0,0,1,1,1,1,0,0,0,0,1,1,1,1,0,0,0,0,1,1,1,1,0,0,0,0,1,1,1,1,0,0,0,0,1,1,1,1,0,0,0,0,18.0,14,Unicorn_Absent,-1,-1.0,5,Unicorn_Absent,223,18.0,32,1.0,46,0.0,0.5,LEFT,18.0,1.0,14.0,0.0,LEFT
0,4987555502,35,498753,Absent,32,1,1,1,1,0,0,0,0,1,1,1,1,0,0,0,0,1,1,1,1,0,0,0,0,1,1,1,1,0,0,0,0,1,1,1,1,0,0,0,0,1,1,1,1,0,0,0,0,1,1,1,1,0,0,0,0,1,1,1,1,0,0,0,0,18.0,14,Unicorn_Absent,-1,-1.0,5,Unicorn_Absent,241,18.0,32,1.0,46,0.0,0.5,LEFT,18.0,1.0,14.0,0.0,LEFT
0,4987555502,38,498753,Absent,32,1,1,1,1,0,0,0,0,1,1,1,1,0,0,0,0,1,1,1,1,0,0,0,0,1,1,1,1,0,0,0,0,1,1,1,1,0,0,0,0,1,1,1,1,0,0,0,0,1,1,1,1,0,0,0,0,1,1,1,1,0,0,0,0,2.0,30,Unicorn_Absent,-1,-1.0,5,Unicorn_Absent,269,9.0,32,1.0,62,0.5573770491803278,0.5,LEFT,18.0,0.48148148148148145,14.0,0.0,RS
0,4987555502,39,498753,Absent,48,0,1,1,1,1,1,0,0,1,0,1,0,1,0,1,0,1,1,1,1,1,1,1,1,1,1,1,1,1,0,0,1,1,0,1,1,1,0,1,1,1,0,1,1,0,0,0,1,1,1,1,1,1,1,1,1,1,1,0,1,1,1,1,1,9.0,23,Unicorn_Absent,-1,-1.0,0,Unicorn_Absent,278,0.0,48,0.48148148148148145,57,0.0023894862604540434,0.53125,RS,2.0,0.75,30.0,0.5573770491803278,ALL
0,4987555502,43,498753,Absent,31,0,1,1,1,1,1,1,1,0,1,0,0,1,1,0,0,1,1,1,1,0,0,0,0,1,1,0,0,0,0,0,0,1,0,0,1,1,0,0,0,0,0,0,0,0,0,1,0,1,1,1,0,1,1,0,1,0,0,1,1,1,1,1,0,15.0,17,Unicorn_Absent,-1,-1.0,0,Unicorn_Absent,354,22.0,31,0.484375,46,0.15104166666666669,0.453125,RS,0.0,0.21428571428571427,32.0,0.25,RS
0,4987555502,48,498753,Absent,32,1,1,1,1,1,1,1,1,1,1,1,1,1,1,1,1,1,1,1,1,1,1,1,1,1,1,1,1,1,1,1,1,0,0,0,0,0,0,0,0,0,0,0,0,0,0,0,0,0,0,0,0,0,0,0,0,0,0,0,0,0,0,0,0,14.0,18,Unicorn_Absent,-1,-1.0,4,Unicorn_Absent,467,14.0,32,1.0,50,0.7916666666666666,0.5,TOP,20.0,1.0,12.0,0.010822510822510817,TOP
0,4987555502,49,498753,Absent,32,1,1,1,1,1,1,1,1,1,1,1,1,1,1,1,1,1,1,1,1,1,1,1,1,1,1,1,1,1,1,1,1,0,0,0,0,0,0,0,0,0,0,0,0,0,0,0,0,0,0,0,0,0,0,0,0,0,0,0,0,0,0,0,0,14.0,18,Unicorn_Absent,-1,-1.0,4,Unicorn_Absent,481,14.0,32,1.0,50,0.0,0.5,TOP,14.0,1.0,18.0,0.7916666666666666,TOP
0,4987555502,54,498753,Absent,32,1,1,1,1,1,1,1,1,1,1,1,1,1,1,1,1,1,1,1,1,1,1,1,1,1,1,1,1,1,1,1,1,0,0,0,0,0,0,0,0,0,0,0,0,0,0,0,0,0,0,0,0,0,0,0,0,0,0,0,0,0,0,0,0,14.0,18,Unicorn_Absent,-1,-1.0,4,Unicorn_Absent,584,14.0,32,1.0,50,0.0,0.5,TOP,14.0,1.0,18.0,0.0,TOP
0,4987555502,55,498753,Absent,32,1,1,1,1,1,1,1,1,1,1,1,1,1,1,1,1,1,1,1,1,1,1,1,1,1,1,1,1,1,1,1,1,0,0,0,0,0,0,0,0,0,0,0,0,0,0,0,0,0,0,0,0,0,0,0,0,0,0,0,0,0,0,0,0,14.0,18,Unicorn_Absent,-1,-1.0,4,Unicorn_Absent,598,14.0,32,1.0,50,0.0,0.5,TOP,14.0,1.0,18.0,0.0,TOP
0,4987555502,1,555029,Absent,2,1,0,0,0,0,0,0,0,0,0,0,0,0,0,0,0,0,0,0,0,1,0,0,0,0,0,0,0,0,0,0,0,0,0,0,0,0,0,0,0,0,0,0,0,0,0,0,0,0,0,0,0,0,0,0,0,0,0,0,0,0,0,0,0,30.0,2,Unicorn_Absent,-1,-1.0,0,Unicorn_Absent,30,0.0,2,,19,,0.265625,RS,,0.03125,,,ALL
0,4987555502,6,555029,Absent,44,1,1,0,1,1,1,1,1,1,0,1,1,0,0,1,1,1,1,1,0,1,1,1,1,1,1,1,0,0,1,1,1,0,1,1,0,0,1,0,0,1,1,1,1,0,0,0,1,0,1,1,1,0,0,1,1,1,0,1,0,1,1,1,1,-6.0,38,Unicorn_Absent,-1,-1.0,0,Unicorn_Absent,77,-32.0,44,0.3333333333333333,62,0.5416666666666667,0.375,RS,0.0,0.6875,32.0,0.0,ALL
0,4987555502,22,555029,Absent,28,1,1,1,1,1,1,1,1,1,0,0,0,0,0,0,1,1,0,0,0,0,0,0,1,1,0,0,0,0,0,0,1,1,0,0,0,0,0,0,1,1,0,0,0,0,0,0,1,1,0,0,0,0,0,0,1,1,1,1,1,1,1,1,1,18.0,14,Unicorn_Absent,-1,-1.0,8,Unicorn_Absent,-17,18.0,28,1.0,46,0.0,0.5,OUT,18.0,1.0,14.0,0.055652173913043446,OUT
0,4987555502,23,555029,Absent,28,1,1,1,1,1,1,1,1,1,0,0,0,0,0,0,1,1,0,0,0,0,0,0,1,1,0,0,0,0,0,0,1,1,0,0,0,0,0,0,1,1,0,0,0,0,0,0,1,1,0,0,0,0,0,0,1,1,1,1,1,1,1,1,1,18.0,14,Unicorn_Absent,-1,-1.0,8,Unicorn_Absent,1,18.0,28,1.0,46,0.0,0.5,OUT,18.0,1.0,14.0,0.0,OUT
0,4987555502,24,555029,Absent,28,1,1,1,1,1,1,1,1,1,0,0,0,0,0,0,1,1,0,0,0,0,0,0,1,1,0,0,0,0,0,0,1,1,0,0,0,0,0,0,1,1,0,0,0,0,0,0,1,1,0,0,0,0,0,0,1,1,1,1,1,1,1,1,1,18.0,14,Unicorn_Absent,-1,-1.0,8,Unicorn_Absent,19,18.0,28,1.0,46,0.0,0.5,OUT,18.0,1.0,14.0,0.0,OUT
0,4987555502,27,555029,Absent,28,1,1,1,1,1,1,1,1,1,0,0,0,0,0,0,1,1,0,0,0,0,0,0,1,1,0,0,0,0,0,0,1,1,0,0,0,0,0,0,1,1,0,0,0,0,0,0,1,1,0,0,0,0,0,0,1,1,1,1,1,1,1,1,1,18.0,14,Unicorn_Absent,-1,-1.0,8,Unicorn_Absent,81,18.0,28,1.0,46,0.0,0.5,OUT,18.0,1.0,14.0,0.0,OUT
0,4987555502,28,555029,Absent,28,1,1,1,1,1,1,1,1,1,0,0,0,0,0,0,1,1,0,0,0,0,0,0,1,1,0,0,0,0,0,0,1,1,0,0,0,0,0,0,1,1,0,0,0,0,0,0,1,1,0,0,0,0,0,0,1,1,1,1,1,1,1,1,1,18.0,14,Unicorn_Absent,-1,-1.0,8,Unicorn_Absent,99,18.0,28,1.0,46,0.0,0.5,OUT,18.0,1.0,14.0,0.0,OUT
0,4987555502,29,555029,Absent,28,1,1,1,1,1,1,1,1,1,0,0,0,0,0,0,1,1,0,0,0,0,0,0,1,1,0,0,0,0,0,0,1,1,0,0,0,0,0,0,1,1,0,0,0,0,0,0,1,1,0,0,0,0,0,0,1,1,1,1,1,1,1,1,1,18.0,14,Unicorn_Absent,-1,-1.0,8,Unicorn_Absent,117,18.0,28,1.0,46,0.0,0.5,OUT,18.0,1.0,14.0,0.0,OUT
0,4987555502,33,555029,Absent,28,1,1,1,1,1,1,1,1,1,0,0,0,0,0,0,1,1,0,0,0,0,0,0,1,1,0,0,0,0,0,0,1,1,0,0,0,0,0,0,1,1,0,0,0,0,0,0,1,1,0,0,0,0,0,0,1,1,1,1,1,1,1,1,1,18.0,14,Unicorn_Absent,-1,-1.0,8,Unicorn_Absent,205,18.0,28,1.0,46,0.0,0.5,OUT,18.0,1.0,14.0,0.0,OUT
0,4987555502,34,555029,Absent,28,1,1,1,1,1,1,1,1,1,0,0,0,0,0,0,1,1,0,0,0,0,0,0,1,1,0,0,0,0,0,0,1,1,0,0,0,0,0,0,1,1,0,0,0,0,0,0,1,1,0,0,0,0,0,0,1,1,1,1,1,1,1,1,1,18.0,14,Unicorn_Absent,-1,-1.0,8,Unicorn_Absent,223,18.0,28,1.0,46,0.0,0.5,OUT,18.0,1.0,14.0,0.0,OUT
0,4987555502,35,555029,Absent,28,1,1,1,1,1,1,1,1,1,0,0,0,0,0,0,1,1,0,0,0,0,0,0,1,1,0,0,0,0,0,0,1,1,0,0,0,0,0,0,1,1,0,0,0,0,0,0,1,1,0,0,0,0,0,0,1,1,1,1,1,1,1,1,1,18.0,14,Unicorn_Absent,-1,-1.0,8,Unicorn_Absent,241,18.0,28,1.0,46,0.0,0.5,OUT,18.0,1.0,14.0,0.0,OUT
0,4987555502,38,555029,Absent,60,0,1,1,1,1,1,1,1,1,1,1,1,1,1,1,1,1,1,1,1,1,1,0,1,1,1,1,1,1,1,1,1,1,1,1,0,1,1,1,1,1,1,1,1,1,1,1,1,1,1,1,1,1,1,0,1,1,1,1,1,1,1,1,1,2.0,30,Unicorn_Absent,-1,-1.0,0,Unicorn_Absent,269,9.0,60,0.4426229508196721,62,0.5573770491803278,0.5,RS,18.0,0.4838709677419355,14.0,0.0,TOP
0,4987555502,39,555029,Absent,32,1,1,1,1,1,1,1,1,1,1,1,1,1,1,1,1,1,1,1,1,1,1,1,1,1,1,1,1,1,1,1,1,0,0,0,0,0,0,0,0,0,0,0,0,0,0,0,0,0,0,0,0,0,0,0,0,0,0,0,0,0,0,0,0,9.0,23,Unicorn_Absent,-1,-1.0,4,Unicorn_Absent,278,0.0,32,0.4838709677419355,57,0.0023894862604540434,0.53125,TOP,2.0,1.0,30.0,0.5573770491803278,TOP
0,4987555502,43,555029,Absent,32,1,1,1,1,0,0,0,0,1,1,1,1,0,0,0,0,1,1,1,1,0,0,0,0,1,1,1,1,0,0,0,0,1,1,1,1,0,0,0,0,1,1,1,1,0,0,0,0,1,1,1,1,0,0,0,0,1,1,1,1,0,0,0,0,15.0,17,Unicorn_Absent,-1,-1.0,5,Unicorn_Absent,354,22.0,32,0.3333333333333333,46,0.15104166666666669,0.453125,LEFT,0.0,1.0,32.0,0.25,LEFT
0,4987555502,48,555029,Absent,36,0,0,0,0,0,0,0,0,0,1,1,1,1,1,1,0,0,1,1,1,1,1,1,0,0,1,1,1,1,1,1,0,0,1,1,1,1,1,1,0,0,1,1,1,1,1,1,0,0,1,1,1,1,1,1,0,0,0,0,0,0,0,0,0,14.0,18,Unicorn_Absent,-1,-1.0,7,Unicorn_Absent,467,14.0,36,0.20833333333333334,50,0.7916666666666666,0.5,IN,20.0,1.0,12.0,0.010822510822510817,IN
0,4987555502,49,555029,Absent,36,0,0,0,0,0,0,0,0,0,1,1,1,1,1,1,0,0,1,1,1,1,1,1,0,0,1,1,1,1,1,1,0,0,1,1,1,1,1,1,0,0,1,1,1,1,1,1,0,0,1,1,1,1,1,1,0,0,0,0,0,0,0,0,0,14.0,18,Unicorn_Absent,-1,-1.0,7,Unicorn_Absent,481,14.0,36,1.0,50,0.0,0.5,IN,14.0,1.0,18.0,0.7916666666666666,IN
0,4987555502,54,555029,Absent,36,0,0,0,0,0,0,0,0,0,1,1,1,1,1,1,0,0,1,1,1,1,1,1,0,0,1,1,1,1,1,1,0,0,1,1,1,1,1,1,0,0,1,1,1,1,1,1,0,0,1,1,1,1,1,1,0,0,0,0,0,0,0,0,0,14.0,18,Unicorn_Absent,-1,-1.0,7,Unicorn_Absent,584,14.0,36,1.0,50,0.0,0.5,IN,14.0,1.0,18.0,0.0,IN
0,4987555502,55,555029,Absent,36,0,0,0,0,0,0,0,0,0,1,1,1,1,1,1,0,0,1,1,1,1,1,1,0,0,1,1,1,1,1,1,0,0,1,1,1,1,1,1,0,0,1,1,1,1,1,1,0,0,1,1,1,1,1,1,0,0,0,0,0,0,0,0,0,14.0,18,Unicorn_Absent,-1,-1.0,7,Unicorn_Absent,598,14.0,36,1.0,50,0.0,0.5,IN,14.0,1.0,18.0,0.0,IN
0,5491110137,5,101373,Absent,32,0,0,0,0,0,0,0,0,0,0,0,0,0,0,0,0,0,0,0,0,0,0,0,0,0,0,0,0,0,0,0,0,1,1,1,1,1,1,1,1,1,1,1,1,1,1,1,1,1,1,1,1,1,1,1,1,1,1,1,1,1,1,1,1,16.0,16,Unicorn_Absent,-1,-1.0,3,Unicorn_Absent,-89,16.0,32,0.2608695652173913,48,0.2391304347826087,0.5,BOTTOM,8.0,1.0,24.0,,BOTTOM
0,5491110137,8,101373,Absent,32,0,0,0,0,0,0,0,0,0,0,0,0,0,0,0,0,0,0,0,0,0,0,0,0,0,0,0,0,0,0,0,0,1,1,1,1,1,1,1,1,1,1,1,1,1,1,1,1,1,1,1,1,1,1,1,1,1,1,1,1,1,1,1,1,16.0,16,Unicorn_Absent,-1,-1.0,3,Unicorn_Absent,-27,16.0,32,1.0,48,0.0,0.5,BOTTOM,16.0,1.0,16.0,0.0,BOTTOM
0,5491110137,9,101373,Absent,32,0,0,0,0,0,0,0,0,0,0,0,0,0,0,0,0,0,0,0,0,0,0,0,0,0,0,0,0,0,0,0,0,1,1,1,1,1,1,1,1,1,1,1,1,1,1,1,1,1,1,1,1,1,1,1,1,1,1,1,1,1,1,1,1,16.0,16,Unicorn_Absent,-1,-1.0,3,Unicorn_Absent,-11,16.0,32,1.0,48,0.0,0.5,BOTTOM,16.0,1.0,16.0,0.0,BOTTOM
0,5491110137,23,101373,Absent,32,0,0,0,0,0,0,0,0,0,0,0,0,0,0,0,0,0,0,0,0,0,0,0,0,0,0,0,0,0,0,0,0,1,1,1,1,1,1,1,1,1,1,1,1,1,1,1,1,1,1,1,1,1,1,1,1,1,1,1,1,1,1,1,1,16.0,16,Unicorn_Absent,-1,-1.0,3,Unicorn_Absent,339,16.0,32,1.0,48,0.0,0.5,BOTTOM,16.0,1.0,16.0,0.0,BOTTOM
0,5491110137,24,101373,Absent,32,0,0,0,0,0,0,0,0,0,0,0,0,0,0,0,0,0,0,0,0,0,0,0,0,0,0,0,0,0,0,0,0,1,1,1,1,1,1,1,1,1,1,1,1,1,1,1,1,1,1,1,1,1,1,1,1,1,1,1,1,1,1,1,1,16.0,16,Unicorn_Absent,-1,-1.0,3,Unicorn_Absent,355,16.0,32,1.0,48,0.0,0.5,BOTTOM,16.0,1.0,16.0,0.0,BOTTOM
0,5491110137,28,101373,Absent,0,0,0,0,0,0,0,0,0,0,0,0,0,0,0,0,0,0,0,0,0,0,0,0,0,0,0,0,0,0,0,0,0,0,0,0,0,0,0,0,0,0,0,0,0,0,0,0,0,0,0,0,0,0,0,0,0,0,0,0,0,0,0,0,0,32.0,0,Unicorn_Absent,-1,-1.0,2,Unicorn_Absent,355,32.0,0,0.0,32,0.3333333333333333,0.5,NOTHING,16.0,1.0,16.0,0.0,NOTHING
0,5491110137,34,101373,Absent,32,0,0,0,0,0,0,0,0,0,0,0,0,0,0,0,0,0,0,0,0,0,0,0,0,0,0,0,0,0,0,0,0,1,1,1,1,1,1,1,1,1,1,1,1,1,1,1,1,1,1,1,1,1,1,1,1,1,1,1,1,1,1,1,1,0.0,32,Unicorn_Absent,-1,-1.0,3,Unicorn_Absent,419,16.0,32,0.0,32,0.36,0.0,BOTTOM,32.0,1.0,0.0,0.467741935483871,BOTTOM
0,5491110137,37,101373,Absent,32,0,0,0,0,0,0,0,0,0,0,0,0,0,0,0,0,0,0,0,0,0,0,0,0,0,0,0,0,0,0,0,0,1,1,1,1,1,1,1,1,1,1,1,1,1,1,1,1,1,1,1,1,1,1,1,1,1,1,1,1,1,1,1,1,16.0,16,Unicorn_Absent,-1,-1.0,3,Unicorn_Absent,483,16.0,32,1.0,48,0.0,0.5,BOTTOM,16.0,1.0,16.0,0.6666666666666667,BOTTOM
0,5491110137,44,101373,Absent,32,0,0,0,0,0,0,0,0,0,0,0,0,0,0,0,0,0,0,0,0,0,0,0,0,0,0,0,0,0,0,0,0,1,1,1,1,1,1,1,1,1,1,1,1,1,1,1,1,1,1,1,1,1,1,1,1,1,1,1,1,1,1,1,1,16.0,16,Unicorn_Absent,-1,-1.0,3,Unicorn_Absent,643,16.0,32,1.0,48,0.0,0.5,BOTTOM,16.0,1.0,16.0,0.0,BOTTOM
0,5491110137,45,101373,Absent,32,0,0,0,0,0,0,0,0,0,0,0,0,0,0,0,0,0,0,0,0,0,0,0,0,0,0,0,0,0,0,0,0,1,1,1,1,1,1,1,1,1,1,1,1,1,1,1,1,1,1,1,1,1,1,1,1,1,1,1,1,1,1,1,1,16.0,16,Unicorn_Absent,-1,-1.0,3,Unicorn_Absent,659,16.0,32,1.0,48,0.0,0.5,BOTTOM,16.0,1.0,16.0,0.0,BOTTOM
0,5491110137,56,101373,Absent,32,0,0,0,0,0,0,0,0,0,0,0,0,0,0,0,0,0,0,0,0,0,0,0,0,0,0,0,0,0,0,0,0,1,1,1,1,1,1,1,1,1,1,1,1,1,1,1,1,1,1,1,1,1,1,1,1,1,1,1,1,1,1,1,1,16.0,16,Unicorn_Absent,-1,-1.0,3,Unicorn_Absent,926,16.0,32,1.0,48,0.0,0.5,BOTTOM,16.0,1.0,16.0,0.0,BOTTOM
0,5491110137,57,101373,Absent,32,0,0,0,0,0,0,0,0,0,0,0,0,0,0,0,0,0,0,0,0,0,0,0,0,0,0,0,0,0,0,0,0,1,1,1,1,1,1,1,1,1,1,1,1,1,1,1,1,1,1,1,1,1,1,1,1,1,1,1,1,1,1,1,1,16.0,16,Unicorn_Absent,-1,-1.0,3,Unicorn_Absent,942,16.0,32,1.0,48,0.0,0.5,BOTTOM,16.0,1.0,16.0,0.0,BOTTOM
0,5491110137,58,101373,Absent,32,0,0,0,0,0,0,0,0,0,0,0,0,0,0,0,0,0,0,0,0,0,0,0,0,0,0,0,0,0,0,0,0,1,1,1,1,1,1,1,1,1,1,1,1,1,1,1,1,1,1,1,1,1,1,1,1,1,1,1,1,1,1,1,1,16.0,16,Unicorn_Absent,-1,-1.0,3,Unicorn_Absent,958,16.0,32,1.0,48,0.0,0.5,BOTTOM,16.0,1.0,16.0,0.0,BOTTOM
0,5491110137,5,549118,Absent,32,0,0,0,0,1,1,1,1,0,0,0,0,1,1,1,1,0,0,0,0,1,1,1,1,0,0,0,0,1,1,1,1,0,0,0,0,1,1,1,1,0,0,0,0,1,1,1,1,0,0,0,0,1,1,1,1,0,0,0,0,1,1,1,1,16.0,16,Unicorn_Absent,-1,-1.0,6,Unicorn_Absent,-89,16.0,32,0.5,48,0.2391304347826087,0.5,RIGHT,8.0,1.0,24.0,,RIGHT
0,5491110137,8,549118,Absent,32,0,0,0,0,1,1,1,1,0,0,0,0,1,1,1,1,0,0,0,0,1,1,1,1,0,0,0,0,1,1,1,1,0,0,0,0,1,1,1,1,0,0,0,0,1,1,1,1,0,0,0,0,1,1,1,1,0,0,0,0,1,1,1,1,16.0,16,Unicorn_Absent,-1,-1.0,6,Unicorn_Absent,-27,16.0,32,1.0,48,0.0,0.5,RIGHT,16.0,1.0,16.0,0.0,RIGHT
0,5491110137,9,549118,Absent,32,0,0,0,0,1,1,1,1,0,0,0,0,1,1,1,1,0,0,0,0,1,1,1,1,0,0,0,0,1,1,1,1,0,0,0,0,1,1,1,1,0,0,0,0,1,1,1,1,0,0,0,0,1,1,1,1,0,0,0,0,1,1,1,1,16.0,16,Unicorn_Absent,-1,-1.0,6,Unicorn_Absent,-11,16.0,32,1.0,48,0.0,0.5,RIGHT,16.0,1.0,16.0,0.0,RIGHT
0,5491110137,23,549118,Absent,32,0,0,0,0,1,1,1,1,0,0,0,0,1,1,1,1,0,0,0,0,1,1,1,1,0,0,0,0,1,1,1,1,0,0,0,0,1,1,1,1,0,0,0,0,1,1,1,1,0,0,0,0,1,1,1,1,0,0,0,0,1,1,1,1,16.0,16,Unicorn_Absent,-1,-1.0,6,Unicorn_Absent,339,16.0,32,1.0,48,0.0,0.5,RIGHT,16.0,1.0,16.0,0.0,RIGHT
0,5491110137,24,549118,Absent,32,0,0,0,0,1,1,1,1,0,0,0,0,1,1,1,1,0,0,0,0,1,1,1,1,0,0,0,0,1,1,1,1,0,0,0,0,1,1,1,1,0,0,0,0,1,1,1,1,0,0,0,0,1,1,1,1,0,0,0,0,1,1,1,1,16.0,16,Unicorn_Absent,-1,-1.0,6,Unicorn_Absent,355,16.0,32,1.0,48,0.0,0.5,RIGHT,16.0,1.0,16.0,0.0,RIGHT
0,5491110137,28,549118,Absent,32,0,0,0,0,0,0,0,0,0,0,0,0,0,0,0,0,0,0,0,0,0,0,0,0,0,0,0,0,0,0,0,0,1,1,1,1,1,1,1,1,1,1,1,1,1,1,1,1,1,1,1,1,1,1,1,1,1,1,1,1,1,1,1,1,32.0,0,Unicorn_Absent,-1,-1.0,3,Unicorn_Absent,355,32.0,32,0.3333333333333333,32,0.3333333333333333,0.5,BOTTOM,16.0,0.4444444444444444,16.0,0.0,RS
0,5491110137,34,549118,Absent,32,0,0,0,0,0,0,0,0,0,0,0,0,0,0,0,0,0,0,0,0,0,0,0,0,0,0,0,0,0,0,0,0,1,1,1,1,1,1,1,1,1,1,1,1,1,1,1,1,1,1,1,1,1,1,1,1,1,1,1,1,1,1,1,1,0.0,32,Unicorn_Absent,-1,-1.0,3,Unicorn_Absent,419,16.0,32,0.36,32,0.36,0.0,BOTTOM,32.0,0.3333333333333333,0.0,0.467741935483871,RIGHT
0,5491110137,37,549118,Absent,32,0,0,0,0,1,1,1,1,0,0,0,0,1,1,1,1,0,0,0,0,1,1,1,1,0,0,0,0,1,1,1,1,0,0,0,0,1,1,1,1,0,0,0,0,1,1,1,1,0,0,0,0,1,1,1,1,0,0,0,0,1,1,1,1,16.0,16,Unicorn_Absent,-1,-1.0,6,Unicorn_Absent,483,16.0,32,1.0,48,0.0,0.5,RIGHT,16.0,1.0,16.0,0.6666666666666667,RIGHT
0,5491110137,44,549118,Absent,32,0,0,0,0,1,1,1,1,0,0,0,0,1,1,1,1,0,0,0,0,1,1,1,1,0,0,0,0,1,1,1,1,0,0,0,0,1,1,1,1,0,0,0,0,1,1,1,1,0,0,0,0,1,1,1,1,0,0,0,0,1,1,1,1,16.0,16,Unicorn_Absent,-1,-1.0,6,Unicorn_Absent,643,16.0,32,1.0,48,0.0,0.5,RIGHT,16.0,1.0,16.0,0.0,RIGHT
0,5491110137,45,549118,Absent,32,0,0,0,0,1,1,1,1,0,0,0,0,1,1,1,1,0,0,0,0,1,1,1,1,0,0,0,0,1,1,1,1,0,0,0,0,1,1,1,1,0,0,0,0,1,1,1,1,0,0,0,0,1,1,1,1,0,0,0,0,1,1,1,1,16.0,16,Unicorn_Absent,-1,-1.0,6,Unicorn_Absent,659,16.0,32,1.0,48,0.0,0.5,RIGHT,16.0,1.0,16.0,0.0,RIGHT
0,5491110137,56,549118,Absent,32,0,0,0,0,1,1,1,1,0,0,0,0,1,1,1,1,0,0,0,0,1,1,1,1,0,0,0,0,1,1,1,1,0,0,0,0,1,1,1,1,0,0,0,0,1,1,1,1,0,0,0,0,1,1,1,1,0,0,0,0,1,1,1,1,16.0,16,Unicorn_Absent,-1,-1.0,6,Unicorn_Absent,926,16.0,32,1.0,48,0.0,0.5,RIGHT,16.0,1.0,16.0,0.0,RIGHT
0,5491110137,57,549118,Absent,32,0,0,0,0,1,1,1,1,0,0,0,0,1,1,1,1,0,0,0,0,1,1,1,1,0,0,0,0,1,1,1,1,0,0,0,0,1,1,1,1,0,0,0,0,1,1,1,1,0,0,0,0,1,1,1,1,0,0,0,0,1,1,1,1,16.0,16,Unicorn_Absent,-1,-1.0,6,Unicorn_Absent,942,16.0,32,1.0,48,0.0,0.5,RIGHT,16.0,1.0,16.0,0.0,RIGHT
0,5491110137,58,549118,Absent,32,0,0,0,0,1,1,1,1,0,0,0,0,1,1,1,1,0,0,0,0,1,1,1,1,0,0,0,0,1,1,1,1,0,0,0,0,1,1,1,1,0,0,0,0,1,1,1,1,0,0,0,0,1,1,1,1,0,0,0,0,1,1,1,1,16.0,16,Unicorn_Absent,-1,-1.0,6,Unicorn_Absent,958,16.0,32,1.0,48,0.0,0.5,RIGHT,16.0,1.0,16.0,0.0,RIGHT
0,5618540099,1,400991,Absent,44,1,1,1,0,1,1,1,0,1,0,1,1,1,0,1,1,1,0,1,1,1,0,0,1,1,0,1,0,1,0,0,1,0,0,1,0,1,1,1,1,1,1,1,1,1,0,1,1,1,1,1,0,0,1,1,1,1,0,1,0,1,0,1,1,7.0,25,Unicorn_Absent,-1,-1.0,0,Unicorn_Absent,7,12.0,44,,48,,0.359375,RS,,0.6,,,RS
0,5618540099,24,400991,Absent,38,0,1,1,0,1,1,1,1,0,1,0,0,0,1,1,1,0,0,1,1,1,1,1,0,1,1,1,1,1,1,1,0,1,0,0,1,0,0,1,1,0,1,0,0,0,0,1,0,0,0,1,0,1,0,0,1,1,1,1,0,1,1,1,1,10.0,22,Unicorn_Absent,-1,-1.0,0,Unicorn_Absent,-22,16.0,38,0.2962962962962963,48,0.20370370370370372,0.40625,RS,0.0,0.4583333333333333,32.0,0.0625,TOP
0,5618540099,31,400991,Absent,32,1,1,1,1,1,1,1,1,1,1,1,1,1,1,1,1,1,1,1,1,1,1,1,1,1,1,1,1,1,1,1,1,0,0,0,0,0,0,0,0,0,0,0,0,0,0,0,0,0,0,0,0,0,0,0,0,0,0,0,0,0,0,0,0,16.0,16,Unicorn_Absent,-1,-1.0,4,Unicorn_Absent,123,16.0,32,1.0,48,0.0,0.5,TOP,16.0,1.0,16.0,0.0,TOP
0,5618540099,32,400991,Absent,32,1,1,1,1,1,1,1,1,1,1,1,1,1,1,1,1,1,1,1,1,1,1,1,1,1,1,1,1,1,1,1,1,0,0,0,0,0,0,0,0,0,0,0,0,0,0,0,0,0,0,0,0,0,0,0,0,0,0,0,0,0,0,0,0,16.0,16,Unicorn_Absent,-1,-1.0,4,Unicorn_Absent,139,16.0,32,1.0,48,0.0,0.5,TOP,16.0,1.0,16.0,0.0,TOP
0,5618540099,33,400991,Absent,32,1,1,1,1,1,1,1,1,1,1,1,1,1,1,1,1,1,1,1,1,1,1,1,1,1,1,1,1,1,1,1,1,0,0,0,0,0,0,0,0,0,0,0,0,0,0,0,0,0,0,0,0,0,0,0,0,0,0,0,0,0,0,0,0,16.0,16,Unicorn_Absent,-1,-1.0,4,Unicorn_Absent,155,16.0,32,1.0,48,0.0,0.5,TOP,16.0,1.0,16.0,0.0,TOP
0,5618540099,34,400991,Absent,32,1,1,1,1,1,1,1,1,1,1,1,1,1,1,1,1,1,1,1,1,1,1,1,1,1,1,1,1,1,1,1,1,0,0,0,0,0,0,0,0,0,0,0,0,0,0,0,0,0,0,0,0,0,0,0,0,0,0,0,0,0,0,0,0,16.0,16,Unicorn_Absent,-1,-1.0,4,Unicorn_Absent,171,16.0,32,1.0,48,0.0,0.5,TOP,16.0,1.0,16.0,0.0,TOP
0,5618540099,35,400991,Absent,32,1,1,1,1,1,1,1,1,1,1,1,1,1,1,1,1,1,1,1,1,1,1,1,1,1,1,1,1,1,1,1,1,0,0,0,0,0,0,0,0,0,0,0,0,0,0,0,0,0,0,0,0,0,0,0,0,0,0,0,0,0,0,0,0,16.0,16,Unicorn_Absent,-1,-1.0,4,Unicorn_Absent,187,16.0,32,1.0,48,0.0,0.5,TOP,16.0,1.0,16.0,0.0,TOP
0,5618540099,36,400991,Absent,32,1,1,1,1,1,1,1,1,1,1,1,1,1,1,1,1,1,1,1,1,1,1,1,1,1,1,1,1,1,1,1,1,0,0,0,0,0,0,0,0,0,0,0,0,0,0,0,0,0,0,0,0,0,0,0,0,0,0,0,0,0,0,0,0,16.0,16,Unicorn_Absent,-1,-1.0,4,Unicorn_Absent,203,16.0,32,1.0,48,0.0,0.5,TOP,16.0,1.0,16.0,0.0,TOP
0,5618540099,40,400991,Absent,15,0,0,0,0,0,0,1,0,0,0,0,0,0,1,0,0,0,1,1,1,0,0,0,0,0,0,1,0,0,0,0,0,0,0,1,0,0,0,1,0,0,0,1,1,0,1,0,0,0,0,1,1,0,0,0,0,0,0,0,1,0,0,0,1,27.0,5,Unicorn_Absent,-1,-1.0,0,Unicorn_Absent,93,16.0,15,0.14634146341463414,42,0.8536585365853658,0.578125,RS,16.0,0.14634146341463414,16.0,0.0,TOP
0,5618540099,1,561859,Absent,29,1,1,1,0,1,0,1,0,1,1,1,0,0,1,0,1,0,0,1,0,0,0,0,0,0,0,0,0,0,1,0,0,0,0,1,0,1,0,1,1,0,0,1,1,1,0,1,1,1,1,1,0,0,1,0,1,0,0,1,1,0,0,0,1,7.0,25,Unicorn_Absent,-1,-1.0,0,Unicorn_Absent,7,12.0,29,,48,,0.359375,RS,,0.2619047619047619,,,RS
0,5618540099,24,561859,Absent,32,0,0,0,0,1,1,1,1,0,0,0,0,1,1,1,1,0,0,0,0,1,1,1,1,0,0,0,0,1,1,1,1,0,0,0,0,1,1,1,1,0,0,0,0,1,1,1,1,0,0,0,0,1,1,1,1,0,0,0,0,1,1,1,1,10.0,22,Unicorn_Absent,-1,-1.0,6,Unicorn_Absent,-22,16.0,32,0.5,48,0.20370370370370372,0.40625,RIGHT,0.0,1.0,32.0,0.0625,RIGHT
0,5618540099,31,561859,Absent,32,0,0,0,0,1,1,1,1,0,0,0,0,1,1,1,1,0,0,0,0,1,1,1,1,0,0,0,0,1,1,1,1,0,0,0,0,1,1,1,1,0,0,0,0,1,1,1,1,0,0,0,0,1,1,1,1,0,0,0,0,1,1,1,1,16.0,16,Unicorn_Absent,-1,-1.0,6,Unicorn_Absent,123,16.0,32,1.0,48,0.0,0.5,RIGHT,16.0,1.0,16.0,0.0,RIGHT
0,5618540099,32,561859,Absent,32,0,0,0,0,1,1,1,1,0,0,0,0,1,1,1,1,0,0,0,0,1,1,1,1,0,0,0,0,1,1,1,1,0,0,0,0,1,1,1,1,0,0,0,0,1,1,1,1,0,0,0,0,1,1,1,1,0,0,0,0,1,1,1,1,16.0,16,Unicorn_Absent,-1,-1.0,6,Unicorn_Absent,139,16.0,32,1.0,48,0.0,0.5,RIGHT,16.0,1.0,16.0,0.0,RIGHT
0,5618540099,33,561859,Absent,32,0,0,0,0,1,1,1,1,0,0,0,0,1,1,1,1,0,0,0,0,1,1,1,1,0,0,0,0,1,1,1,1,0,0,0,0,1,1,1,1,0,0,0,0,1,1,1,1,0,0,0,0,1,1,1,1,0,0,0,0,1,1,1,1,16.0,16,Unicorn_Absent,-1,-1.0,6,Unicorn_Absent,155,16.0,32,1.0,48,0.0,0.5,RIGHT,16.0,1.0,16.0,0.0,RIGHT
0,5618540099,34,561859,Absent,32,0,0,0,0,1,1,1,1,0,0,0,0,1,1,1,1,0,0,0,0,1,1,1,1,0,0,0,0,1,1,1,1,0,0,0,0,1,1,1,1,0,0,0,0,1,1,1,1,0,0,0,0,1,1,1,1,0,0,0,0,1,1,1,1,16.0,16,Unicorn_Absent,-1,-1.0,6,Unicorn_Absent,171,16.0,32,1.0,48,0.0,0.5,RIGHT,16.0,1.0,16.0,0.0,RIGHT
0,5618540099,35,561859,Absent,32,0,0,0,0,1,1,1,1,0,0,0,0,1,1,1,1,0,0,0,0,1,1,1,1,0,0,0,0,1,1,1,1,0,0,0,0,1,1,1,1,0,0,0,0,1,1,1,1,0,0,0,0,1,1,1,1,0,0,0,0,1,1,1,1,16.0,16,Unicorn_Absent,-1,-1.0,6,Unicorn_Absent,187,16.0,32,1.0,48,0.0,0.5,RIGHT,16.0,1.0,16.0,0.0,RIGHT
0,5618540099,36,561859,Absent,32,0,0,0,0,1,1,1,1,0,0,0,0,1,1,1,1,0,0,0,0,1,1,1,1,0,0,0,0,1,1,1,1,0,0,0,0,1,1,1,1,0,0,0,0,1,1,1,1,0,0,0,0,1,1,1,1,0,0,0,0,1,1,1,1,16.0,16,Unicorn_Absent,-1,-1.0,6,Unicorn_Absent,203,16.0,32,1.0,48,0.0,0.5,RIGHT,16.0,1.0,16.0,0.0,RIGHT
0,5618540099,40,561859,Absent,32,0,0,0,0,1,1,1,1,0,0,0,0,1,1,1,1,0,0,0,0,1,1,1,1,0,0,0,0,1,1,1,1,0,0,0,0,1,1,1,1,0,0,0,0,1,1,1,1,0,0,0,0,1,1,1,1,0,0,0,0,1,1,1,1,27.0,5,Unicorn_Absent,-1,-1.0,6,Unicorn_Absent,93,16.0,32,1.0,42,0.8536585365853658,0.578125,RIGHT,16.0,1.0,16.0,0.0,RIGHT
0,5675480442,5,567543,Absent,64,1,1,1,1,1,1,1,1,1,1,1,1,1,1,1,1,1,1,1,1,1,1,1,1,1,1,1,1,1,1,1,1,1,1,1,1,1,1,1,1,1,1,1,1,1,1,1,1,1,1,1,1,1,1,1,1,1,1,1,1,1,1,1,1,32.0,0,Unicorn_Absent,-1,-1.0,1,Unicorn_Absent,139,32.0,64,0.59375,64,0.59375,1.0,ALL,11.0,1.0,21.0,,ALL
0,5675480442,6,567543,Absent,64,1,1,1,1,1,1,1,1,1,1,1,1,1,1,1,1,1,1,1,1,1,1,1,1,1,1,1,1,1,1,1,1,1,1,1,1,1,1,1,1,1,1,1,1,1,1,1,1,1,1,1,1,1,1,1,1,1,1,1,1,1,1,1,1,32.0,0,Unicorn_Absent,-1,-1.0,1,Unicorn_Absent,171,32.0,64,1.0,64,0.0,1.0,ALL,32.0,1.0,0.0,0.59375,ALL
0,5675480442,9,567543,Absent,64,1,1,1,1,1,1,1,1,1,1,1,1,1,1,1,1,1,1,1,1,1,1,1,1,1,1,1,1,1,1,1,1,1,1,1,1,1,1,1,1,1,1,1,1,1,1,1,1,1,1,1,1,1,1,1,1,1,1,1,1,1,1,1,1,32.0,0,Unicorn_Absent,-1,-1.0,1,Unicorn_Absent,267,32.0,64,1.0,64,0.0,1.0,ALL,32.0,1.0,0.0,0.0,ALL
0,5675480442,16,567543,Absent,64,1,1,1,1,1,1,1,1,1,1,1,1,1,1,1,1,1,1,1,1,1,1,1,1,1,1,1,1,1,1,1,1,1,1,1,1,1,1,1,1,1,1,1,1,1,1,1,1,1,1,1,1,1,1,1,1,1,1,1,1,1,1,1,1,32.0,0,Unicorn_Absent,-1,-1.0,1,Unicorn_Absent,491,32.0,64,1.0,64,0.0,1.0,ALL,32.0,1.0,0.0,0.0,ALL
0,5675480442,17,567543,Absent,64,1,1,1,1,1,1,1,1,1,1,1,1,1,1,1,1,1,1,1,1,1,1,1,1,1,1,1,1,1,1,1,1,1,1,1,1,1,1,1,1,1,1,1,1,1,1,1,1,1,1,1,1,1,1,1,1,1,1,1,1,1,1,1,1,32.0,0,Unicorn_Absent,-1,-1.0,1,Unicorn_Absent,523,32.0,64,1.0,64,0.0,1.0,ALL,32.0,1.0,0.0,0.0,ALL
0,5675480442,21,567543,Absent,64,1,1,1,1,1,1,1,1,1,1,1,1,1,1,1,1,1,1,1,1,1,1,1,1,1,1,1,1,1,1,1,1,1,1,1,1,1,1,1,1,1,1,1,1,1,1,1,1,1,1,1,1,1,1,1,1,1,1,1,1,1,1,1,1,4.0,28,Unicorn_Absent,-1,-1.0,1,Unicorn_Absent,623,15.0,64,1.0,64,1.0,0.5625,ALL,32.0,0.5,0.0,0.0,BOTTOM
0,5675480442,25,567543,Absent,32,1,1,1,1,1,1,1,1,1,1,1,1,1,1,1,1,1,1,1,1,1,1,1,1,1,1,1,1,1,1,1,1,0,0,0,0,0,0,0,0,0,0,0,0,0,0,0,0,0,0,0,0,0,0,0,0,0,0,0,0,0,0,0,0,6.0,26,Unicorn_Absent,-1,-1.0,4,Unicorn_Absent,590,16.0,32,0.0,50,0.46296296296296297,0.375,TOP,15.0,1.0,17.0,0.13043478260869568,TOP
0,5675480442,28,567543,Absent,32,1,1,1,1,1,1,1,1,1,1,1,1,1,1,1,1,1,1,1,1,1,1,1,1,1,1,1,1,1,1,1,1,0,0,0,0,0,0,0,0,0,0,0,0,0,0,0,0,0,0,0,0,0,0,0,0,0,0,0,0,0,0,0,0,32.0,0,Unicorn_Absent,-1,-1.0,4,Unicorn_Absent,669,0.0,32,1.0,35,0.9411764705882353,0.546875,TOP,16.0,1.0,16.0,0.5740740740740741,TOP
0,5675480442,36,567543,Absent,32,0,0,0,0,1,1,1,1,0,0,0,0,1,1,1,1,0,0,0,0,1,1,1,1,0,0,0,0,1,1,1,1,0,0,0,0,1,1,1,1,0,0,0,0,1,1,1,1,0,0,0,0,1,1,1,1,0,0,0,0,1,1,1,1,32.0,0,Unicorn_Absent,-1,-1.0,6,Unicorn_Absent,832,32.0,32,0.2857142857142857,64,0.7142857142857143,1.0,RIGHT,22.0,1.0,10.0,0.9310344827586207,RIGHT
0,5675480442,37,567543,Absent,32,0,0,0,0,1,1,1,1,0,0,0,0,1,1,1,1,0,0,0,0,1,1,1,1,0,0,0,0,1,1,1,1,0,0,0,0,1,1,1,1,0,0,0,0,1,1,1,1,0,0,0,0,1,1,1,1,0,0,0,0,1,1,1,1,32.0,0,Unicorn_Absent,-1,-1.0,6,Unicorn_Absent,864,32.0,32,1.0,64,0.0,1.0,RIGHT,32.0,1.0,0.0,0.7142857142857143,RIGHT
0,5675480442,38,567543,Absent,32,0,0,0,0,1,1,1,1,0,0,0,0,1,1,1,1,0,0,0,0,1,1,1,1,0,0,0,0,1,1,1,1,0,0,0,0,1,1,1,1,0,0,0,0,1,1,1,1,0,0,0,0,1,1,1,1,0,0,0,0,1,1,1,1,32.0,0,Unicorn_Absent,-1,-1.0,6,Unicorn_Absent,896,32.0,32,1.0,64,0.0,1.0,RIGHT,32.0,1.0,0.0,0.0,RIGHT
0,5675480442,39,567543,Absent,32,0,0,0,0,1,1,1,1,0,0,0,0,1,1,1,1,0,0,0,0,1,1,1,1,0,0,0,0,1,1,1,1,0,0,0,0,1,1,1,1,0,0,0,0,1,1,1,1,0,0,0,0,1,1,1,1,0,0,0,0,1,1,1,1,32.0,0,Unicorn_Absent,-1,-1.0,6,Unicorn_Absent,928,32.0,32,1.0,64,0.0,1.0,RIGHT,32.0,1.0,0.0,0.0,RIGHT
0,5675480442,40,567543,Absent,32,0,0,0,0,1,1,1,1,0,0,0,0,1,1,1,1,0,0,0,0,1,1,1,1,0,0,0,0,1,1,1,1,0,0,0,0,1,1,1,1,0,0,0,0,1,1,1,1,0,0,0,0,1,1,1,1,0,0,0,0,1,1,1,1,32.0,0,Unicorn_Absent,-1,-1.0,6,Unicorn_Absent,960,32.0,32,1.0,64,0.0,1.0,RIGHT,32.0,1.0,0.0,0.0,RIGHT
0,5675480442,43,567543,Absent,32,0,0,0,0,1,1,1,1,0,0,0,0,1,1,1,1,0,0,0,0,1,1,1,1,0,0,0,0,1,1,1,1,0,0,0,0,1,1,1,1,0,0,0,0,1,1,1,1,0,0,0,0,1,1,1,1,0,0,0,0,1,1,1,1,32.0,0,Unicorn_Absent,-1,-1.0,6,Unicorn_Absent,1056,32.0,32,1.0,64,0.0,1.0,RIGHT,32.0,1.0,0.0,0.0,RIGHT
0,5675480442,53,567543,Absent,42,1,1,1,1,0,1,1,0,0,1,1,0,1,1,1,0,1,1,1,1,1,1,1,0,1,1,0,1,1,0,1,1,1,0,1,1,1,1,1,1,0,1,1,0,0,0,0,0,0,1,0,1,0,0,1,0,1,0,1,1,1,1,0,1,13.0,19,Unicorn_Absent,-1,-1.0,0,Unicorn_Absent,1322,16.0,42,0.6,55,0.6,0.5625,RS,2.0,0.3090909090909091,30.0,0.6129032258064516,RS
0,5675480442,54,567543,Absent,30,1,1,1,1,1,0,1,0,1,0,0,1,1,0,0,1,0,0,1,0,1,0,0,1,0,1,1,0,0,1,0,0,0,1,0,1,1,0,0,1,0,1,1,0,0,1,1,1,0,1,0,0,1,0,0,1,0,0,0,0,1,0,0,1,16.0,16,Unicorn_Absent,-1,-1.0,0,Unicorn_Absent,1338,22.0,30,0.3090909090909091,46,0.6909090909090909,0.46875,RS,13.0,0.21951219512195122,19.0,0.6,RS
0,5675480442,57,567543,Absent,64,1,1,1,1,1,1,1,1,1,1,1,1,1,1,1,1,1,1,1,1,1,1,1,1,1,1,1,1,1,1,1,1,1,1,1,1,1,1,1,1,1,1,1,1,1,1,1,1,1,1,1,1,1,1,1,1,1,1,1,1,1,1,1,1,0.0,32,Unicorn_Absent,-1,-1.0,1,Unicorn_Absent,1392,8.0,64,0.3125,64,0.6875,0.5,ALL,22.0,0.671875,10.0,0.7804878048780488,RS
0,5675480442,58,567543,Absent,43,0,0,1,1,1,1,0,1,0,1,1,0,1,1,1,1,1,1,0,1,1,0,0,0,1,1,0,0,1,1,1,0,1,0,1,0,1,0,1,1,0,1,1,1,1,1,1,1,0,0,1,1,0,1,1,1,1,1,1,0,1,1,1,0,8.0,24,Unicorn_Absent,-1,-1.0,0,Unicorn_Absent,1400,13.0,43,0.671875,51,0.328125,0.421875,RS,0.0,0.4482758620689655,32.0,0.6875,RS
0,5675480442,59,567543,Absent,41,1,1,1,1,0,1,1,0,1,0,1,0,0,1,1,0,1,1,1,1,1,1,0,1,0,1,1,1,1,0,1,1,0,1,1,0,1,1,1,0,1,0,0,1,1,1,1,1,1,0,0,1,0,1,0,1,1,0,1,1,0,0,0,0,13.0,19,Unicorn_Absent,-1,-1.0,0,Unicorn_Absent,1413,32.0,41,0.4482758620689655,54,0.5517241379310345,0.546875,RS,8.0,0.43137254901960786,24.0,0.328125,LEFT
0,5675480442,5,804421,Absent,0,0,0,0,0,0,0,0,0,0,0,0,0,0,0,0,0,0,0,0,0,0,0,0,0,0,0,0,0,0,0,0,0,0,0,0,0,0,0,0,0,0,0,0,0,0,0,0,0,0,0,0,0,0,0,0,0,0,0,0,0,0,0,0,0,32.0,0,Unicorn_Absent,-1,-1.0,2,Unicorn_Absent,139,32.0,0,0.0,64,0.59375,1.0,NOTHING,11.0,1.0,21.0,,NOTHING
0,5675480442,6,804421,Absent,0,0,0,0,0,0,0,0,0,0,0,0,0,0,0,0,0,0,0,0,0,0,0,0,0,0,0,0,0,0,0,0,0,0,0,0,0,0,0,0,0,0,0,0,0,0,0,0,0,0,0,0,0,0,0,0,0,0,0,0,0,0,0,0,0,32.0,0,Unicorn_Absent,-1,-1.0,2,Unicorn_Absent,171,32.0,0,1.0,64,0.0,1.0,NOTHING,32.0,1.0,0.0,0.59375,NOTHING
0,5675480442,9,804421,Absent,0,0,0,0,0,0,0,0,0,0,0,0,0,0,0,0,0,0,0,0,0,0,0,0,0,0,0,0,0,0,0,0,0,0,0,0,0,0,0,0,0,0,0,0,0,0,0,0,0,0,0,0,0,0,0,0,0,0,0,0,0,0,0,0,0,32.0,0,Unicorn_Absent,-1,-1.0,2,Unicorn_Absent,267,32.0,0,1.0,64,0.0,1.0,NOTHING,32.0,1.0,0.0,0.0,NOTHING
0,5675480442,16,804421,Absent,0,0,0,0,0,0,0,0,0,0,0,0,0,0,0,0,0,0,0,0,0,0,0,0,0,0,0,0,0,0,0,0,0,0,0,0,0,0,0,0,0,0,0,0,0,0,0,0,0,0,0,0,0,0,0,0,0,0,0,0,0,0,0,0,0,32.0,0,Unicorn_Absent,-1,-1.0,2,Unicorn_Absent,491,32.0,0,1.0,64,0.0,1.0,NOTHING,32.0,1.0,0.0,0.0,NOTHING
0,5675480442,17,804421,Absent,0,0,0,0,0,0,0,0,0,0,0,0,0,0,0,0,0,0,0,0,0,0,0,0,0,0,0,0,0,0,0,0,0,0,0,0,0,0,0,0,0,0,0,0,0,0,0,0,0,0,0,0,0,0,0,0,0,0,0,0,0,0,0,0,0,32.0,0,Unicorn_Absent,-1,-1.0,2,Unicorn_Absent,523,32.0,0,1.0,64,0.0,1.0,NOTHING,32.0,1.0,0.0,0.0,NOTHING
0,5675480442,21,804421,Absent,28,1,1,1,1,1,1,1,1,1,0,0,0,0,0,0,1,1,0,0,0,0,0,0,1,1,0,0,0,0,0,0,1,1,0,0,0,0,0,0,1,1,0,0,0,0,0,0,1,1,0,0,0,0,0,0,1,1,1,1,1,1,1,1,1,4.0,28,Unicorn_Absent,-1,-1.0,8,Unicorn_Absent,623,15.0,28,0.0,64,1.0,0.5625,OUT,32.0,0.3695652173913043,0.0,0.0,RS
0,5675480442,25,804421,Absent,44,0,1,1,1,1,1,1,0,1,0,1,1,1,0,1,1,1,0,1,1,1,1,1,1,1,1,1,1,1,1,0,1,0,0,0,1,1,1,0,0,0,0,1,1,0,1,1,1,0,1,1,0,1,0,1,1,0,1,0,0,1,1,1,1,6.0,26,Unicorn_Absent,-1,-1.0,0,Unicorn_Absent,590,16.0,44,0.46296296296296297,50,0.46296296296296297,0.375,RS,15.0,0.42592592592592593,17.0,0.13043478260869568,RS
0,5675480442,28,804421,Absent,3,0,0,0,0,0,0,0,0,0,0,0,0,0,0,0,0,0,0,0,0,0,0,0,0,0,0,0,0,0,0,0,0,0,0,0,0,0,0,0,0,0,0,1,0,0,0,0,0,0,0,0,0,0,0,0,0,0,0,1,0,0,0,0,1,32.0,0,Unicorn_Absent,-1,-1.0,0,Unicorn_Absent,669,0.0,3,0.058823529411764705,35,0.9411764705882353,0.546875,RS,16.0,0.0,16.0,0.5740740740740741,TOP
0,5675480442,36,804421,Absent,32,1,1,1,1,0,0,0,0,1,1,1,1,0,0,0,0,1,1,1,1,0,0,0,0,1,1,1,1,0,0,0,0,1,1,1,1,0,0,0,0,1,1,1,1,0,0,0,0,1,1,1,1,0,0,0,0,1,1,1,1,0,0,0,0,32.0,0,Unicorn_Absent,-1,-1.0,5,Unicorn_Absent,832,32.0,32,1.0,64,0.7142857142857143,1.0,LEFT,22.0,1.0,10.0,0.9310344827586207,LEFT
0,5675480442,37,804421,Absent,32,1,1,1,1,0,0,0,0,1,1,1,1,0,0,0,0,1,1,1,1,0,0,0,0,1,1,1,1,0,0,0,0,1,1,1,1,0,0,0,0,1,1,1,1,0,0,0,0,1,1,1,1,0,0,0,0,1,1,1,1,0,0,0,0,32.0,0,Unicorn_Absent,-1,-1.0,5,Unicorn_Absent,864,32.0,32,1.0,64,0.0,1.0,LEFT,32.0,1.0,0.0,0.7142857142857143,LEFT
0,5675480442,38,804421,Absent,32,1,1,1,1,0,0,0,0,1,1,1,1,0,0,0,0,1,1,1,1,0,0,0,0,1,1,1,1,0,0,0,0,1,1,1,1,0,0,0,0,1,1,1,1,0,0,0,0,1,1,1,1,0,0,0,0,1,1,1,1,0,0,0,0,32.0,0,Unicorn_Absent,-1,-1.0,5,Unicorn_Absent,896,32.0,32,1.0,64,0.0,1.0,LEFT,32.0,1.0,0.0,0.0,LEFT
0,5675480442,39,804421,Absent,32,1,1,1,1,0,0,0,0,1,1,1,1,0,0,0,0,1,1,1,1,0,0,0,0,1,1,1,1,0,0,0,0,1,1,1,1,0,0,0,0,1,1,1,1,0,0,0,0,1,1,1,1,0,0,0,0,1,1,1,1,0,0,0,0,32.0,0,Unicorn_Absent,-1,-1.0,5,Unicorn_Absent,928,32.0,32,1.0,64,0.0,1.0,LEFT,32.0,1.0,0.0,0.0,LEFT
0,5675480442,40,804421,Absent,32,1,1,1,1,0,0,0,0,1,1,1,1,0,0,0,0,1,1,1,1,0,0,0,0,1,1,1,1,0,0,0,0,1,1,1,1,0,0,0,0,1,1,1,1,0,0,0,0,1,1,1,1,0,0,0,0,1,1,1,1,0,0,0,0,32.0,0,Unicorn_Absent,-1,-1.0,5,Unicorn_Absent,960,32.0,32,1.0,64,0.0,1.0,LEFT,32.0,1.0,0.0,0.0,LEFT
0,5675480442,43,804421,Absent,32,1,1,1,1,0,0,0,0,1,1,1,1,0,0,0,0,1,1,1,1,0,0,0,0,1,1,1,1,0,0,0,0,1,1,1,1,0,0,0,0,1,1,1,1,0,0,0,0,1,1,1,1,0,0,0,0,1,1,1,1,0,0,0,0,32.0,0,Unicorn_Absent,-1,-1.0,5,Unicorn_Absent,1056,32.0,32,1.0,64,0.0,1.0,LEFT,32.0,1.0,0.0,0.0,LEFT
0,5675480442,53,804421,Absent,32,0,0,0,0,1,1,1,1,0,0,0,0,1,1,1,1,0,0,0,0,1,1,1,1,0,0,0,0,1,1,1,1,0,0,0,0,1,1,1,1,0,0,0,0,1,1,1,1,0,0,0,0,1,1,1,1,0,0,0,0,1,1,1,1,13.0,19,Unicorn_Absent,-1,-1.0,6,Unicorn_Absent,1322,16.0,32,0.0,55,0.6,0.5625,RIGHT,2.0,1.0,30.0,0.6129032258064516,RIGHT
0,5675480442,54,804421,Absent,32,0,0,0,0,1,1,1,1,0,0,0,0,1,1,1,1,0,0,0,0,1,1,1,1,0,0,0,0,1,1,1,1,0,0,0,0,1,1,1,1,0,0,0,0,1,1,1,1,0,0,0,0,1,1,1,1,0,0,0,0,1,1,1,1,16.0,16,Unicorn_Absent,-1,-1.0,6,Unicorn_Absent,1338,22.0,32,1.0,46,0.6909090909090909,0.46875,RIGHT,13.0,1.0,19.0,0.6,RIGHT
0,5675480442,57,804421,Absent,32,0,0,0,0,1,1,1,1,0,0,0,0,1,1,1,1,0,0,0,0,1,1,1,1,0,0,0,0,1,1,1,1,0,0,0,0,1,1,1,1,0,0,0,0,1,1,1,1,0,0,0,0,1,1,1,1,0,0,0,0,1,1,1,1,0.0,32,Unicorn_Absent,-1,-1.0,6,Unicorn_Absent,1392,8.0,32,1.0,64,0.6875,0.5,RIGHT,22.0,1.0,10.0,0.7804878048780488,RIGHT
0,5675480442,58,804421,Absent,32,0,0,0,0,1,1,1,1,0,0,0,0,1,1,1,1,0,0,0,0,1,1,1,1,0,0,0,0,1,1,1,1,0,0,0,0,1,1,1,1,0,0,0,0,1,1,1,1,0,0,0,0,1,1,1,1,0,0,0,0,1,1,1,1,8.0,24,Unicorn_Absent,-1,-1.0,6,Unicorn_Absent,1400,13.0,32,1.0,51,0.328125,0.421875,RIGHT,0.0,1.0,32.0,0.6875,RIGHT
0,5675480442,59,804421,Absent,32,0,0,0,0,1,1,1,1,0,0,0,0,1,1,1,1,0,0,0,0,1,1,1,1,0,0,0,0,1,1,1,1,0,0,0,0,1,1,1,1,0,0,0,0,1,1,1,1,0,0,0,0,1,1,1,1,0,0,0,0,1,1,1,1,13.0,19,Unicorn_Absent,-1,-1.0,6,Unicorn_Absent,1413,32.0,32,1.0,54,0.5517241379310345,0.546875,RIGHT,8.0,1.0,24.0,0.328125,RIGHT
0,5766629069,1,290693,Absent,36,0,0,1,1,0,0,0,1,1,0,1,1,1,1,1,1,0,0,0,0,1,1,0,1,0,0,0,1,1,1,1,0,0,1,1,0,1,1,1,0,1,1,1,1,0,0,0,1,1,0,1,1,1,1,1,1,0,0,0,1,0,1,0,0,22.0,10,Unicorn_Absent,-1,-1.0,0,Unicorn_Absent,22,10.0,36,,40,,0.46875,RS,,0.49019607843137253,,,RS
0,5766629069,10,290693,Absent,32,0,0,0,0,1,1,1,1,0,0,0,0,1,1,1,1,0,0,0,0,1,1,1,1,0,0,0,0,1,1,1,1,0,0,0,0,1,1,1,1,0,0,0,0,1,1,1,1,0,0,0,0,1,1,1,1,0,0,0,0,1,1,1,1,18.0,14,Unicorn_Absent,-1,-1.0,6,Unicorn_Absent,73,32.0,32,0.36,47,0.03391304347826085,0.515625,RIGHT,14.0,1.0,18.0,0.0,RIGHT
0,5766629069,11,290693,Absent,32,0,0,0,0,1,1,1,1,0,0,0,0,1,1,1,1,0,0,0,0,1,1,1,1,0,0,0,0,1,1,1,1,0,0,0,0,1,1,1,1,0,0,0,0,1,1,1,1,0,0,0,0,1,1,1,1,0,0,0,0,1,1,1,1,32.0,0,Unicorn_Absent,-1,-1.0,6,Unicorn_Absent,105,32.0,32,1.0,64,0.6739130434782609,1.0,RIGHT,18.0,1.0,14.0,0.03391304347826085,RIGHT
0,5766629069,12,290693,Absent,32,0,0,0,0,1,1,1,1,0,0,0,0,1,1,1,1,0,0,0,0,1,1,1,1,0,0,0,0,1,1,1,1,0,0,0,0,1,1,1,1,0,0,0,0,1,1,1,1,0,0,0,0,1,1,1,1,0,0,0,0,1,1,1,1,32.0,0,Unicorn_Absent,-1,-1.0,6,Unicorn_Absent,137,32.0,32,1.0,64,0.0,1.0,RIGHT,32.0,1.0,0.0,0.6739130434782609,RIGHT
0,5766629069,24,290693,Absent,32,1,1,1,1,0,0,0,0,1,1,1,1,0,0,0,0,1,1,1,1,0,0,0,0,1,1,1,1,0,0,0,0,1,1,1,1,0,0,0,0,1,1,1,1,0,0,0,0,1,1,1,1,0,0,0,0,1,1,1,1,0,0,0,0,32.0,0,Unicorn_Absent,-1,-1.0,5,Unicorn_Absent,200,32.0,32,0.030303030303030304,32,0.030303030303030304,0.5,LEFT,32.0,1.0,0.0,0.05405405405405406,LEFT
0,5766629069,29,290693,Absent,32,1,1,1,1,1,1,1,1,1,1,1,1,1,1,1,1,1,1,1,1,1,1,1,1,1,1,1,1,1,1,1,1,0,0,0,0,0,0,0,0,0,0,0,0,0,0,0,0,0,0,0,0,0,0,0,0,0,0,0,0,0,0,0,0,32.0,0,Unicorn_Absent,-1,-1.0,4,Unicorn_Absent,264,32.0,32,1.0,64,0.0,1.0,TOP,32.0,1.0,0.0,0.3333333333333333,TOP
0,5766629069,38,290693,Absent,32,1,1,1,1,1,1,1,1,1,1,1,1,1,1,1,1,1,1,1,1,1,1,1,1,1,1,1,1,1,1,1,1,0,0,0,0,0,0,0,0,0,0,0,0,0,0,0,0,0,0,0,0,0,0,0,0,0,0,0,0,0,0,0,0,19.0,13,Unicorn_Absent,-1,-1.0,4,Unicorn_Absent,539,16.0,32,1.0,44,0.7333333333333334,0.484375,TOP,32.0,1.0,0.0,0.0,TOP
0,5766629069,42,290693,Absent,32,1,1,1,1,1,1,1,1,1,1,1,1,1,1,1,1,1,1,1,1,1,1,1,1,1,1,1,1,1,1,1,1,0,0,0,0,0,0,0,0,0,0,0,0,0,0,0,0,0,0,0,0,0,0,0,0,0,0,0,0,0,0,0,0,16.0,16,Unicorn_Absent,-1,-1.0,4,Unicorn_Absent,628,16.0,32,1.0,48,0.0,0.5,TOP,16.0,1.0,16.0,0.7333333333333334,TOP
0,5766629069,45,290693,Absent,32,1,1,1,1,1,1,1,1,1,1,1,1,1,1,1,1,1,1,1,1,1,1,1,1,1,1,1,1,1,1,1,1,0,0,0,0,0,0,0,0,0,0,0,0,0,0,0,0,0,0,0,0,0,0,0,0,0,0,0,0,0,0,0,0,16.0,16,Unicorn_Absent,-1,-1.0,4,Unicorn_Absent,689,16.0,32,1.0,48,0.0,0.5,TOP,16.0,1.0,16.0,0.0,TOP
0,5766629069,51,290693,Absent,7,0,1,0,0,0,0,0,0,0,0,0,0,1,0,0,0,0,0,0,0,1,0,1,0,1,1,1,0,0,0,0,0,0,0,0,0,0,0,0,0,0,0,0,0,0,0,0,0,0,0,0,0,0,0,0,0,0,0,0,0,0,0,0,0,32.0,0,Unicorn_Absent,-1,-1.0,0,Unicorn_Absent,705,32.0,7,0.109375,7,0.109375,0.109375,RS,0.0,0.11428571428571428,32.0,0.5,LEFT
0,5766629069,52,290693,Absent,32,1,1,1,1,0,0,0,0,1,1,1,1,0,0,0,0,1,1,1,1,0,0,0,0,1,1,1,1,0,0,0,0,1,1,1,1,0,0,0,0,1,1,1,1,0,0,0,0,1,1,1,1,0,0,0,0,1,1,1,1,0,0,0,0,32.0,0,Unicorn_Absent,-1,-1.0,5,Unicorn_Absent,737,32.0,32,0.11428571428571428,32,0.8857142857142857,0.5,LEFT,32.0,1.0,0.0,0.109375,LEFT
0,5766629069,53,290693,Absent,32,1,1,1,1,0,0,0,0,1,1,1,1,0,0,0,0,1,1,1,1,0,0,0,0,1,1,1,1,0,0,0,0,1,1,1,1,0,0,0,0,1,1,1,1,0,0,0,0,1,1,1,1,0,0,0,0,1,1,1,1,0,0,0,0,32.0,0,Unicorn_Absent,-1,-1.0,5,Unicorn_Absent,769,32.0,32,1.0,32,0.0,0.5,LEFT,32.0,1.0,0.0,0.8857142857142857,LEFT
0,5766629069,59,290693,Absent,28,1,1,1,1,1,1,1,1,1,0,0,0,0,0,0,1,1,0,0,0,0,0,0,1,1,0,0,0,0,0,0,1,1,0,0,0,0,0,0,1,1,0,0,0,0,0,0,1,1,0,0,0,0,0,0,1,1,1,1,1,1,1,1,1,18.0,14,Unicorn_Absent,-1,-1.0,8,Unicorn_Absent,808,18.0,28,0.4375,46,0.09056122448979592,0.5,OUT,-2.0,1.0,34.0,0.5,OUT
0,5766629069,1,576667,Absent,14,1,0,0,0,0,0,1,0,1,0,0,0,0,0,0,1,0,0,0,0,0,0,0,1,0,0,0,1,0,0,0,1,0,0,0,0,0,1,0,0,1,0,1,1,0,0,1,1,1,0,0,0,0,0,0,0,0,0,0,0,0,0,0,0,22.0,10,Unicorn_Absent,-1,-1.0,0,Unicorn_Absent,22,10.0,14,,40,,0.46875,RS,,0.1794871794871795,,,LEFT
0,5766629069,10,576667,Absent,29,1,0,1,0,0,0,0,1,0,0,1,0,1,1,0,1,1,0,1,0,1,1,1,1,1,0,0,0,0,1,0,0,0,0,1,0,0,0,0,1,0,1,1,1,1,0,0,0,0,1,0,1,0,1,0,0,1,0,1,1,0,1,0,1,18.0,14,Unicorn_Absent,-1,-1.0,0,Unicorn_Absent,73,32.0,29,0.32608695652173914,47,0.03391304347826085,0.515625,RS,14.0,0.32608695652173914,18.0,0.0,LEFT
0,5766629069,11,576667,Absent,32,1,1,1,1,0,0,0,0,1,1,1,1,0,0,0,0,1,1,1,1,0,0,0,0,1,1,1,1,0,0,0,0,1,1,1,1,0,0,0,0,1,1,1,1,0,0,0,0,1,1,1,1,0,0,0,0,1,1,1,1,0,0,0,0,32.0,0,Unicorn_Absent,-1,-1.0,5,Unicorn_Absent,105,32.0,32,0.32608695652173914,64,0.6739130434782609,1.0,LEFT,18.0,1.0,14.0,0.03391304347826085,LEFT
0,5766629069,12,576667,Absent,32,1,1,1,1,0,0,0,0,1,1,1,1,0,0,0,0,1,1,1,1,0,0,0,0,1,1,1,1,0,0,0,0,1,1,1,1,0,0,0,0,1,1,1,1,0,0,0,0,1,1,1,1,0,0,0,0,1,1,1,1,0,0,0,0,32.0,0,Unicorn_Absent,-1,-1.0,5,Unicorn_Absent,137,32.0,32,1.0,64,0.0,1.0,LEFT,32.0,1.0,0.0,0.6739130434782609,LEFT
0,5766629069,24,576667,Absent,0,0,0,0,0,0,0,0,0,0,0,0,0,0,0,0,0,0,0,0,0,0,0,0,0,0,0,0,0,0,0,0,0,0,0,0,0,0,0,0,0,0,0,0,0,0,0,0,0,0,0,0,0,0,0,0,0,0,0,0,0,0,0,0,0,32.0,0,Unicorn_Absent,-1,-1.0,2,Unicorn_Absent,200,32.0,0,0.0,32,0.030303030303030304,0.5,NOTHING,32.0,1.0,0.0,0.05405405405405406,NOTHING
0,5766629069,29,576667,Absent,32,0,0,0,0,0,0,0,0,0,0,0,0,0,0,0,0,0,0,0,0,0,0,0,0,0,0,0,0,0,0,0,0,1,1,1,1,1,1,1,1,1,1,1,1,1,1,1,1,1,1,1,1,1,1,1,1,1,1,1,1,1,1,1,1,32.0,0,Unicorn_Absent,-1,-1.0,3,Unicorn_Absent,264,32.0,32,1.0,64,0.0,1.0,BOTTOM,32.0,1.0,0.0,0.3333333333333333,BOTTOM
0,5766629069,38,576667,Absent,25,0,0,0,0,0,0,0,1,1,1,1,1,1,1,0,0,0,1,0,1,0,0,0,1,0,0,1,0,0,0,1,1,0,0,0,0,1,0,0,1,0,0,1,0,0,0,0,1,1,1,0,0,1,0,0,1,0,0,1,1,1,0,1,0,19.0,13,Unicorn_Absent,-1,-1.0,0,Unicorn_Absent,539,16.0,25,0.26666666666666666,44,0.7333333333333334,0.484375,RS,32.0,0.26666666666666666,0.0,0.0,LEFT
0,5766629069,42,576667,Absent,32,1,1,1,1,0,0,0,0,1,1,1,1,0,0,0,0,1,1,1,1,0,0,0,0,1,1,1,1,0,0,0,0,1,1,1,1,0,0,0,0,1,1,1,1,0,0,0,0,1,1,1,1,0,0,0,0,1,1,1,1,0,0,0,0,16.0,16,Unicorn_Absent,-1,-1.0,5,Unicorn_Absent,628,16.0,32,1.0,48,0.0,0.5,LEFT,16.0,1.0,16.0,0.7333333333333334,LEFT
0,5766629069,45,576667,Absent,32,1,1,1,1,0,0,0,0,1,1,1,1,0,0,0,0,1,1,1,1,0,0,0,0,1,1,1,1,0,0,0,0,1,1,1,1,0,0,0,0,1,1,1,1,0,0,0,0,1,1,1,1,0,0,0,0,1,1,1,1,0,0,0,0,16.0,16,Unicorn_Absent,-1,-1.0,5,Unicorn_Absent,689,16.0,32,1.0,48,0.0,0.5,LEFT,16.0,1.0,16.0,0.0,LEFT
0,5766629069,51,576667,Absent,0,0,0,0,0,0,0,0,0,0,0,0,0,0,0,0,0,0,0,0,0,0,0,0,0,0,0,0,0,0,0,0,0,0,0,0,0,0,0,0,0,0,0,0,0,0,0,0,0,0,0,0,0,0,0,0,0,0,0,0,0,0,0,0,0,32.0,0,Unicorn_Absent,-1,-1.0,2,Unicorn_Absent,705,32.0,0,0.0,7,0.109375,0.109375,NOTHING,0.0,1.0,32.0,0.5,NOTHING
0,5766629069,52,576667,Absent,0,0,0,0,0,0,0,0,0,0,0,0,0,0,0,0,0,0,0,0,0,0,0,0,0,0,0,0,0,0,0,0,0,0,0,0,0,0,0,0,0,0,0,0,0,0,0,0,0,0,0,0,0,0,0,0,0,0,0,0,0,0,0,0,0,32.0,0,Unicorn_Absent,-1,-1.0,2,Unicorn_Absent,737,32.0,0,1.0,32,0.8857142857142857,0.5,NOTHING,32.0,1.0,0.0,0.109375,NOTHING
0,5766629069,53,576667,Absent,0,0,0,0,0,0,0,0,0,0,0,0,0,0,0,0,0,0,0,0,0,0,0,0,0,0,0,0,0,0,0,0,0,0,0,0,0,0,0,0,0,0,0,0,0,0,0,0,0,0,0,0,0,0,0,0,0,0,0,0,0,0,0,0,0,32.0,0,Unicorn_Absent,-1,-1.0,2,Unicorn_Absent,769,32.0,0,1.0,32,0.0,0.5,NOTHING,32.0,1.0,0.0,0.8857142857142857,NOTHING
0,5766629069,59,576667,Absent,32,1,1,1,1,0,0,0,0,1,1,1,1,0,0,0,0,1,1,1,1,0,0,0,0,1,1,1,1,0,0,0,0,1,1,1,1,0,0,0,0,1,1,1,1,0,0,0,0,1,1,1,1,0,0,0,0,1,1,1,1,0,0,0,0,18.0,14,Unicorn_Absent,-1,-1.0,5,Unicorn_Absent,808,18.0,32,0.3469387755102041,46,0.09056122448979592,0.5,LEFT,-2.0,1.0,34.0,0.5,LEFT
0,6067976172,2,606797,Absent,64,1,1,1,1,1,1,1,1,1,1,1,1,1,1,1,1,1,1,1,1,1,1,1,1,1,1,1,1,1,1,1,1,1,1,1,1,1,1,1,1,1,1,1,1,1,1,1,1,1,1,1,1,1,1,1,1,1,1,1,1,1,1,1,1,-9.0,41,Unicorn_Absent,-1,-1.0,1,Unicorn_Absent,22,10.0,64,,64,,0.359375,ALL,,0.71875,,,RS
0,6067976172,3,606797,Absent,46,0,0,1,1,1,1,0,0,1,1,1,1,1,0,1,1,1,1,0,1,1,1,1,1,1,1,1,1,1,1,1,1,1,1,0,0,1,1,0,1,0,1,1,0,0,0,1,1,1,0,0,0,0,1,0,1,1,1,1,1,1,1,1,1,10.0,22,Unicorn_Absent,-1,-1.0,0,Unicorn_Absent,32,16.0,46,0.71875,56,0.28737745098039214,0.53125,RS,-9.0,0.5,41.0,,TOP
0,6067976172,4,606797,Absent,32,1,1,1,1,1,1,1,1,1,1,1,1,1,1,1,1,1,1,1,1,1,1,1,1,1,1,1,1,1,1,1,1,0,0,0,0,0,0,0,0,0,0,0,0,0,0,0,0,0,0,0,0,0,0,0,0,0,0,0,0,0,0,0,0,16.0,16,Unicorn_Absent,-1,-1.0,4,Unicorn_Absent,48,16.0,32,0.5,48,0.5,0.5,TOP,10.0,1.0,22.0,0.28737745098039214,TOP
0,6067976172,10,606797,Absent,32,1,1,1,1,1,1,1,1,1,1,1,1,1,1,1,1,1,1,1,1,1,1,1,1,1,1,1,1,1,1,1,1,0,0,0,0,0,0,0,0,0,0,0,0,0,0,0,0,0,0,0,0,0,0,0,0,0,0,0,0,0,0,0,0,16.0,16,Unicorn_Absent,-1,-1.0,4,Unicorn_Absent,173,16.0,32,1.0,48,0.0,0.5,TOP,16.0,1.0,16.0,0.0,TOP
0,6067976172,13,606797,Absent,32,1,1,1,1,1,1,1,1,1,1,1,1,1,1,1,1,1,1,1,1,1,1,1,1,1,1,1,1,1,1,1,1,0,0,0,0,0,0,0,0,0,0,0,0,0,0,0,0,0,0,0,0,0,0,0,0,0,0,0,0,0,0,0,0,16.0,16,Unicorn_Absent,-1,-1.0,4,Unicorn_Absent,229,16.0,32,1.0,48,0.0,0.5,TOP,16.0,1.0,16.0,0.0,TOP
0,6067976172,17,606797,Absent,20,0,1,0,0,0,0,0,1,0,1,1,0,1,0,1,1,1,0,0,1,0,0,0,1,0,0,0,1,1,0,0,0,0,1,1,0,0,1,0,0,1,0,0,0,0,0,0,0,1,0,0,0,0,1,0,0,0,0,0,1,1,0,0,0,21.0,11,Unicorn_Absent,-1,-1.0,0,Unicorn_Absent,97,18.0,20,0.3,41,0.7,0.46875,RS,16.0,0.23076923076923078,16.0,0.0,OUT
0,6067976172,21,606797,Absent,61,1,1,1,1,1,1,1,1,1,1,1,1,1,0,1,1,1,1,1,1,1,1,1,1,1,1,1,1,1,1,1,1,1,1,1,1,1,1,1,1,1,1,1,1,1,0,1,1,1,1,1,1,1,1,1,1,1,1,0,1,1,1,1,1,-29.0,61,Unicorn_Absent,-1,-1.0,0,Unicorn_Absent,33,26.0,61,0.43548387096774194,64,0.06451612903225806,0.046875,RS,18.0,0.609375,14.0,0.7692307692307692,RS
0,6067976172,22,606797,Absent,42,1,1,1,1,1,0,0,0,0,0,0,1,0,1,0,1,1,1,0,1,0,0,1,1,1,1,1,1,0,1,0,1,0,0,1,0,1,1,0,1,1,0,1,1,1,1,1,1,1,1,1,0,0,1,1,1,1,1,1,1,1,0,1,0,26.0,6,Unicorn_Absent,-1,-1.0,0,Unicorn_Absent,59,4.0,42,0.609375,50,0.390625,0.6875,RS,-29.0,0.65625,61.0,0.06451612903225806,ALL
0,6067976172,23,606797,Absent,64,1,1,1,1,1,1,1,1,1,1,1,1,1,1,1,1,1,1,1,1,1,1,1,1,1,1,1,1,1,1,1,1,1,1,1,1,1,1,1,1,1,1,1,1,1,1,1,1,1,1,1,1,1,1,1,1,1,1,1,1,1,1,1,1,4.0,28,Unicorn_Absent,-1,-1.0,1,Unicorn_Absent,63,0.0,64,0.65625,64,0.48958333333333337,0.5625,ALL,26.0,1.0,6.0,0.390625,ALL
0,6067976172,34,606797,Absent,28,1,1,1,1,1,1,1,1,1,0,0,0,0,0,0,1,1,0,0,0,0,0,0,1,1,0,0,0,0,0,0,1,1,0,0,0,0,0,0,1,1,0,0,0,0,0,0,1,1,0,0,0,0,0,0,1,1,1,1,1,1,1,1,1,20.0,12,Unicorn_Absent,-1,-1.0,8,Unicorn_Absent,108,25.0,28,0.0,44,0.4375,0.5,OUT,-4.0,1.0,36.0,0.5202792553191489,OUT
0,6067976172,35,606797,Absent,28,1,1,1,1,1,1,1,1,1,0,0,0,0,0,0,1,1,0,0,0,0,0,0,1,1,0,0,0,0,0,0,1,1,0,0,0,0,0,0,1,1,0,0,0,0,0,0,1,1,0,0,0,0,0,0,1,1,1,1,1,1,1,1,1,25.0,7,Unicorn_Absent,-1,-1.0,8,Unicorn_Absent,133,15.0,28,1.0,34,0.7941176470588236,0.421875,OUT,20.0,1.0,12.0,0.4375,OUT
0,6067976172,40,606797,Absent,32,0,0,0,0,0,0,0,0,0,0,0,0,0,0,0,0,0,0,0,0,0,0,0,0,0,0,0,0,0,0,0,0,1,1,1,1,1,1,1,1,1,1,1,1,1,1,1,1,1,1,1,1,1,1,1,1,1,1,1,1,1,1,1,1,16.0,16,Unicorn_Absent,-1,-1.0,3,Unicorn_Absent,148,16.0,32,0.30434782608695654,48,0.09148550724637677,0.5,BOTTOM,15.0,1.0,17.0,0.8837209302325582,BOTTOM
0,6067976172,41,606797,Absent,32,0,0,0,0,0,0,0,0,0,0,0,0,0,0,0,0,0,0,0,0,0,0,0,0,0,0,0,0,0,0,0,0,1,1,1,1,1,1,1,1,1,1,1,1,1,1,1,1,1,1,1,1,1,1,1,1,1,1,1,1,1,1,1,1,16.0,16,Unicorn_Absent,-1,-1.0,3,Unicorn_Absent,164,16.0,32,1.0,48,0.0,0.5,BOTTOM,16.0,1.0,16.0,0.09148550724637677,BOTTOM
0,6067976172,42,606797,Absent,32,0,0,0,0,0,0,0,0,0,0,0,0,0,0,0,0,0,0,0,0,0,0,0,0,0,0,0,0,0,0,0,0,1,1,1,1,1,1,1,1,1,1,1,1,1,1,1,1,1,1,1,1,1,1,1,1,1,1,1,1,1,1,1,1,16.0,16,Unicorn_Absent,-1,-1.0,3,Unicorn_Absent,180,16.0,32,1.0,48,0.0,0.5,BOTTOM,16.0,1.0,16.0,0.0,BOTTOM
0,6067976172,43,606797,Absent,32,0,0,0,0,0,0,0,0,0,0,0,0,0,0,0,0,0,0,0,0,0,0,0,0,0,0,0,0,0,0,0,0,1,1,1,1,1,1,1,1,1,1,1,1,1,1,1,1,1,1,1,1,1,1,1,1,1,1,1,1,1,1,1,1,16.0,16,Unicorn_Absent,-1,-1.0,3,Unicorn_Absent,196,16.0,32,1.0,48,0.0,0.5,BOTTOM,16.0,1.0,16.0,0.0,BOTTOM
0,6067976172,44,606797,Absent,32,0,0,0,0,0,0,0,0,0,0,0,0,0,0,0,0,0,0,0,0,0,0,0,0,0,0,0,0,0,0,0,0,1,1,1,1,1,1,1,1,1,1,1,1,1,1,1,1,1,1,1,1,1,1,1,1,1,1,1,1,1,1,1,1,16.0,16,Unicorn_Absent,-1,-1.0,3,Unicorn_Absent,212,16.0,32,1.0,48,0.0,0.5,BOTTOM,16.0,1.0,16.0,0.0,BOTTOM
0,6067976172,45,606797,Absent,32,0,0,0,0,0,0,0,0,0,0,0,0,0,0,0,0,0,0,0,0,0,0,0,0,0,0,0,0,0,0,0,0,1,1,1,1,1,1,1,1,1,1,1,1,1,1,1,1,1,1,1,1,1,1,1,1,1,1,1,1,1,1,1,1,16.0,16,Unicorn_Absent,-1,-1.0,3,Unicorn_Absent,228,16.0,32,1.0,48,0.0,0.5,BOTTOM,16.0,1.0,16.0,0.0,BOTTOM
0,6067976172,51,606797,Absent,32,0,0,0,0,0,0,0,0,0,0,0,0,0,0,0,0,0,0,0,0,0,0,0,0,0,0,0,0,0,0,0,0,1,1,1,1,1,1,1,1,1,1,1,1,1,1,1,1,1,1,1,1,1,1,1,1,1,1,1,1,1,1,1,1,16.0,16,Unicorn_Absent,-1,-1.0,3,Unicorn_Absent,372,16.0,32,1.0,48,0.0,0.5,BOTTOM,16.0,1.0,16.0,0.0,BOTTOM
0,6067976172,56,606797,Absent,32,0,0,0,0,0,0,0,0,0,0,0,0,0,0,0,0,0,0,0,0,0,0,0,0,0,0,0,0,0,0,0,0,1,1,1,1,1,1,1,1,1,1,1,1,1,1,1,1,1,1,1,1,1,1,1,1,1,1,1,1,1,1,1,1,16.0,16,Unicorn_Absent,-1,-1.0,3,Unicorn_Absent,481,16.0,32,1.0,48,0.0,0.5,BOTTOM,16.0,1.0,16.0,0.0,BOTTOM
0,6067976172,57,606797,Absent,32,0,0,0,0,0,0,0,0,0,0,0,0,0,0,0,0,0,0,0,0,0,0,0,0,0,0,0,0,0,0,0,0,1,1,1,1,1,1,1,1,1,1,1,1,1,1,1,1,1,1,1,1,1,1,1,1,1,1,1,1,1,1,1,1,16.0,16,Unicorn_Absent,-1,-1.0,3,Unicorn_Absent,497,16.0,32,1.0,48,0.0,0.5,BOTTOM,16.0,1.0,16.0,0.0,BOTTOM
0,6067976172,58,606797,Absent,32,0,0,0,0,0,0,0,0,0,0,0,0,0,0,0,0,0,0,0,0,0,0,0,0,0,0,0,0,0,0,0,0,1,1,1,1,1,1,1,1,1,1,1,1,1,1,1,1,1,1,1,1,1,1,1,1,1,1,1,1,1,1,1,1,16.0,16,Unicorn_Absent,-1,-1.0,3,Unicorn_Absent,513,16.0,32,1.0,48,0.0,0.5,BOTTOM,16.0,1.0,16.0,0.0,BOTTOM
0,6067976172,59,606797,Absent,32,0,0,0,0,0,0,0,0,0,0,0,0,0,0,0,0,0,0,0,0,0,0,0,0,0,0,0,0,0,0,0,0,1,1,1,1,1,1,1,1,1,1,1,1,1,1,1,1,1,1,1,1,1,1,1,1,1,1,1,1,1,1,1,1,16.0,16,Unicorn_Absent,-1,-1.0,3,Unicorn_Absent,529,16.0,32,1.0,48,0.0,0.5,BOTTOM,16.0,1.0,16.0,0.0,BOTTOM
0,6067976172,2,761729,Absent,41,1,0,0,1,0,0,0,1,1,0,1,1,1,0,1,0,1,1,1,1,1,0,0,1,1,1,1,1,0,1,1,0,0,1,0,1,1,0,1,1,1,0,1,1,1,1,1,1,1,0,1,0,0,0,1,1,1,0,1,0,0,1,1,1,-9.0,41,Unicorn_Absent,-1,-1.0,0,Unicorn_Absent,22,10.0,41,,64,,0.359375,RS,,0.43137254901960786,,,LEFT
0,6067976172,3,761729,Absent,32,1,1,1,1,0,0,0,0,1,1,1,1,0,0,0,0,1,1,1,1,0,0,0,0,1,1,1,1,0,0,0,0,1,1,1,1,0,0,0,0,1,1,1,1,0,0,0,0,1,1,1,1,0,0,0,0,1,1,1,1,0,0,0,0,10.0,22,Unicorn_Absent,-1,-1.0,5,Unicorn_Absent,32,16.0,32,0.43137254901960786,56,0.28737745098039214,0.53125,LEFT,-9.0,1.0,41.0,,LEFT
0,6067976172,4,761729,Absent,32,1,1,1,1,0,0,0,0,1,1,1,1,0,0,0,0,1,1,1,1,0,0,0,0,1,1,1,1,0,0,0,0,1,1,1,1,0,0,0,0,1,1,1,1,0,0,0,0,1,1,1,1,0,0,0,0,1,1,1,1,0,0,0,0,16.0,16,Unicorn_Absent,-1,-1.0,5,Unicorn_Absent,48,16.0,32,1.0,48,0.5,0.5,LEFT,10.0,1.0,22.0,0.28737745098039214,LEFT
0,6067976172,10,761729,Absent,32,1,1,1,1,0,0,0,0,1,1,1,1,0,0,0,0,1,1,1,1,0,0,0,0,1,1,1,1,0,0,0,0,1,1,1,1,0,0,0,0,1,1,1,1,0,0,0,0,1,1,1,1,0,0,0,0,1,1,1,1,0,0,0,0,16.0,16,Unicorn_Absent,-1,-1.0,5,Unicorn_Absent,173,16.0,32,1.0,48,0.0,0.5,LEFT,16.0,1.0,16.0,0.0,LEFT
0,6067976172,13,761729,Absent,32,1,1,1,1,0,0,0,0,1,1,1,1,0,0,0,0,1,1,1,1,0,0,0,0,1,1,1,1,0,0,0,0,1,1,1,1,0,0,0,0,1,1,1,1,0,0,0,0,1,1,1,1,0,0,0,0,1,1,1,1,0,0,0,0,16.0,16,Unicorn_Absent,-1,-1.0,5,Unicorn_Absent,229,16.0,32,1.0,48,0.0,0.5,LEFT,16.0,1.0,16.0,0.0,LEFT
0,6067976172,17,761729,Absent,32,1,1,1,1,0,0,0,0,1,1,1,1,0,0,0,0,1,1,1,1,0,0,0,0,1,1,1,1,0,0,0,0,1,1,1,1,0,0,0,0,1,1,1,1,0,0,0,0,1,1,1,1,0,0,0,0,1,1,1,1,0,0,0,0,21.0,11,Unicorn_Absent,-1,-1.0,5,Unicorn_Absent,97,18.0,32,1.0,41,0.7,0.46875,LEFT,16.0,1.0,16.0,0.0,LEFT
0,6067976172,21,761729,Absent,64,1,1,1,1,1,1,1,1,1,1,1,1,1,1,1,1,1,1,1,1,1,1,1,1,1,1,1,1,1,1,1,1,1,1,1,1,1,1,1,1,1,1,1,1,1,1,1,1,1,1,1,1,1,1,1,1,1,1,1,1,1,1,1,1,-29.0,61,Unicorn_Absent,-1,-1.0,1,Unicorn_Absent,33,26.0,64,0.5,64,0.06451612903225806,0.046875,ALL,18.0,0.21875,14.0,0.7692307692307692,RS
0,6067976172,22,761729,Absent,14,0,0,0,0,0,0,1,1,0,1,0,0,1,0,0,0,0,0,0,0,0,1,0,1,0,0,1,0,0,0,0,0,0,0,0,0,0,0,1,0,1,1,0,0,1,0,0,0,0,0,0,1,0,0,0,0,1,0,0,1,0,0,0,0,26.0,6,Unicorn_Absent,-1,-1.0,0,Unicorn_Absent,59,4.0,14,0.21875,50,0.390625,0.6875,RS,-29.0,0.16666666666666666,61.0,0.06451612903225806,OUT
0,6067976172,23,761729,Absent,28,1,1,1,1,1,1,1,1,1,0,0,0,0,0,0,1,1,0,0,0,0,0,0,1,1,0,0,0,0,0,0,1,1,0,0,0,0,0,0,1,1,0,0,0,0,0,0,1,1,0,0,0,0,0,0,1,1,1,1,1,1,1,1,1,4.0,28,Unicorn_Absent,-1,-1.0,8,Unicorn_Absent,63,0.0,28,0.16666666666666666,64,0.48958333333333337,0.5625,OUT,26.0,0.30434782608695654,6.0,0.390625,BOTTOM
0,6067976172,34,761729,Absent,28,0,1,0,0,0,0,0,0,1,0,1,0,0,1,1,0,0,1,1,0,0,0,1,0,0,1,0,0,0,1,0,1,1,1,1,1,0,1,0,1,0,1,0,0,0,0,0,1,1,0,0,0,1,1,1,1,1,1,0,0,1,1,0,0,20.0,12,Unicorn_Absent,-1,-1.0,0,Unicorn_Absent,108,25.0,28,0.4375,44,0.4375,0.5,RS,-4.0,0.20588235294117646,36.0,0.5202792553191489,RS
0,6067976172,35,761729,Absent,13,0,0,1,1,0,0,0,0,1,0,0,0,0,0,0,1,0,0,0,0,0,0,0,0,0,1,0,0,1,0,0,0,0,0,0,1,0,0,0,0,0,0,1,0,0,0,0,1,0,0,0,0,1,1,0,0,0,0,0,0,0,1,1,0,25.0,7,Unicorn_Absent,-1,-1.0,0,Unicorn_Absent,133,15.0,13,0.20588235294117646,34,0.7941176470588236,0.421875,RS,20.0,0.11627906976744186,12.0,0.4375,RS
0,6067976172,40,761729,Absent,32,1,1,1,1,0,0,0,0,1,1,1,1,0,0,0,0,1,1,1,1,0,0,0,0,1,1,1,1,0,0,0,0,1,1,1,1,0,0,0,0,1,1,1,1,0,0,0,0,1,1,1,1,0,0,0,0,1,1,1,1,0,0,0,0,16.0,16,Unicorn_Absent,-1,-1.0,5,Unicorn_Absent,148,16.0,32,0.3958333333333333,48,0.09148550724637677,0.5,LEFT,15.0,1.0,17.0,0.8837209302325582,LEFT
0,6067976172,41,761729,Absent,32,1,1,1,1,0,0,0,0,1,1,1,1,0,0,0,0,1,1,1,1,0,0,0,0,1,1,1,1,0,0,0,0,1,1,1,1,0,0,0,0,1,1,1,1,0,0,0,0,1,1,1,1,0,0,0,0,1,1,1,1,0,0,0,0,16.0,16,Unicorn_Absent,-1,-1.0,5,Unicorn_Absent,164,16.0,32,1.0,48,0.0,0.5,LEFT,16.0,1.0,16.0,0.09148550724637677,LEFT
0,6067976172,42,761729,Absent,32,1,1,1,1,0,0,0,0,1,1,1,1,0,0,0,0,1,1,1,1,0,0,0,0,1,1,1,1,0,0,0,0,1,1,1,1,0,0,0,0,1,1,1,1,0,0,0,0,1,1,1,1,0,0,0,0,1,1,1,1,0,0,0,0,16.0,16,Unicorn_Absent,-1,-1.0,5,Unicorn_Absent,180,16.0,32,1.0,48,0.0,0.5,LEFT,16.0,1.0,16.0,0.0,LEFT
0,6067976172,43,761729,Absent,32,1,1,1,1,0,0,0,0,1,1,1,1,0,0,0,0,1,1,1,1,0,0,0,0,1,1,1,1,0,0,0,0,1,1,1,1,0,0,0,0,1,1,1,1,0,0,0,0,1,1,1,1,0,0,0,0,1,1,1,1,0,0,0,0,16.0,16,Unicorn_Absent,-1,-1.0,5,Unicorn_Absent,196,16.0,32,1.0,48,0.0,0.5,LEFT,16.0,1.0,16.0,0.0,LEFT
0,6067976172,44,761729,Absent,32,1,1,1,1,0,0,0,0,1,1,1,1,0,0,0,0,1,1,1,1,0,0,0,0,1,1,1,1,0,0,0,0,1,1,1,1,0,0,0,0,1,1,1,1,0,0,0,0,1,1,1,1,0,0,0,0,1,1,1,1,0,0,0,0,16.0,16,Unicorn_Absent,-1,-1.0,5,Unicorn_Absent,212,16.0,32,1.0,48,0.0,0.5,LEFT,16.0,1.0,16.0,0.0,LEFT
0,6067976172,45,761729,Absent,32,1,1,1,1,0,0,0,0,1,1,1,1,0,0,0,0,1,1,1,1,0,0,0,0,1,1,1,1,0,0,0,0,1,1,1,1,0,0,0,0,1,1,1,1,0,0,0,0,1,1,1,1,0,0,0,0,1,1,1,1,0,0,0,0,16.0,16,Unicorn_Absent,-1,-1.0,5,Unicorn_Absent,228,16.0,32,1.0,48,0.0,0.5,LEFT,16.0,1.0,16.0,0.0,LEFT
0,6067976172,51,761729,Absent,32,1,1,1,1,0,0,0,0,1,1,1,1,0,0,0,0,1,1,1,1,0,0,0,0,1,1,1,1,0,0,0,0,1,1,1,1,0,0,0,0,1,1,1,1,0,0,0,0,1,1,1,1,0,0,0,0,1,1,1,1,0,0,0,0,16.0,16,Unicorn_Absent,-1,-1.0,5,Unicorn_Absent,372,16.0,32,1.0,48,0.0,0.5,LEFT,16.0,1.0,16.0,0.0,LEFT
0,6067976172,56,761729,Absent,32,1,1,1,1,0,0,0,0,1,1,1,1,0,0,0,0,1,1,1,1,0,0,0,0,1,1,1,1,0,0,0,0,1,1,1,1,0,0,0,0,1,1,1,1,0,0,0,0,1,1,1,1,0,0,0,0,1,1,1,1,0,0,0,0,16.0,16,Unicorn_Absent,-1,-1.0,5,Unicorn_Absent,481,16.0,32,1.0,48,0.0,0.5,LEFT,16.0,1.0,16.0,0.0,LEFT
0,6067976172,57,761729,Absent,32,1,1,1,1,0,0,0,0,1,1,1,1,0,0,0,0,1,1,1,1,0,0,0,0,1,1,1,1,0,0,0,0,1,1,1,1,0,0,0,0,1,1,1,1,0,0,0,0,1,1,1,1,0,0,0,0,1,1,1,1,0,0,0,0,16.0,16,Unicorn_Absent,-1,-1.0,5,Unicorn_Absent,497,16.0,32,1.0,48,0.0,0.5,LEFT,16.0,1.0,16.0,0.0,LEFT
0,6067976172,58,761729,Absent,32,1,1,1,1,0,0,0,0,1,1,1,1,0,0,0,0,1,1,1,1,0,0,0,0,1,1,1,1,0,0,0,0,1,1,1,1,0,0,0,0,1,1,1,1,0,0,0,0,1,1,1,1,0,0,0,0,1,1,1,1,0,0,0,0,16.0,16,Unicorn_Absent,-1,-1.0,5,Unicorn_Absent,513,16.0,32,1.0,48,0.0,0.5,LEFT,16.0,1.0,16.0,0.0,LEFT
0,6067976172,59,761729,Absent,32,1,1,1,1,0,0,0,0,1,1,1,1,0,0,0,0,1,1,1,1,0,0,0,0,1,1,1,1,0,0,0,0,1,1,1,1,0,0,0,0,1,1,1,1,0,0,0,0,1,1,1,1,0,0,0,0,1,1,1,1,0,0,0,0,16.0,16,Unicorn_Absent,-1,-1.0,5,Unicorn_Absent,529,16.0,32,1.0,48,0.0,0.5,LEFT,16.0,1.0,16.0,0.0,LEFT
0,6088553410,1,534109,Absent,62,1,1,1,1,1,1,1,1,1,1,1,1,1,1,1,1,1,1,1,1,1,1,1,1,1,1,1,1,1,1,1,1,1,1,1,1,1,1,1,1,1,1,1,1,1,1,1,1,1,1,1,1,1,1,1,1,0,1,1,1,1,0,1,1,-21.0,53,Unicorn_Absent,-1,-1.0,0,Unicorn_Absent,-21,32.0,62,,64,,0.171875,RS,,0.0,,,NOTHING
0,6088553410,2,534109,Absent,0,0,0,0,0,0,0,0,0,0,0,0,0,0,0,0,0,0,0,0,0,0,0,0,0,0,0,0,0,0,0,0,0,0,0,0,0,0,0,0,0,0,0,0,0,0,0,0,0,0,0,0,0,0,0,0,0,0,0,0,0,0,0,0,0,32.0,0,Unicorn_Absent,-1,-1.0,2,Unicorn_Absent,11,32.0,0,0.0,32,0.4745762711864407,0.5,NOTHING,-21.0,1.0,53.0,,NOTHING
0,6088553410,5,534109,Absent,0,0,0,0,0,0,0,0,0,0,0,0,0,0,0,0,0,0,0,0,0,0,0,0,0,0,0,0,0,0,0,0,0,0,0,0,0,0,0,0,0,0,0,0,0,0,0,0,0,0,0,0,0,0,0,0,0,0,0,0,0,0,0,0,0,32.0,0,Unicorn_Absent,-1,-1.0,2,Unicorn_Absent,107,26.0,0,1.0,32,0.0,0.5,NOTHING,32.0,0.0,0.0,0.0,RS
0,6088553410,6,534109,Absent,9,0,0,0,0,0,0,0,0,0,0,0,0,0,1,0,0,0,0,0,0,0,0,0,0,0,0,1,0,0,0,0,0,0,0,0,1,0,0,0,0,0,1,0,0,0,0,0,0,0,0,0,1,0,0,1,1,1,0,0,1,0,0,0,0,26.0,6,Unicorn_Absent,-1,-1.0,0,Unicorn_Absent,133,18.0,9,0.0,35,1.0,0.453125,RS,32.0,0.12903225806451613,0.0,0.0,RS
0,6088553410,7,534109,Absent,26,1,0,1,0,0,0,1,0,0,0,1,0,0,0,1,1,0,0,0,1,0,1,0,0,1,1,1,1,1,0,0,0,1,1,0,1,0,0,1,1,1,0,0,0,0,0,0,0,0,0,1,0,1,0,0,1,0,0,0,1,1,0,1,1,18.0,14,Unicorn_Absent,-1,-1.0,0,Unicorn_Absent,151,4.0,26,0.12903225806451613,44,0.8709677419354839,0.46875,RS,26.0,0.4,6.0,1.0,RS
0,6088553410,13,534109,Absent,32,0,0,0,0,1,1,1,1,0,0,0,0,1,1,1,1,0,0,0,0,1,1,1,1,0,0,0,0,1,1,1,1,0,0,0,0,1,1,1,1,0,0,0,0,1,1,1,1,0,0,0,0,1,1,1,1,0,0,0,0,1,1,1,1,32.0,0,Unicorn_Absent,-1,-1.0,6,Unicorn_Absent,315,32.0,32,1.0,64,0.0,1.0,RIGHT,32.0,1.0,0.0,0.5,RIGHT
0,6088553410,14,534109,Absent,32,0,0,0,0,1,1,1,1,0,0,0,0,1,1,1,1,0,0,0,0,1,1,1,1,0,0,0,0,1,1,1,1,0,0,0,0,1,1,1,1,0,0,0,0,1,1,1,1,0,0,0,0,1,1,1,1,0,0,0,0,1,1,1,1,32.0,0,Unicorn_Absent,-1,-1.0,6,Unicorn_Absent,347,0.0,32,1.0,64,0.0,1.0,RIGHT,32.0,1.0,0.0,0.0,RIGHT
0,6088553410,15,534109,Absent,32,0,0,0,0,1,1,1,1,0,0,0,0,1,1,1,1,0,0,0,0,1,1,1,1,0,0,0,0,1,1,1,1,0,0,0,0,1,1,1,1,0,0,0,0,1,1,1,1,0,0,0,0,1,1,1,1,0,0,0,0,1,1,1,1,0.0,32,Unicorn_Absent,-1,-1.0,6,Unicorn_Absent,347,17.0,32,1.0,64,0.5,0.5,RIGHT,32.0,0.1951219512195122,0.0,0.0,RS
0,6088553410,19,534109,Absent,64,1,1,1,1,1,1,1,1,1,1,1,1,1,1,1,1,1,1,1,1,1,1,1,1,1,1,1,1,1,1,1,1,1,1,1,1,1,1,1,1,1,1,1,1,1,1,1,1,1,1,1,1,1,1,1,1,1,1,1,1,1,1,1,1,-32.0,64,Unicorn_Absent,-1,-1.0,1,Unicorn_Absent,336,-20.0,64,0.265625,64,0.5625,0.0,ALL,17.0,1.0,15.0,0.6330030487804879,ALL
0,6088553410,22,534109,Absent,32,0,0,0,0,1,1,1,1,0,0,0,0,1,1,1,1,0,0,0,0,1,1,1,1,0,0,0,0,1,1,1,1,0,0,0,0,1,1,1,1,0,0,0,0,1,1,1,1,0,0,0,0,1,1,1,1,0,0,0,0,1,1,1,1,32.0,0,Unicorn_Absent,-1,-1.0,6,Unicorn_Absent,380,32.0,32,0.5,64,0.026315789473684237,1.0,RIGHT,-20.0,1.0,52.0,0.1875,RIGHT
0,6088553410,31,534109,Absent,32,0,0,0,1,1,0,1,1,1,0,0,0,1,0,1,0,1,1,0,0,0,1,1,1,0,1,0,0,0,1,1,0,0,0,1,0,1,1,0,0,0,0,0,0,0,1,0,1,1,1,0,1,1,1,1,1,1,0,1,0,1,1,0,1,21.0,11,Unicorn_Absent,-1,-1.0,0,Unicorn_Absent,657,0.0,32,0.4883720930232558,53,0.5116279069767442,0.65625,RS,32.0,0.20754716981132076,0.0,0.0,LEFT
0,6088553410,42,534109,Absent,36,0,1,0,0,1,0,1,0,0,0,1,1,1,0,1,1,1,0,0,1,0,1,0,0,1,1,0,1,1,0,1,1,1,1,0,0,1,0,1,1,1,1,1,1,1,0,1,0,1,1,0,0,0,1,0,0,1,1,0,1,1,0,0,1,13.0,19,Unicorn_Absent,-1,-1.0,0,Unicorn_Absent,585,32.0,36,0.5625,49,0.2025,0.46875,RS,-4.0,0.0,36.0,0.28125,NOTHING
0,6088553410,47,534109,Absent,0,0,0,0,0,0,0,0,0,0,0,0,0,0,0,0,0,0,0,0,0,0,0,0,0,0,0,0,0,0,0,0,0,0,0,0,0,0,0,0,0,0,0,0,0,0,0,0,0,0,0,0,0,0,0,0,0,0,0,0,0,0,0,0,0,32.0,0,Unicorn_Absent,-1,-1.0,2,Unicorn_Absent,745,32.0,0,1.0,32,0.0,0.5,NOTHING,32.0,1.0,0.0,0.0,NOTHING
0,6088553410,57,534109,Absent,32,1,1,1,1,0,0,0,0,1,1,1,1,0,0,0,0,1,1,1,1,0,0,0,0,1,1,1,1,0,0,0,0,1,1,1,1,0,0,0,0,1,1,1,1,0,0,0,0,1,1,1,1,0,0,0,0,1,1,1,1,0,0,0,0,14.0,18,Unicorn_Absent,-1,-1.0,5,Unicorn_Absent,680,14.0,32,0.5,50,0.5,0.5,LEFT,-4.0,1.0,36.0,0.21999999999999997,LEFT
0,6088553410,1,608859,Absent,55,1,0,1,1,1,0,1,1,1,0,1,1,1,1,0,1,1,1,1,1,1,1,1,1,1,1,1,1,1,1,1,1,1,1,1,1,0,1,1,1,1,1,1,1,1,1,1,1,1,1,1,0,0,1,1,1,1,0,1,1,1,1,1,0,-21.0,53,Unicorn_Absent,-1,-1.0,0,Unicorn_Absent,-21,32.0,55,,64,,0.171875,RS,,0.4745762711864407,,,LEFT
0,6088553410,2,608859,Absent,32,1,1,1,1,0,0,0,0,1,1,1,1,0,0,0,0,1,1,1,1,0,0,0,0,1,1,1,1,0,0,0,0,1,1,1,1,0,0,0,0,1,1,1,1,0,0,0,0,1,1,1,1,0,0,0,0,1,1,1,1,0,0,0,0,32.0,0,Unicorn_Absent,-1,-1.0,5,Unicorn_Absent,11,32.0,32,0.4745762711864407,32,0.4745762711864407,0.5,LEFT,-21.0,1.0,53.0,,LEFT
0,6088553410,5,608859,Absent,32,1,1,1,1,0,0,0,0,1,1,1,1,0,0,0,0,1,1,1,1,0,0,0,0,1,1,1,1,0,0,0,0,1,1,1,1,0,0,0,0,1,1,1,1,0,0,0,0,1,1,1,1,0,0,0,0,1,1,1,1,0,0,0,0,32.0,0,Unicorn_Absent,-1,-1.0,5,Unicorn_Absent,107,26.0,32,1.0,32,0.0,0.5,LEFT,32.0,1.0,0.0,0.0,LEFT
0,6088553410,6,608859,Absent,32,1,1,1,1,0,0,0,0,1,1,1,1,0,0,0,0,1,1,1,1,0,0,0,0,1,1,1,1,0,0,0,0,1,1,1,1,0,0,0,0,1,1,1,1,0,0,0,0,1,1,1,1,0,0,0,0,1,1,1,1,0,0,0,0,26.0,6,Unicorn_Absent,-1,-1.0,5,Unicorn_Absent,133,18.0,32,1.0,35,1.0,0.453125,LEFT,32.0,1.0,0.0,0.0,LEFT
0,6088553410,7,608859,Absent,32,1,1,1,1,0,0,0,0,1,1,1,1,0,0,0,0,1,1,1,1,0,0,0,0,1,1,1,1,0,0,0,0,1,1,1,1,0,0,0,0,1,1,1,1,0,0,0,0,1,1,1,1,0,0,0,0,1,1,1,1,0,0,0,0,18.0,14,Unicorn_Absent,-1,-1.0,5,Unicorn_Absent,151,4.0,32,1.0,44,0.8709677419354839,0.46875,LEFT,26.0,1.0,6.0,1.0,LEFT
0,6088553410,13,608859,Absent,32,1,1,1,1,0,0,0,0,1,1,1,1,0,0,0,0,1,1,1,1,0,0,0,0,1,1,1,1,0,0,0,0,1,1,1,1,0,0,0,0,1,1,1,1,0,0,0,0,1,1,1,1,0,0,0,0,1,1,1,1,0,0,0,0,32.0,0,Unicorn_Absent,-1,-1.0,5,Unicorn_Absent,315,32.0,32,1.0,64,0.0,1.0,LEFT,32.0,1.0,0.0,0.5,LEFT
0,6088553410,14,608859,Absent,32,1,1,1,1,0,0,0,0,1,1,1,1,0,0,0,0,1,1,1,1,0,0,0,0,1,1,1,1,0,0,0,0,1,1,1,1,0,0,0,0,1,1,1,1,0,0,0,0,1,1,1,1,0,0,0,0,1,1,1,1,0,0,0,0,32.0,0,Unicorn_Absent,-1,-1.0,5,Unicorn_Absent,347,0.0,32,1.0,64,0.0,1.0,LEFT,32.0,0.5,0.0,0.0,ALL
0,6088553410,15,608859,Absent,64,1,1,1,1,1,1,1,1,1,1,1,1,1,1,1,1,1,1,1,1,1,1,1,1,1,1,1,1,1,1,1,1,1,1,1,1,1,1,1,1,1,1,1,1,1,1,1,1,1,1,1,1,1,1,1,1,1,1,1,1,1,1,1,1,0.0,32,Unicorn_Absent,-1,-1.0,1,Unicorn_Absent,347,17.0,64,0.5,64,0.5,0.5,ALL,32.0,0.828125,0.0,0.0,RS
0,6088553410,19,608859,Absent,64,1,1,1,1,1,1,1,1,1,1,1,1,1,1,1,1,1,1,1,1,1,1,1,1,1,1,1,1,1,1,1,1,1,1,1,1,1,1,1,1,1,1,1,1,1,1,1,1,1,1,1,1,1,1,1,1,1,1,1,1,1,1,1,1,-32.0,64,Unicorn_Absent,-1,-1.0,1,Unicorn_Absent,336,-20.0,64,0.828125,64,0.5625,0.0,ALL,17.0,0.8125,15.0,0.6330030487804879,RS
0,6088553410,22,608859,Absent,32,1,1,1,1,0,0,0,0,1,1,1,1,0,0,0,0,1,1,1,1,0,0,0,0,1,1,1,1,0,0,0,0,1,1,1,1,0,0,0,0,1,1,1,1,0,0,0,0,1,1,1,1,0,0,0,0,1,1,1,1,0,0,0,0,32.0,0,Unicorn_Absent,-1,-1.0,5,Unicorn_Absent,380,32.0,32,0.47368421052631576,64,0.026315789473684237,1.0,LEFT,-20.0,1.0,52.0,0.1875,LEFT
0,6088553410,31,608859,Absent,32,1,1,1,1,0,0,0,0,1,1,1,1,0,0,0,0,1,1,1,1,0,0,0,0,1,1,1,1,0,0,0,0,1,1,1,1,0,0,0,0,1,1,1,1,0,0,0,0,1,1,1,1,0,0,0,0,1,1,1,1,0,0,0,0,21.0,11,Unicorn_Absent,-1,-1.0,5,Unicorn_Absent,657,0.0,32,1.0,53,0.5116279069767442,0.65625,LEFT,32.0,1.0,0.0,0.0,LEFT
0,6088553410,42,608859,Absent,32,1,1,1,1,0,0,0,0,1,1,1,1,0,0,0,0,1,1,1,1,0,0,0,0,1,1,1,1,0,0,0,0,1,1,1,1,0,0,0,0,1,1,1,1,0,0,0,0,1,1,1,1,0,0,0,0,1,1,1,1,0,0,0,0,13.0,19,Unicorn_Absent,-1,-1.0,5,Unicorn_Absent,585,32.0,32,0.36,49,0.2025,0.46875,LEFT,-4.0,1.0,36.0,0.28125,LEFT
0,6088553410,47,608859,Absent,32,1,1,1,1,0,0,0,0,1,1,1,1,0,0,0,0,1,1,1,1,0,0,0,0,1,1,1,1,0,0,0,0,1,1,1,1,0,0,0,0,1,1,1,1,0,0,0,0,1,1,1,1,0,0,0,0,1,1,1,1,0,0,0,0,32.0,0,Unicorn_Absent,-1,-1.0,5,Unicorn_Absent,745,32.0,32,1.0,32,0.0,0.5,LEFT,32.0,1.0,0.0,0.0,LEFT
0,6088553410,57,608859,Absent,36,0,0,0,0,0,0,0,0,0,1,1,1,1,1,1,0,0,1,1,1,1,1,1,0,0,1,1,1,1,1,1,0,0,1,1,1,1,1,1,0,0,1,1,1,1,1,1,0,0,1,1,1,1,1,1,0,0,0,0,0,0,0,0,0,14.0,18,Unicorn_Absent,-1,-1.0,7,Unicorn_Absent,680,14.0,36,1.0,50,0.5,0.5,IN,-4.0,1.0,36.0,0.21999999999999997,IN
0,6237152735,4,62371,Absent,22,1,0,1,0,1,0,1,0,0,0,0,0,0,0,1,1,1,1,0,0,1,1,0,0,0,0,0,1,1,0,0,0,0,1,1,0,0,1,0,1,1,0,0,0,0,0,0,0,0,1,1,0,1,0,1,0,0,0,0,0,0,0,1,0,25.0,7,Unicorn_Absent,-1,-1.0,0,Unicorn_Absent,-106,0.0,22,,28,,0.328125,RS,,0.34375,,,ALL
0,6237152735,5,62371,Absent,64,1,1,1,1,1,1,1,1,1,1,1,1,1,1,1,1,1,1,1,1,1,1,1,1,1,1,1,1,1,1,1,1,1,1,1,1,1,1,1,1,1,1,1,1,1,1,1,1,1,1,1,1,1,1,1,1,1,1,1,1,1,1,1,1,0.0,32,Unicorn_Absent,-1,-1.0,1,Unicorn_Absent,-106,13.0,64,0.34375,64,0.12753378378378377,0.5,ALL,25.0,0.46875,7.0,,RS
0,6237152735,6,62371,Absent,30,1,1,0,0,1,1,0,0,0,0,0,1,1,1,1,1,1,0,1,0,1,0,0,1,1,1,0,1,1,0,1,1,1,1,1,1,0,0,0,0,0,1,1,1,0,0,1,0,0,0,0,0,1,0,1,0,1,0,0,0,0,0,0,0,13.0,19,Unicorn_Absent,-1,-1.0,0,Unicorn_Absent,-93,24.0,30,0.46875,43,0.53125,0.375,RS,0.0,0.23255813953488372,32.0,0.12753378378378377,RS
0,6237152735,7,62371,Absent,23,0,0,0,0,0,0,0,0,0,0,0,1,0,0,0,0,1,1,1,1,0,0,0,1,0,0,1,0,0,1,0,0,1,1,1,1,0,1,0,1,1,0,0,1,1,0,0,0,1,1,0,0,1,0,0,1,0,0,0,0,0,1,1,0,24.0,8,Unicorn_Absent,-1,-1.0,0,Unicorn_Absent,-69,29.0,23,0.23255813953488372,47,0.7674418604651163,0.609375,RS,13.0,0.10344827586206896,19.0,0.53125,RS
0,6237152735,8,62371,Absent,9,0,0,0,0,0,0,0,0,0,0,0,0,0,1,1,0,0,0,1,0,0,0,0,0,0,0,0,0,0,0,0,0,1,0,0,0,0,0,0,0,0,1,0,0,0,0,1,0,0,0,0,0,0,0,0,0,0,1,0,0,0,0,1,1,29.0,3,Unicorn_Absent,-1,-1.0,0,Unicorn_Absent,-40,0.0,9,0.10344827586206896,38,0.896551724137931,0.546875,RS,24.0,0.07894736842105263,8.0,0.7674418604651163,TOP
0,6237152735,9,62371,Absent,32,1,1,1,1,1,1,1,1,1,1,1,1,1,1,1,1,1,1,1,1,1,1,1,1,1,1,1,1,1,1,1,1,0,0,0,0,0,0,0,0,0,0,0,0,0,0,0,0,0,0,0,0,0,0,0,0,0,0,0,0,0,0,0,0,0.0,32,Unicorn_Absent,-1,-1.0,4,Unicorn_Absent,-40,16.0,32,0.07894736842105263,32,0.9210526315789473,0.0,TOP,29.0,0.2619047619047619,3.0,0.896551724137931,RS
0,6237152735,10,62371,Absent,21,0,1,0,0,0,1,0,0,0,0,1,1,0,1,0,0,0,1,0,0,0,0,0,0,1,1,0,0,1,0,1,1,1,1,0,0,0,1,0,1,1,0,0,0,1,0,0,0,0,0,0,0,0,1,0,0,0,0,0,0,1,1,1,0,16.0,16,Unicorn_Absent,-1,-1.0,0,Unicorn_Absent,-24,32.0,21,0.2619047619047619,50,0.11309523809523808,0.53125,RS,0.0,0.2,32.0,0.9210526315789473,RS
0,6237152735,11,62371,Absent,9,0,0,0,0,1,0,0,0,0,0,0,0,1,1,0,0,0,0,0,0,0,0,1,0,0,0,0,0,1,0,0,1,0,0,0,0,0,0,0,0,0,0,0,0,0,0,0,0,0,1,0,0,0,0,0,0,0,0,0,0,0,1,1,0,32.0,0,Unicorn_Absent,-1,-1.0,0,Unicorn_Absent,8,32.0,9,0.2,9,0.2,0.140625,RS,16.0,0.07894736842105263,16.0,0.11309523809523808,BOTTOM
0,6237152735,23,62371,Absent,36,0,0,0,0,0,0,0,0,0,1,1,1,1,1,1,0,0,1,1,1,1,1,1,0,0,1,1,1,1,1,1,0,0,1,1,1,1,1,1,0,0,1,1,1,1,1,1,0,0,1,1,1,1,1,1,0,0,0,0,0,0,0,0,0,-1.0,33,Unicorn_Absent,-1,-1.0,7,Unicorn_Absent,150,-8.0,36,0.0,63,0.9375,0.46875,IN,4.0,0.5625,28.0,0.0,ALL
0,6237152735,28,62371,Absent,32,1,1,1,1,1,1,1,1,1,1,1,1,1,1,1,1,1,1,1,1,1,1,1,1,1,1,1,1,1,1,1,1,0,0,0,0,0,0,0,0,0,0,0,0,0,0,0,0,0,0,0,0,0,0,0,0,0,0,0,0,0,0,0,0,0.0,32,Unicorn_Absent,-1,-1.0,4,Unicorn_Absent,219,2.0,32,0.5,32,0.08823529411764708,0.0,TOP,-8.0,0.4918032786885246,40.0,0.07684426229508201,RS
0,6237152735,31,62371,Absent,8,0,0,0,0,1,0,0,1,0,0,0,1,0,0,1,0,0,1,0,0,0,0,0,0,0,0,1,0,0,0,0,0,0,1,0,0,0,0,0,0,0,0,0,0,0,0,0,0,0,0,0,0,1,0,0,0,0,0,0,0,0,0,0,0,28.0,4,Unicorn_Absent,-1,-1.0,0,Unicorn_Absent,280,18.0,8,0.11666666666666667,36,0.21666666666666665,0.5,RS,2.0,0.058823529411764705,30.0,0.5081967213114754,OUT
0,6237152735,4,527352,Absent,13,0,0,1,1,0,0,1,0,0,0,0,0,0,0,1,0,0,1,0,0,0,0,0,0,1,0,0,0,0,0,1,1,0,0,0,0,0,0,0,1,1,0,0,0,0,0,0,0,0,0,1,0,0,1,0,1,0,0,0,0,0,0,0,0,25.0,7,Unicorn_Absent,-1,-1.0,0,Unicorn_Absent,-106,0.0,13,,28,,0.328125,RS,,0.21621621621621623,,,TOP
0,6237152735,5,527352,Absent,32,1,1,1,1,1,1,1,1,1,1,1,1,1,1,1,1,1,1,1,1,1,1,1,1,1,1,1,1,1,1,1,1,0,0,0,0,0,0,0,0,0,0,0,0,0,0,0,0,0,0,0,0,0,0,0,0,0,0,0,0,0,0,0,0,0.0,32,Unicorn_Absent,-1,-1.0,4,Unicorn_Absent,-106,13.0,32,0.21621621621621623,64,0.12753378378378377,0.5,TOP,25.0,1.0,7.0,,TOP
0,6237152735,6,527352,Absent,32,1,1,1,1,1,1,1,1,1,1,1,1,1,1,1,1,1,1,1,1,1,1,1,1,1,1,1,1,1,1,1,1,0,0,0,0,0,0,0,0,0,0,0,0,0,0,0,0,0,0,0,0,0,0,0,0,0,0,0,0,0,0,0,0,13.0,19,Unicorn_Absent,-1,-1.0,4,Unicorn_Absent,-93,24.0,32,1.0,43,0.53125,0.375,TOP,0.0,1.0,32.0,0.12753378378378377,TOP
0,6237152735,7,527352,Absent,32,1,1,1,1,1,1,1,1,1,1,1,1,1,1,1,1,1,1,1,1,1,1,1,1,1,1,1,1,1,1,1,1,0,0,0,0,0,0,0,0,0,0,0,0,0,0,0,0,0,0,0,0,0,0,0,0,0,0,0,0,0,0,0,0,24.0,8,Unicorn_Absent,-1,-1.0,4,Unicorn_Absent,-69,29.0,32,1.0,47,0.7674418604651163,0.609375,TOP,13.0,1.0,19.0,0.53125,TOP
0,6237152735,8,527352,Absent,32,1,1,1,1,1,1,1,1,1,1,1,1,1,1,1,1,1,1,1,1,1,1,1,1,1,1,1,1,1,1,1,1,0,0,0,0,0,0,0,0,0,0,0,0,0,0,0,0,0,0,0,0,0,0,0,0,0,0,0,0,0,0,0,0,29.0,3,Unicorn_Absent,-1,-1.0,4,Unicorn_Absent,-40,0.0,32,1.0,38,0.896551724137931,0.546875,TOP,24.0,1.0,8.0,0.7674418604651163,TOP
0,6237152735,9,527352,Absent,32,1,1,1,1,1,1,1,1,1,1,1,1,1,1,1,1,1,1,1,1,1,1,1,1,1,1,1,1,1,1,1,1,0,0,0,0,0,0,0,0,0,0,0,0,0,0,0,0,0,0,0,0,0,0,0,0,0,0,0,0,0,0,0,0,0.0,32,Unicorn_Absent,-1,-1.0,4,Unicorn_Absent,-40,16.0,32,1.0,32,0.9210526315789473,0.0,TOP,29.0,0.375,3.0,0.896551724137931,RS
0,6237152735,10,527352,Absent,45,0,1,1,1,1,1,1,0,0,0,1,1,0,1,0,1,1,1,1,1,0,0,1,1,1,1,0,1,1,1,0,0,0,0,1,1,1,1,1,1,1,0,0,1,0,1,1,0,1,1,1,1,1,1,1,1,1,0,1,1,1,1,1,0,16.0,16,Unicorn_Absent,-1,-1.0,0,Unicorn_Absent,-24,32.0,45,0.375,50,0.11309523809523808,0.53125,RS,0.0,0.0,32.0,0.9210526315789473,NOTHING
0,6237152735,11,527352,Absent,0,0,0,0,0,0,0,0,0,0,0,0,0,0,0,0,0,0,0,0,0,0,0,0,0,0,0,0,0,0,0,0,0,0,0,0,0,0,0,0,0,0,0,0,0,0,0,0,0,0,0,0,0,0,0,0,0,0,0,0,0,0,0,0,0,32.0,0,Unicorn_Absent,-1,-1.0,2,Unicorn_Absent,8,32.0,0,0.0,9,0.2,0.140625,NOTHING,16.0,1.0,16.0,0.11309523809523808,NOTHING
0,6237152735,23,527352,Absent,60,1,1,1,1,1,1,1,1,1,1,1,0,1,1,1,1,0,1,1,1,1,1,1,1,1,1,1,1,1,1,1,1,1,1,1,1,0,1,1,1,1,1,1,1,1,0,1,1,1,1,1,1,1,1,1,1,1,1,1,1,1,1,1,1,-1.0,33,Unicorn_Absent,-1,-1.0,0,Unicorn_Absent,150,-8.0,60,0.9375,63,0.9375,0.46875,RS,4.0,0.639344262295082,28.0,0.0,RS
0,6237152735,28,527352,Absent,32,1,1,1,1,1,1,1,1,1,1,1,1,1,1,1,1,1,1,1,1,1,1,1,1,1,1,1,1,1,1,1,1,0,0,0,0,0,0,0,0,0,0,0,0,0,0,0,0,0,0,0,0,0,0,0,0,0,0,0,0,0,0,0,0,0.0,32,Unicorn_Absent,-1,-1.0,4,Unicorn_Absent,219,2.0,32,0.4117647058823529,32,0.08823529411764708,0.0,TOP,-8.0,1.0,40.0,0.07684426229508201,TOP
0,6237152735,31,527352,Absent,32,1,1,1,1,0,0,0,0,1,1,1,1,0,0,0,0,1,1,1,1,0,0,0,0,1,1,1,1,0,0,0,0,1,1,1,1,0,0,0,0,1,1,1,1,0,0,0,0,1,1,1,1,0,0,0,0,1,1,1,1,0,0,0,0,28.0,4,Unicorn_Absent,-1,-1.0,5,Unicorn_Absent,280,18.0,32,0.3333333333333333,36,0.21666666666666665,0.5,LEFT,2.0,1.0,30.0,0.5081967213114754,LEFT
0,6368742575,4,425750,Absent,64,1,1,1,1,1,1,1,1,1,1,1,1,1,1,1,1,1,1,1,1,1,1,1,1,1,1,1,1,1,1,1,1,1,1,1,1,1,1,1,1,1,1,1,1,1,1,1,1,1,1,1,1,1,1,1,1,1,1,1,1,1,1,1,1,-32.0,64,Unicorn_Absent,-1,-1.0,1,Unicorn_Absent,-98,9.0,64,,64,,0.0,ALL,,0.78125,,,RS
0,6368742575,21,425750,Absent,0,0,0,0,0,0,0,0,0,0,0,0,0,0,0,0,0,0,0,0,0,0,0,0,0,0,0,0,0,0,0,0,0,0,0,0,0,0,0,0,0,0,0,0,0,0,0,0,0,0,0,0,0,0,0,0,0,0,0,0,0,0,0,0,0,32.0,0,Unicorn_Absent,-1,-1.0,2,Unicorn_Absent,236,32.0,0,1.0,64,0.0,1.0,NOTHING,32.0,1.0,0.0,0.0,NOTHING
0,6368742575,22,425750,Absent,0,0,0,0,0,0,0,0,0,0,0,0,0,0,0,0,0,0,0,0,0,0,0,0,0,0,0,0,0,0,0,0,0,0,0,0,0,0,0,0,0,0,0,0,0,0,0,0,0,0,0,0,0,0,0,0,0,0,0,0,0,0,0,0,0,32.0,0,Unicorn_Absent,-1,-1.0,2,Unicorn_Absent,268,32.0,0,1.0,64,0.0,1.0,NOTHING,32.0,1.0,0.0,0.0,NOTHING
0,6368742575,23,425750,Absent,0,0,0,0,0,0,0,0,0,0,0,0,0,0,0,0,0,0,0,0,0,0,0,0,0,0,0,0,0,0,0,0,0,0,0,0,0,0,0,0,0,0,0,0,0,0,0,0,0,0,0,0,0,0,0,0,0,0,0,0,0,0,0,0,0,32.0,0,Unicorn_Absent,-1,-1.0,2,Unicorn_Absent,300,32.0,0,1.0,64,0.0,1.0,NOTHING,32.0,1.0,0.0,0.0,NOTHING
0,6368742575,24,425750,Absent,0,0,0,0,0,0,0,0,0,0,0,0,0,0,0,0,0,0,0,0,0,0,0,0,0,0,0,0,0,0,0,0,0,0,0,0,0,0,0,0,0,0,0,0,0,0,0,0,0,0,0,0,0,0,0,0,0,0,0,0,0,0,0,0,0,32.0,0,Unicorn_Absent,-1,-1.0,2,Unicorn_Absent,332,32.0,0,1.0,64,0.0,1.0,NOTHING,32.0,1.0,0.0,0.0,NOTHING
0,6368742575,25,425750,Absent,0,0,0,0,0,0,0,0,0,0,0,0,0,0,0,0,0,0,0,0,0,0,0,0,0,0,0,0,0,0,0,0,0,0,0,0,0,0,0,0,0,0,0,0,0,0,0,0,0,0,0,0,0,0,0,0,0,0,0,0,0,0,0,0,0,32.0,0,Unicorn_Absent,-1,-1.0,2,Unicorn_Absent,364,32.0,0,1.0,64,0.0,1.0,NOTHING,32.0,1.0,0.0,0.0,NOTHING
0,6368742575,39,425750,Absent,32,1,1,1,1,1,1,1,1,1,1,1,1,1,1,1,1,1,1,1,1,1,1,1,1,1,1,1,1,1,1,1,1,0,0,0,0,0,0,0,0,0,0,0,0,0,0,0,0,0,0,0,0,0,0,0,0,0,0,0,0,0,0,0,0,16.0,16,Unicorn_Absent,-1,-1.0,4,Unicorn_Absent,430,16.0,32,1.0,48,0.0,0.5,TOP,16.0,1.0,16.0,0.19565217391304346,TOP
0,6368742575,40,425750,Absent,32,1,1,1,1,1,1,1,1,1,1,1,1,1,1,1,1,1,1,1,1,1,1,1,1,1,1,1,1,1,1,1,1,0,0,0,0,0,0,0,0,0,0,0,0,0,0,0,0,0,0,0,0,0,0,0,0,0,0,0,0,0,0,0,0,16.0,16,Unicorn_Absent,-1,-1.0,4,Unicorn_Absent,446,16.0,32,1.0,48,0.0,0.5,TOP,16.0,1.0,16.0,0.0,TOP
0,6368742575,41,425750,Absent,32,1,1,1,1,1,1,1,1,1,1,1,1,1,1,1,1,1,1,1,1,1,1,1,1,1,1,1,1,1,1,1,1,0,0,0,0,0,0,0,0,0,0,0,0,0,0,0,0,0,0,0,0,0,0,0,0,0,0,0,0,0,0,0,0,16.0,16,Unicorn_Absent,-1,-1.0,4,Unicorn_Absent,462,16.0,32,1.0,48,0.0,0.5,TOP,16.0,1.0,16.0,0.0,TOP
0,6368742575,49,425750,Absent,64,1,1,1,1,1,1,1,1,1,1,1,1,1,1,1,1,1,1,1,1,1,1,1,1,1,1,1,1,1,1,1,1,1,1,1,1,1,1,1,1,1,1,1,1,1,1,1,1,1,1,1,1,1,1,1,1,1,1,1,1,1,1,1,1,0.0,32,Unicorn_Absent,-1,-1.0,1,Unicorn_Absent,418,14.0,64,0.53125,64,0.46875,0.5,ALL,12.0,0.5,20.0,0.0641025641025641,BOTTOM
0,6368742575,50,425750,Absent,32,0,0,0,0,0,0,0,0,0,0,0,0,0,0,0,0,0,0,0,0,0,0,0,0,0,0,0,0,0,0,0,0,1,1,1,1,1,1,1,1,1,1,1,1,1,1,1,1,1,1,1,1,1,1,1,1,1,1,1,1,1,1,1,1,14.0,18,Unicorn_Absent,-1,-1.0,3,Unicorn_Absent,432,14.0,32,0.5,50,0.14,0.5,BOTTOM,0.0,1.0,32.0,0.46875,BOTTOM
0,6368742575,51,425750,Absent,32,0,0,0,0,0,0,0,0,0,0,0,0,0,0,0,0,0,0,0,0,0,0,0,0,0,0,0,0,0,0,0,0,1,1,1,1,1,1,1,1,1,1,1,1,1,1,1,1,1,1,1,1,1,1,1,1,1,1,1,1,1,1,1,1,14.0,18,Unicorn_Absent,-1,-1.0,3,Unicorn_Absent,446,14.0,32,1.0,50,0.0,0.5,BOTTOM,14.0,1.0,18.0,0.14,BOTTOM
0,6368742575,54,425750,Absent,32,0,0,0,0,0,0,0,0,0,0,0,0,0,0,0,0,0,0,0,0,0,0,0,0,0,0,0,0,0,0,0,0,1,1,1,1,1,1,1,1,1,1,1,1,1,1,1,1,1,1,1,1,1,1,1,1,1,1,1,1,1,1,1,1,14.0,18,Unicorn_Absent,-1,-1.0,3,Unicorn_Absent,506,14.0,32,1.0,50,0.0,0.5,BOTTOM,14.0,1.0,18.0,0.0,BOTTOM
0,6368742575,57,425750,Absent,32,0,0,0,0,0,0,0,0,0,0,0,0,0,0,0,0,0,0,0,0,0,0,0,0,0,0,0,0,0,0,0,0,1,1,1,1,1,1,1,1,1,1,1,1,1,1,1,1,1,1,1,1,1,1,1,1,1,1,1,1,1,1,1,1,16.0,16,Unicorn_Absent,-1,-1.0,3,Unicorn_Absent,454,16.0,32,1.0,48,0.64,0.5,BOTTOM,14.0,1.0,18.0,0.0,BOTTOM
0,6368742575,58,425750,Absent,32,0,0,0,0,0,0,0,0,0,0,0,0,0,0,0,0,0,0,0,0,0,0,0,0,0,0,0,0,0,0,0,0,1,1,1,1,1,1,1,1,1,1,1,1,1,1,1,1,1,1,1,1,1,1,1,1,1,1,1,1,1,1,1,1,16.0,16,Unicorn_Absent,-1,-1.0,3,Unicorn_Absent,470,16.0,32,1.0,48,0.0,0.5,BOTTOM,16.0,1.0,16.0,0.64,BOTTOM
0,6368742575,59,425750,Absent,32,0,0,0,0,0,0,0,0,0,0,0,0,0,0,0,0,0,0,0,0,0,0,0,0,0,0,0,0,0,0,0,0,1,1,1,1,1,1,1,1,1,1,1,1,1,1,1,1,1,1,1,1,1,1,1,1,1,1,1,1,1,1,1,1,16.0,16,Unicorn_Absent,-1,-1.0,3,Unicorn_Absent,486,3.0,32,1.0,48,0.0,0.5,BOTTOM,16.0,1.0,16.0,0.0,BOTTOM
0,6368742575,4,636871,Absent,64,1,1,1,1,1,1,1,1,1,1,1,1,1,1,1,1,1,1,1,1,1,1,1,1,1,1,1,1,1,1,1,1,1,1,1,1,1,1,1,1,1,1,1,1,1,1,1,1,1,1,1,1,1,1,1,1,1,1,1,1,1,1,1,1,-32.0,64,Unicorn_Absent,-1,-1.0,1,Unicorn_Absent,-98,9.0,64,,64,,0.0,ALL,,0.5,,,BOTTOM
0,6368742575,21,636871,Absent,64,1,1,1,1,1,1,1,1,1,1,1,1,1,1,1,1,1,1,1,1,1,1,1,1,1,1,1,1,1,1,1,1,1,1,1,1,1,1,1,1,1,1,1,1,1,1,1,1,1,1,1,1,1,1,1,1,1,1,1,1,1,1,1,1,32.0,0,Unicorn_Absent,-1,-1.0,1,Unicorn_Absent,236,32.0,64,1.0,64,0.0,1.0,ALL,32.0,1.0,0.0,0.0,ALL
0,6368742575,22,636871,Absent,64,1,1,1,1,1,1,1,1,1,1,1,1,1,1,1,1,1,1,1,1,1,1,1,1,1,1,1,1,1,1,1,1,1,1,1,1,1,1,1,1,1,1,1,1,1,1,1,1,1,1,1,1,1,1,1,1,1,1,1,1,1,1,1,1,32.0,0,Unicorn_Absent,-1,-1.0,1,Unicorn_Absent,268,32.0,64,1.0,64,0.0,1.0,ALL,32.0,1.0,0.0,0.0,ALL
0,6368742575,23,636871,Absent,64,1,1,1,1,1,1,1,1,1,1,1,1,1,1,1,1,1,1,1,1,1,1,1,1,1,1,1,1,1,1,1,1,1,1,1,1,1,1,1,1,1,1,1,1,1,1,1,1,1,1,1,1,1,1,1,1,1,1,1,1,1,1,1,1,32.0,0,Unicorn_Absent,-1,-1.0,1,Unicorn_Absent,300,32.0,64,1.0,64,0.0,1.0,ALL,32.0,1.0,0.0,0.0,ALL
0,6368742575,24,636871,Absent,64,1,1,1,1,1,1,1,1,1,1,1,1,1,1,1,1,1,1,1,1,1,1,1,1,1,1,1,1,1,1,1,1,1,1,1,1,1,1,1,1,1,1,1,1,1,1,1,1,1,1,1,1,1,1,1,1,1,1,1,1,1,1,1,1,32.0,0,Unicorn_Absent,-1,-1.0,1,Unicorn_Absent,332,32.0,64,1.0,64,0.0,1.0,ALL,32.0,1.0,0.0,0.0,ALL
0,6368742575,25,636871,Absent,64,1,1,1,1,1,1,1,1,1,1,1,1,1,1,1,1,1,1,1,1,1,1,1,1,1,1,1,1,1,1,1,1,1,1,1,1,1,1,1,1,1,1,1,1,1,1,1,1,1,1,1,1,1,1,1,1,1,1,1,1,1,1,1,1,32.0,0,Unicorn_Absent,-1,-1.0,1,Unicorn_Absent,364,32.0,64,1.0,64,0.0,1.0,ALL,32.0,1.0,0.0,0.0,ALL
0,6368742575,39,636871,Absent,32,1,1,1,1,0,0,0,0,1,1,1,1,0,0,0,0,1,1,1,1,0,0,0,0,1,1,1,1,0,0,0,0,1,1,1,1,0,0,0,0,1,1,1,1,0,0,0,0,1,1,1,1,0,0,0,0,1,1,1,1,0,0,0,0,16.0,16,Unicorn_Absent,-1,-1.0,5,Unicorn_Absent,430,16.0,32,1.0,48,0.0,0.5,LEFT,16.0,1.0,16.0,0.19565217391304346,LEFT
0,6368742575,40,636871,Absent,32,1,1,1,1,0,0,0,0,1,1,1,1,0,0,0,0,1,1,1,1,0,0,0,0,1,1,1,1,0,0,0,0,1,1,1,1,0,0,0,0,1,1,1,1,0,0,0,0,1,1,1,1,0,0,0,0,1,1,1,1,0,0,0,0,16.0,16,Unicorn_Absent,-1,-1.0,5,Unicorn_Absent,446,16.0,32,1.0,48,0.0,0.5,LEFT,16.0,1.0,16.0,0.0,LEFT
0,6368742575,41,636871,Absent,32,1,1,1,1,0,0,0,0,1,1,1,1,0,0,0,0,1,1,1,1,0,0,0,0,1,1,1,1,0,0,0,0,1,1,1,1,0,0,0,0,1,1,1,1,0,0,0,0,1,1,1,1,0,0,0,0,1,1,1,1,0,0,0,0,16.0,16,Unicorn_Absent,-1,-1.0,5,Unicorn_Absent,462,16.0,32,1.0,48,0.0,0.5,LEFT,16.0,1.0,16.0,0.0,LEFT
0,6368742575,49,636871,Absent,32,0,0,0,0,0,0,0,0,0,0,0,0,0,0,0,0,0,0,0,0,0,0,0,0,0,0,0,0,0,0,0,0,1,1,1,1,1,1,1,1,1,1,1,1,1,1,1,1,1,1,1,1,1,1,1,1,1,1,1,1,1,1,1,1,0.0,32,Unicorn_Absent,-1,-1.0,3,Unicorn_Absent,418,14.0,32,1.0,64,0.46875,0.5,BOTTOM,12.0,0.36,20.0,0.0641025641025641,IN
0,6368742575,50,636871,Absent,36,0,0,0,0,0,0,0,0,0,1,1,1,1,1,1,0,0,1,1,1,1,1,1,0,0,1,1,1,1,1,1,0,0,1,1,1,1,1,1,0,0,1,1,1,1,1,1,0,0,1,1,1,1,1,1,0,0,0,0,0,0,0,0,0,14.0,18,Unicorn_Absent,-1,-1.0,7,Unicorn_Absent,432,14.0,36,0.36,50,0.14,0.5,IN,0.0,1.0,32.0,0.46875,IN
0,6368742575,51,636871,Absent,36,0,0,0,0,0,0,0,0,0,1,1,1,1,1,1,0,0,1,1,1,1,1,1,0,0,1,1,1,1,1,1,0,0,1,1,1,1,1,1,0,0,1,1,1,1,1,1,0,0,1,1,1,1,1,1,0,0,0,0,0,0,0,0,0,14.0,18,Unicorn_Absent,-1,-1.0,7,Unicorn_Absent,446,14.0,36,1.0,50,0.0,0.5,IN,14.0,1.0,18.0,0.14,IN
0,6368742575,54,636871,Absent,36,0,0,0,0,0,0,0,0,0,1,1,1,1,1,1,0,0,1,1,1,1,1,1,0,0,1,1,1,1,1,1,0,0,1,1,1,1,1,1,0,0,1,1,1,1,1,1,0,0,1,1,1,1,1,1,0,0,0,0,0,0,0,0,0,14.0,18,Unicorn_Absent,-1,-1.0,7,Unicorn_Absent,506,14.0,36,1.0,50,0.0,0.5,IN,14.0,1.0,18.0,0.0,IN
0,6368742575,57,636871,Absent,32,1,1,1,1,0,0,0,0,1,1,1,1,0,0,0,0,1,1,1,1,0,0,0,0,1,1,1,1,0,0,0,0,1,1,1,1,0,0,0,0,1,1,1,1,0,0,0,0,1,1,1,1,0,0,0,0,1,1,1,1,0,0,0,0,16.0,16,Unicorn_Absent,-1,-1.0,5,Unicorn_Absent,454,16.0,32,0.36,48,0.64,0.5,LEFT,14.0,1.0,18.0,0.0,LEFT
0,6368742575,58,636871,Absent,32,1,1,1,1,0,0,0,0,1,1,1,1,0,0,0,0,1,1,1,1,0,0,0,0,1,1,1,1,0,0,0,0,1,1,1,1,0,0,0,0,1,1,1,1,0,0,0,0,1,1,1,1,0,0,0,0,1,1,1,1,0,0,0,0,16.0,16,Unicorn_Absent,-1,-1.0,5,Unicorn_Absent,470,16.0,32,1.0,48,0.0,0.5,LEFT,16.0,1.0,16.0,0.64,LEFT
0,6368742575,59,636871,Absent,32,1,1,1,1,0,0,0,0,1,1,1,1,0,0,0,0,1,1,1,1,0,0,0,0,1,1,1,1,0,0,0,0,1,1,1,1,0,0,0,0,1,1,1,1,0,0,0,0,1,1,1,1,0,0,0,0,1,1,1,1,0,0,0,0,16.0,16,Unicorn_Absent,-1,-1.0,5,Unicorn_Absent,486,3.0,32,1.0,48,0.0,0.5,LEFT,16.0,0.45161290322580644,16.0,0.0,RS
0,6430397511,17,643030,Absent,64,1,1,1,1,1,1,1,1,1,1,1,1,1,1,1,1,1,1,1,1,1,1,1,1,1,1,1,1,1,1,1,1,1,1,1,1,1,1,1,1,1,1,1,1,1,1,1,1,1,1,1,1,1,1,1,1,1,1,1,1,1,1,1,1,-4.0,36,Unicorn_Absent,-1,-1.0,1,Unicorn_Absent,105,0.0,64,0.234375,64,0.765625,0.4375,ALL,24.0,0.5,8.0,0.11184210526315788,BOTTOM
0,6430397511,18,643030,Absent,32,0,0,0,0,0,0,0,0,0,0,0,0,0,0,0,0,0,0,0,0,0,0,0,0,0,0,0,0,0,0,0,0,1,1,1,1,1,1,1,1,1,1,1,1,1,1,1,1,1,1,1,1,1,1,1,1,1,1,1,1,1,1,1,1,0.0,32,Unicorn_Absent,-1,-1.0,3,Unicorn_Absent,105,-14.0,32,0.5,64,0.0625,0.5,BOTTOM,-4.0,0.35,36.0,0.765625,RS
0,6430397511,27,643030,Absent,32,1,1,1,1,1,1,1,1,1,1,1,1,1,1,1,1,1,1,1,1,1,1,1,1,1,1,1,1,1,1,1,1,0,0,0,0,0,0,0,0,0,0,0,0,0,0,0,0,0,0,0,0,0,0,0,0,0,0,0,0,0,0,0,0,32.0,0,Unicorn_Absent,-1,-1.0,4,Unicorn_Absent,148,32.0,32,0.0,64,0.09090909090909091,1.0,TOP,32.0,1.0,0.0,0.06666666666666667,TOP
0,6430397511,28,643030,Absent,32,1,1,1,1,1,1,1,1,1,1,1,1,1,1,1,1,1,1,1,1,1,1,1,1,1,1,1,1,1,1,1,1,0,0,0,0,0,0,0,0,0,0,0,0,0,0,0,0,0,0,0,0,0,0,0,0,0,0,0,0,0,0,0,0,32.0,0,Unicorn_Absent,-1,-1.0,4,Unicorn_Absent,180,32.0,32,1.0,64,0.0,1.0,TOP,32.0,1.0,0.0,0.09090909090909091,TOP
0,6430397511,33,643030,Absent,32,1,1,1,1,1,1,1,1,1,1,1,1,1,1,1,1,1,1,1,1,1,1,1,1,1,1,1,1,1,1,1,1,0,0,0,0,0,0,0,0,0,0,0,0,0,0,0,0,0,0,0,0,0,0,0,0,0,0,0,0,0,0,0,0,32.0,0,Unicorn_Absent,-1,-1.0,4,Unicorn_Absent,340,32.0,32,1.0,64,0.0,1.0,TOP,32.0,1.0,0.0,0.0,TOP
0,6430397511,40,643030,Absent,28,1,1,1,1,1,1,1,1,1,0,0,0,0,0,0,1,1,0,0,0,0,0,0,1,1,0,0,0,0,0,0,1,1,0,0,0,0,0,0,1,1,0,0,0,0,0,0,1,1,0,0,0,0,0,0,1,1,1,1,1,1,1,1,1,18.0,14,Unicorn_Absent,-1,-1.0,8,Unicorn_Absent,523,18.0,28,1.0,46,0.0,0.5,OUT,18.0,1.0,14.0,0.6956521739130435,OUT
0,6430397511,41,643030,Absent,28,1,1,1,1,1,1,1,1,1,0,0,0,0,0,0,1,1,0,0,0,0,0,0,1,1,0,0,0,0,0,0,1,1,0,0,0,0,0,0,1,1,0,0,0,0,0,0,1,1,0,0,0,0,0,0,1,1,1,1,1,1,1,1,1,18.0,14,Unicorn_Absent,-1,-1.0,8,Unicorn_Absent,541,18.0,28,1.0,46,0.0,0.5,OUT,18.0,1.0,14.0,0.0,OUT
0,6430397511,51,643030,Absent,28,1,1,1,1,1,1,1,1,1,0,0,0,0,0,0,1,1,0,0,0,0,0,0,1,1,0,0,0,0,0,0,1,1,0,0,0,0,0,0,1,1,0,0,0,0,0,0,1,1,0,0,0,0,0,0,1,1,1,1,1,1,1,1,1,18.0,14,Unicorn_Absent,-1,-1.0,8,Unicorn_Absent,812,18.0,28,1.0,46,0.0,0.5,OUT,18.0,1.0,14.0,0.0,OUT
0,6430397511,52,643030,Absent,28,1,1,1,1,1,1,1,1,1,0,0,0,0,0,0,1,1,0,0,0,0,0,0,1,1,0,0,0,0,0,0,1,1,0,0,0,0,0,0,1,1,0,0,0,0,0,0,1,1,0,0,0,0,0,0,1,1,1,1,1,1,1,1,1,18.0,14,Unicorn_Absent,-1,-1.0,8,Unicorn_Absent,830,18.0,28,1.0,46,0.0,0.5,OUT,18.0,1.0,14.0,0.0,OUT
0,6430397511,55,643030,Absent,28,1,1,1,1,1,1,1,1,1,0,0,0,0,0,0,1,1,0,0,0,0,0,0,1,1,0,0,0,0,0,0,1,1,0,0,0,0,0,0,1,1,0,0,0,0,0,0,1,1,0,0,0,0,0,0,1,1,1,1,1,1,1,1,1,18.0,14,Unicorn_Absent,-1,-1.0,8,Unicorn_Absent,898,18.0,28,1.0,46,0.0,0.5,OUT,18.0,1.0,14.0,0.0,OUT
0,6430397511,56,643030,Absent,28,1,1,1,1,1,1,1,1,1,0,0,0,0,0,0,1,1,0,0,0,0,0,0,1,1,0,0,0,0,0,0,1,1,0,0,0,0,0,0,1,1,0,0,0,0,0,0,1,1,0,0,0,0,0,0,1,1,1,1,1,1,1,1,1,18.0,14,Unicorn_Absent,-1,-1.0,8,Unicorn_Absent,916,18.0,28,1.0,46,0.0,0.5,OUT,18.0,1.0,14.0,0.0,OUT
0,6430397511,59,643030,Absent,28,1,1,1,1,1,1,1,1,1,0,0,0,0,0,0,1,1,0,0,0,0,0,0,1,1,0,0,0,0,0,0,1,1,0,0,0,0,0,0,1,1,0,0,0,0,0,0,1,1,0,0,0,0,0,0,1,1,1,1,1,1,1,1,1,18.0,14,Unicorn_Absent,-1,-1.0,8,Unicorn_Absent,984,18.0,28,1.0,46,0.0,0.5,OUT,18.0,1.0,14.0,0.0,OUT
0,6430397511,17,975117,Absent,36,0,0,0,0,0,0,0,0,0,1,1,1,1,1,1,0,0,1,1,1,1,1,1,0,0,1,1,1,1,1,1,0,0,1,1,1,1,1,1,0,0,1,1,1,1,1,1,0,0,1,1,1,1,1,1,0,0,0,0,0,0,0,0,0,-4.0,36,Unicorn_Absent,-1,-1.0,7,Unicorn_Absent,105,0.0,36,1.0,64,0.765625,0.4375,IN,24.0,0.5625,8.0,0.11184210526315788,ALL
0,6430397511,18,975117,Absent,64,1,1,1,1,1,1,1,1,1,1,1,1,1,1,1,1,1,1,1,1,1,1,1,1,1,1,1,1,1,1,1,1,1,1,1,1,1,1,1,1,1,1,1,1,1,1,1,1,1,1,1,1,1,1,1,1,1,1,1,1,1,1,1,1,0.0,32,Unicorn_Absent,-1,-1.0,1,Unicorn_Absent,105,-14.0,64,0.5625,64,0.0625,0.5,ALL,-4.0,0.9375,36.0,0.765625,RS
0,6430397511,27,975117,Absent,32,0,0,0,0,0,0,0,0,0,0,0,0,0,0,0,0,0,0,0,0,0,0,0,0,0,0,0,0,0,0,0,0,1,1,1,1,1,1,1,1,1,1,1,1,1,1,1,1,1,1,1,1,1,1,1,1,1,1,1,1,1,1,1,1,32.0,0,Unicorn_Absent,-1,-1.0,3,Unicorn_Absent,148,32.0,32,0.09090909090909091,64,0.09090909090909091,1.0,BOTTOM,32.0,1.0,0.0,0.06666666666666667,BOTTOM
0,6430397511,28,975117,Absent,32,0,0,0,0,0,0,0,0,0,0,0,0,0,0,0,0,0,0,0,0,0,0,0,0,0,0,0,0,0,0,0,0,1,1,1,1,1,1,1,1,1,1,1,1,1,1,1,1,1,1,1,1,1,1,1,1,1,1,1,1,1,1,1,1,32.0,0,Unicorn_Absent,-1,-1.0,3,Unicorn_Absent,180,32.0,32,1.0,64,0.0,1.0,BOTTOM,32.0,1.0,0.0,0.09090909090909091,BOTTOM
0,6430397511,33,975117,Absent,32,0,0,0,0,0,0,0,0,0,0,0,0,0,0,0,0,0,0,0,0,0,0,0,0,0,0,0,0,0,0,0,0,1,1,1,1,1,1,1,1,1,1,1,1,1,1,1,1,1,1,1,1,1,1,1,1,1,1,1,1,1,1,1,1,32.0,0,Unicorn_Absent,-1,-1.0,3,Unicorn_Absent,340,32.0,32,1.0,64,0.0,1.0,BOTTOM,32.0,1.0,0.0,0.0,BOTTOM
0,6430397511,40,975117,Absent,32,0,0,0,0,0,0,0,0,0,0,0,0,0,0,0,0,0,0,0,0,0,0,0,0,0,0,0,0,0,0,0,0,1,1,1,1,1,1,1,1,1,1,1,1,1,1,1,1,1,1,1,1,1,1,1,1,1,1,1,1,1,1,1,1,18.0,14,Unicorn_Absent,-1,-1.0,3,Unicorn_Absent,523,18.0,32,1.0,46,0.0,0.5,BOTTOM,18.0,1.0,14.0,0.6956521739130435,BOTTOM
0,6430397511,41,975117,Absent,32,0,0,0,0,0,0,0,0,0,0,0,0,0,0,0,0,0,0,0,0,0,0,0,0,0,0,0,0,0,0,0,0,1,1,1,1,1,1,1,1,1,1,1,1,1,1,1,1,1,1,1,1,1,1,1,1,1,1,1,1,1,1,1,1,18.0,14,Unicorn_Absent,-1,-1.0,3,Unicorn_Absent,541,18.0,32,1.0,46,0.0,0.5,BOTTOM,18.0,1.0,14.0,0.0,BOTTOM
0,6430397511,51,975117,Absent,32,0,0,0,0,0,0,0,0,0,0,0,0,0,0,0,0,0,0,0,0,0,0,0,0,0,0,0,0,0,0,0,0,1,1,1,1,1,1,1,1,1,1,1,1,1,1,1,1,1,1,1,1,1,1,1,1,1,1,1,1,1,1,1,1,18.0,14,Unicorn_Absent,-1,-1.0,3,Unicorn_Absent,812,18.0,32,1.0,46,0.0,0.5,BOTTOM,18.0,1.0,14.0,0.0,BOTTOM
0,6430397511,52,975117,Absent,32,0,0,0,0,0,0,0,0,0,0,0,0,0,0,0,0,0,0,0,0,0,0,0,0,0,0,0,0,0,0,0,0,1,1,1,1,1,1,1,1,1,1,1,1,1,1,1,1,1,1,1,1,1,1,1,1,1,1,1,1,1,1,1,1,18.0,14,Unicorn_Absent,-1,-1.0,3,Unicorn_Absent,830,18.0,32,1.0,46,0.0,0.5,BOTTOM,18.0,1.0,14.0,0.0,BOTTOM
0,6430397511,55,975117,Absent,32,0,0,0,0,0,0,0,0,0,0,0,0,0,0,0,0,0,0,0,0,0,0,0,0,0,0,0,0,0,0,0,0,1,1,1,1,1,1,1,1,1,1,1,1,1,1,1,1,1,1,1,1,1,1,1,1,1,1,1,1,1,1,1,1,18.0,14,Unicorn_Absent,-1,-1.0,3,Unicorn_Absent,898,18.0,32,1.0,46,0.0,0.5,BOTTOM,18.0,1.0,14.0,0.0,BOTTOM
0,6430397511,56,975117,Absent,32,0,0,0,0,0,0,0,0,0,0,0,0,0,0,0,0,0,0,0,0,0,0,0,0,0,0,0,0,0,0,0,0,1,1,1,1,1,1,1,1,1,1,1,1,1,1,1,1,1,1,1,1,1,1,1,1,1,1,1,1,1,1,1,1,18.0,14,Unicorn_Absent,-1,-1.0,3,Unicorn_Absent,916,18.0,32,1.0,46,0.0,0.5,BOTTOM,18.0,1.0,14.0,0.0,BOTTOM
0,6430397511,59,975117,Absent,32,0,0,0,0,0,0,0,0,0,0,0,0,0,0,0,0,0,0,0,0,0,0,0,0,0,0,0,0,0,0,0,0,1,1,1,1,1,1,1,1,1,1,1,1,1,1,1,1,1,1,1,1,1,1,1,1,1,1,1,1,1,1,1,1,18.0,14,Unicorn_Absent,-1,-1.0,3,Unicorn_Absent,984,18.0,32,1.0,46,0.0,0.5,BOTTOM,18.0,1.0,14.0,0.0,BOTTOM
0,6632649125,1,49125,Absent,32,0,0,1,1,1,0,0,1,0,0,1,0,0,1,0,1,0,1,1,0,1,1,0,1,1,1,1,1,0,0,1,1,0,0,1,0,0,1,1,1,1,1,0,1,0,1,0,0,0,1,0,0,0,1,1,0,0,0,1,0,1,0,0,1,11.0,21,Unicorn_Absent,-1,-1.0,0,Unicorn_Absent,11,-32.0,32,,55,,0.53125,RS,,0.5,,,ALL
0,6632649125,2,49125,Absent,64,1,1,1,1,1,1,1,1,1,1,1,1,1,1,1,1,1,1,1,1,1,1,1,1,1,1,1,1,1,1,1,1,1,1,1,1,1,1,1,1,1,1,1,1,1,1,1,1,1,1,1,1,1,1,1,1,1,1,1,1,1,1,1,1,-32.0,64,Unicorn_Absent,-1,-1.0,1,Unicorn_Absent,-21,14.0,64,0.5,64,0.1875,0.0,ALL,11.0,0.5,21.0,,LEFT
0,6632649125,3,49125,Absent,32,1,1,1,1,0,0,0,0,1,1,1,1,0,0,0,0,1,1,1,1,0,0,0,0,1,1,1,1,0,0,0,0,1,1,1,1,0,0,0,0,1,1,1,1,0,0,0,0,1,1,1,1,0,0,0,0,1,1,1,1,0,0,0,0,14.0,18,Unicorn_Absent,-1,-1.0,5,Unicorn_Absent,-7,14.0,32,0.5,50,0.0625,0.5,LEFT,-32.0,1.0,64.0,0.1875,LEFT
0,6632649125,15,49125,Absent,51,1,1,0,0,0,1,1,1,1,0,0,0,1,1,1,0,1,1,1,1,1,1,1,1,1,1,1,0,0,1,1,1,1,1,1,1,1,0,1,1,1,1,1,1,1,1,1,0,1,0,1,1,1,0,1,1,1,1,1,1,1,1,1,1,-8.0,40,Unicorn_Absent,-1,-1.0,0,Unicorn_Absent,-273,32.0,51,0.55,59,0.19999999999999996,0.296875,RS,-10.0,0.0,42.0,0.11904761904761907,NOTHING
0,6632649125,19,49125,Absent,32,1,1,1,1,1,1,1,1,1,1,1,1,1,1,1,1,1,1,1,1,1,1,1,1,1,1,1,1,1,1,1,1,0,0,0,0,0,0,0,0,0,0,0,0,0,0,0,0,0,0,0,0,0,0,0,0,0,0,0,0,0,0,0,0,0.0,32,Unicorn_Absent,-1,-1.0,4,Unicorn_Absent,-283,32.0,32,0.0,64,0.953125,0.5,TOP,32.0,0.0,0.0,0.7301587301587301,RS
0,6632649125,33,49125,Absent,32,1,1,1,1,0,0,0,0,1,1,1,1,0,0,0,0,1,1,1,1,0,0,0,0,1,1,1,1,0,0,0,0,1,1,1,1,0,0,0,0,1,1,1,1,0,0,0,0,1,1,1,1,0,0,0,0,1,1,1,1,0,0,0,0,32.0,0,Unicorn_Absent,-1,-1.0,5,Unicorn_Absent,-187,32.0,32,0.3333333333333333,64,0.0,1.0,LEFT,0.0,1.0,32.0,0.7837837837837838,LEFT
0,6632649125,34,49125,Absent,32,1,1,1,1,0,0,0,0,1,1,1,1,0,0,0,0,1,1,1,1,0,0,0,0,1,1,1,1,0,0,0,0,1,1,1,1,0,0,0,0,1,1,1,1,0,0,0,0,1,1,1,1,0,0,0,0,1,1,1,1,0,0,0,0,32.0,0,Unicorn_Absent,-1,-1.0,5,Unicorn_Absent,-155,32.0,32,1.0,64,0.0,1.0,LEFT,32.0,1.0,0.0,0.0,LEFT
0,6632649125,35,49125,Absent,32,1,1,1,1,0,0,0,0,1,1,1,1,0,0,0,0,1,1,1,1,0,0,0,0,1,1,1,1,0,0,0,0,1,1,1,1,0,0,0,0,1,1,1,1,0,0,0,0,1,1,1,1,0,0,0,0,1,1,1,1,0,0,0,0,32.0,0,Unicorn_Absent,-1,-1.0,5,Unicorn_Absent,-123,32.0,32,1.0,64,0.0,1.0,LEFT,32.0,1.0,0.0,0.0,LEFT
0,6632649125,54,49125,Absent,32,1,1,1,1,0,0,0,0,1,1,1,1,0,0,0,0,1,1,1,1,0,0,0,0,1,1,1,1,0,0,0,0,1,1,1,1,0,0,0,0,1,1,1,1,0,0,0,0,1,1,1,1,0,0,0,0,1,1,1,1,0,0,0,0,32.0,0,Unicorn_Absent,-1,-1.0,5,Unicorn_Absent,485,32.0,32,1.0,64,0.0,1.0,LEFT,32.0,1.0,0.0,0.0,LEFT
0,6632649125,1,663263,Absent,44,1,1,1,0,1,0,1,1,1,0,0,1,0,0,0,1,1,1,0,0,0,0,1,1,0,1,1,1,1,1,1,1,0,1,1,0,1,1,1,0,1,1,1,1,1,0,1,1,1,1,1,1,0,1,1,0,1,1,1,1,0,1,1,0,11.0,21,Unicorn_Absent,-1,-1.0,0,Unicorn_Absent,11,-32.0,44,,55,,0.53125,RS,,0.6875,,,ALL
0,6632649125,2,663263,Absent,64,1,1,1,1,1,1,1,1,1,1,1,1,1,1,1,1,1,1,1,1,1,1,1,1,1,1,1,1,1,1,1,1,1,1,1,1,1,1,1,1,1,1,1,1,1,1,1,1,1,1,1,1,1,1,1,1,1,1,1,1,1,1,1,1,-32.0,64,Unicorn_Absent,-1,-1.0,1,Unicorn_Absent,-21,14.0,64,0.6875,64,0.1875,0.0,ALL,11.0,0.5625,21.0,,IN
0,6632649125,3,663263,Absent,36,0,0,0,0,0,0,0,0,0,1,1,1,1,1,1,0,0,1,1,1,1,1,1,0,0,1,1,1,1,1,1,0,0,1,1,1,1,1,1,0,0,1,1,1,1,1,1,0,0,1,1,1,1,1,1,0,0,0,0,0,0,0,0,0,14.0,18,Unicorn_Absent,-1,-1.0,7,Unicorn_Absent,-7,14.0,36,0.5625,50,0.0625,0.5,IN,-32.0,1.0,64.0,0.1875,IN
0,6632649125,15,663263,Absent,48,1,1,0,1,1,1,1,1,0,1,0,1,0,1,0,1,1,1,0,1,1,1,1,1,0,1,1,1,1,1,1,0,1,1,1,1,1,1,1,1,0,1,1,1,1,1,0,0,1,0,1,1,0,0,1,1,1,1,1,0,1,1,1,0,-8.0,40,Unicorn_Absent,-1,-1.0,0,Unicorn_Absent,-273,32.0,48,0.75,59,0.19999999999999996,0.296875,RS,-10.0,0.7301587301587301,42.0,0.11904761904761907,RS
0,6632649125,19,663263,Absent,64,1,1,1,1,1,1,1,1,1,1,1,1,1,1,1,1,1,1,1,1,1,1,1,1,1,1,1,1,1,1,1,1,1,1,1,1,1,1,1,1,1,1,1,1,1,1,1,1,1,1,1,1,1,1,1,1,1,1,1,1,1,1,1,1,0.0,32,Unicorn_Absent,-1,-1.0,1,Unicorn_Absent,-283,32.0,64,0.953125,64,0.953125,0.5,ALL,32.0,0.5,0.0,0.7301587301587301,TOP
0,6632649125,33,663263,Absent,32,0,0,0,0,1,1,1,1,0,0,0,0,1,1,1,1,0,0,0,0,1,1,1,1,0,0,0,0,1,1,1,1,0,0,0,0,1,1,1,1,0,0,0,0,1,1,1,1,0,0,0,0,1,1,1,1,0,0,0,0,1,1,1,1,32.0,0,Unicorn_Absent,-1,-1.0,6,Unicorn_Absent,-187,32.0,32,0.3333333333333333,64,0.0,1.0,RIGHT,0.0,1.0,32.0,0.7837837837837838,RIGHT
0,6632649125,34,663263,Absent,32,0,0,0,0,1,1,1,1,0,0,0,0,1,1,1,1,0,0,0,0,1,1,1,1,0,0,0,0,1,1,1,1,0,0,0,0,1,1,1,1,0,0,0,0,1,1,1,1,0,0,0,0,1,1,1,1,0,0,0,0,1,1,1,1,32.0,0,Unicorn_Absent,-1,-1.0,6,Unicorn_Absent,-155,32.0,32,1.0,64,0.0,1.0,RIGHT,32.0,1.0,0.0,0.0,RIGHT
0,6632649125,35,663263,Absent,32,0,0,0,0,1,1,1,1,0,0,0,0,1,1,1,1,0,0,0,0,1,1,1,1,0,0,0,0,1,1,1,1,0,0,0,0,1,1,1,1,0,0,0,0,1,1,1,1,0,0,0,0,1,1,1,1,0,0,0,0,1,1,1,1,32.0,0,Unicorn_Absent,-1,-1.0,6,Unicorn_Absent,-123,32.0,32,1.0,64,0.0,1.0,RIGHT,32.0,1.0,0.0,0.0,RIGHT
0,6632649125,54,663263,Absent,32,0,0,0,0,1,1,1,1,0,0,0,0,1,1,1,1,0,0,0,0,1,1,1,1,0,0,0,0,1,1,1,1,0,0,0,0,1,1,1,1,0,0,0,0,1,1,1,1,0,0,0,0,1,1,1,1,0,0,0,0,1,1,1,1,32.0,0,Unicorn_Absent,-1,-1.0,6,Unicorn_Absent,485,32.0,32,1.0,64,0.0,1.0,RIGHT,32.0,1.0,0.0,0.0,RIGHT
0,6688177537,9,668815,Absent,32,0,0,0,0,1,1,1,1,0,0,0,0,1,1,1,1,0,0,0,0,1,1,1,1,0,0,0,0,1,1,1,1,0,0,0,0,1,1,1,1,0,0,0,0,1,1,1,1,0,0,0,0,1,1,1,1,0,0,0,0,1,1,1,1,0.0,32,Unicorn_Absent,-1,-1.0,6,Unicorn_Absent,77,10.0,32,1.0,64,0.5,0.5,RIGHT,32.0,0.0,0.0,0.059920859242509894,LEFT
0,6688177537,14,668815,Absent,10,1,0,0,1,0,0,0,0,0,0,0,0,1,0,0,0,0,0,1,0,0,1,0,0,0,0,0,0,0,0,0,0,0,0,0,0,0,0,0,1,0,0,1,0,0,0,0,1,0,1,0,0,0,0,0,0,0,0,0,0,0,0,0,1,32.0,0,Unicorn_Absent,-1,-1.0,0,Unicorn_Absent,23,32.0,10,0.13513513513513514,10,0.13513513513513514,0.15625,RS,10.0,0.13513513513513514,22.0,0.640625,BOTTOM
0,6688177537,22,668815,Absent,32,1,1,1,1,1,1,1,1,1,1,1,1,1,1,1,1,1,1,1,1,1,1,1,1,1,1,1,1,1,1,1,1,0,0,0,0,0,0,0,0,0,0,0,0,0,0,0,0,0,0,0,0,0,0,0,0,0,0,0,0,0,0,0,0,32.0,0,Unicorn_Absent,-1,-1.0,4,Unicorn_Absent,-68,32.0,32,0.0,64,0.3111111111111111,1.0,TOP,18.0,1.0,14.0,0.29180327868852457,TOP
0,6688177537,26,668815,Absent,32,1,1,1,1,1,1,1,1,1,1,1,1,1,1,1,1,1,1,1,1,1,1,1,1,1,1,1,1,1,1,1,1,0,0,0,0,0,0,0,0,0,0,0,0,0,0,0,0,0,0,0,0,0,0,0,0,0,0,0,0,0,0,0,0,32.0,0,Unicorn_Absent,-1,-1.0,4,Unicorn_Absent,60,32.0,32,1.0,64,0.0,1.0,TOP,32.0,1.0,0.0,0.0,TOP
0,6688177537,34,668815,Absent,32,1,1,1,1,1,1,1,1,1,1,1,1,1,1,1,1,1,1,1,1,1,1,1,1,1,1,1,1,1,1,1,1,0,0,0,0,0,0,0,0,0,0,0,0,0,0,0,0,0,0,0,0,0,0,0,0,0,0,0,0,0,0,0,0,32.0,0,Unicorn_Absent,-1,-1.0,4,Unicorn_Absent,316,32.0,32,1.0,64,0.0,1.0,TOP,32.0,1.0,0.0,0.0,TOP
0,6688177537,35,668815,Absent,32,1,1,1,1,1,1,1,1,1,1,1,1,1,1,1,1,1,1,1,1,1,1,1,1,1,1,1,1,1,1,1,1,0,0,0,0,0,0,0,0,0,0,0,0,0,0,0,0,0,0,0,0,0,0,0,0,0,0,0,0,0,0,0,0,32.0,0,Unicorn_Absent,-1,-1.0,4,Unicorn_Absent,348,32.0,32,1.0,64,0.0,1.0,TOP,32.0,1.0,0.0,0.0,TOP
0,6688177537,36,668815,Absent,32,1,1,1,1,1,1,1,1,1,1,1,1,1,1,1,1,1,1,1,1,1,1,1,1,1,1,1,1,1,1,1,1,0,0,0,0,0,0,0,0,0,0,0,0,0,0,0,0,0,0,0,0,0,0,0,0,0,0,0,0,0,0,0,0,32.0,0,Unicorn_Absent,-1,-1.0,4,Unicorn_Absent,380,32.0,32,1.0,64,0.0,1.0,TOP,32.0,1.0,0.0,0.0,TOP
0,6688177537,42,668815,Absent,32,1,1,1,1,1,1,1,1,1,1,1,1,1,1,1,1,1,1,1,1,1,1,1,1,1,1,1,1,1,1,1,1,0,0,0,0,0,0,0,0,0,0,0,0,0,0,0,0,0,0,0,0,0,0,0,0,0,0,0,0,0,0,0,0,32.0,0,Unicorn_Absent,-1,-1.0,4,Unicorn_Absent,572,32.0,32,1.0,64,0.0,1.0,TOP,32.0,1.0,0.0,0.0,TOP
0,6688177537,45,668815,Absent,32,1,1,1,1,1,1,1,1,1,1,1,1,1,1,1,1,1,1,1,1,1,1,1,1,1,1,1,1,1,1,1,1,0,0,0,0,0,0,0,0,0,0,0,0,0,0,0,0,0,0,0,0,0,0,0,0,0,0,0,0,0,0,0,0,32.0,0,Unicorn_Absent,-1,-1.0,4,Unicorn_Absent,668,12.0,32,1.0,64,0.0,1.0,TOP,32.0,1.0,0.0,0.0,TOP
0,6688177537,56,668815,Absent,28,1,1,1,1,1,1,1,1,1,0,0,0,0,0,0,1,1,0,0,0,0,0,0,1,1,0,0,0,0,0,0,1,1,0,0,0,0,0,0,1,1,0,0,0,0,0,0,1,1,0,0,0,0,0,0,1,1,1,1,1,1,1,1,1,32.0,0,Unicorn_Absent,-1,-1.0,8,Unicorn_Absent,826,32.0,28,1.0,64,0.0,1.0,OUT,32.0,1.0,0.0,0.0,OUT
0,6688177537,57,668815,Absent,28,1,1,1,1,1,1,1,1,1,0,0,0,0,0,0,1,1,0,0,0,0,0,0,1,1,0,0,0,0,0,0,1,1,0,0,0,0,0,0,1,1,0,0,0,0,0,0,1,1,0,0,0,0,0,0,1,1,1,1,1,1,1,1,1,32.0,0,Unicorn_Absent,-1,-1.0,8,Unicorn_Absent,858,32.0,28,1.0,64,0.0,1.0,OUT,32.0,1.0,0.0,0.0,OUT
0,6688177537,58,668815,Absent,28,1,1,1,1,1,1,1,1,1,0,0,0,0,0,0,1,1,0,0,0,0,0,0,1,1,0,0,0,0,0,0,1,1,0,0,0,0,0,0,1,1,0,0,0,0,0,0,1,1,0,0,0,0,0,0,1,1,1,1,1,1,1,1,1,32.0,0,Unicorn_Absent,-1,-1.0,8,Unicorn_Absent,890,32.0,28,1.0,64,0.0,1.0,OUT,32.0,1.0,0.0,0.0,OUT
0,6688177537,9,775377,Absent,64,1,1,1,1,1,1,1,1,1,1,1,1,1,1,1,1,1,1,1,1,1,1,1,1,1,1,1,1,1,1,1,1,1,1,1,1,1,1,1,1,1,1,1,1,1,1,1,1,1,1,1,1,1,1,1,1,1,1,1,1,1,1,1,1,0.0,32,Unicorn_Absent,-1,-1.0,1,Unicorn_Absent,77,10.0,64,0.5,64,0.5,0.5,ALL,32.0,0.640625,0.0,0.059920859242509894,RS
0,6688177537,14,775377,Absent,0,0,0,0,0,0,0,0,0,0,0,0,0,0,0,0,0,0,0,0,0,0,0,0,0,0,0,0,0,0,0,0,0,0,0,0,0,0,0,0,0,0,0,0,0,0,0,0,0,0,0,0,0,0,0,0,0,0,0,0,0,0,0,0,0,32.0,0,Unicorn_Absent,-1,-1.0,2,Unicorn_Absent,23,32.0,0,0.0,10,0.13513513513513514,0.15625,NOTHING,10.0,1.0,22.0,0.640625,NOTHING
0,6688177537,22,775377,Absent,32,0,0,0,0,0,0,0,0,0,0,0,0,0,0,0,0,0,0,0,0,0,0,0,0,0,0,0,0,0,0,0,0,1,1,1,1,1,1,1,1,1,1,1,1,1,1,1,1,1,1,1,1,1,1,1,1,1,1,1,1,1,1,1,1,32.0,0,Unicorn_Absent,-1,-1.0,3,Unicorn_Absent,-68,32.0,32,0.3111111111111111,64,0.3111111111111111,1.0,BOTTOM,18.0,1.0,14.0,0.29180327868852457,BOTTOM
0,6688177537,26,775377,Absent,32,0,0,0,0,0,0,0,0,0,0,0,0,0,0,0,0,0,0,0,0,0,0,0,0,0,0,0,0,0,0,0,0,1,1,1,1,1,1,1,1,1,1,1,1,1,1,1,1,1,1,1,1,1,1,1,1,1,1,1,1,1,1,1,1,32.0,0,Unicorn_Absent,-1,-1.0,3,Unicorn_Absent,60,32.0,32,1.0,64,0.0,1.0,BOTTOM,32.0,1.0,0.0,0.0,BOTTOM
0,6688177537,34,775377,Absent,32,0,0,0,0,0,0,0,0,0,0,0,0,0,0,0,0,0,0,0,0,0,0,0,0,0,0,0,0,0,0,0,0,1,1,1,1,1,1,1,1,1,1,1,1,1,1,1,1,1,1,1,1,1,1,1,1,1,1,1,1,1,1,1,1,32.0,0,Unicorn_Absent,-1,-1.0,3,Unicorn_Absent,316,32.0,32,1.0,64,0.0,1.0,BOTTOM,32.0,1.0,0.0,0.0,BOTTOM
0,6688177537,35,775377,Absent,32,0,0,0,0,0,0,0,0,0,0,0,0,0,0,0,0,0,0,0,0,0,0,0,0,0,0,0,0,0,0,0,0,1,1,1,1,1,1,1,1,1,1,1,1,1,1,1,1,1,1,1,1,1,1,1,1,1,1,1,1,1,1,1,1,32.0,0,Unicorn_Absent,-1,-1.0,3,Unicorn_Absent,348,32.0,32,1.0,64,0.0,1.0,BOTTOM,32.0,1.0,0.0,0.0,BOTTOM
0,6688177537,36,775377,Absent,32,0,0,0,0,0,0,0,0,0,0,0,0,0,0,0,0,0,0,0,0,0,0,0,0,0,0,0,0,0,0,0,0,1,1,1,1,1,1,1,1,1,1,1,1,1,1,1,1,1,1,1,1,1,1,1,1,1,1,1,1,1,1,1,1,32.0,0,Unicorn_Absent,-1,-1.0,3,Unicorn_Absent,380,32.0,32,1.0,64,0.0,1.0,BOTTOM,32.0,1.0,0.0,0.0,BOTTOM
0,6688177537,42,775377,Absent,32,0,0,0,0,0,0,0,0,0,0,0,0,0,0,0,0,0,0,0,0,0,0,0,0,0,0,0,0,0,0,0,0,1,1,1,1,1,1,1,1,1,1,1,1,1,1,1,1,1,1,1,1,1,1,1,1,1,1,1,1,1,1,1,1,32.0,0,Unicorn_Absent,-1,-1.0,3,Unicorn_Absent,572,32.0,32,1.0,64,0.0,1.0,BOTTOM,32.0,1.0,0.0,0.0,BOTTOM
0,6688177537,45,775377,Absent,32,0,0,0,0,0,0,0,0,0,0,0,0,0,0,0,0,0,0,0,0,0,0,0,0,0,0,0,0,0,0,0,0,1,1,1,1,1,1,1,1,1,1,1,1,1,1,1,1,1,1,1,1,1,1,1,1,1,1,1,1,1,1,1,1,32.0,0,Unicorn_Absent,-1,-1.0,3,Unicorn_Absent,668,12.0,32,1.0,64,0.0,1.0,BOTTOM,32.0,0.3269230769230769,0.0,0.0,RS
0,6688177537,56,775377,Absent,36,0,0,0,0,0,0,0,0,0,1,1,1,1,1,1,0,0,1,1,1,1,1,1,0,0,1,1,1,1,1,1,0,0,1,1,1,1,1,1,0,0,1,1,1,1,1,1,0,0,1,1,1,1,1,1,0,0,0,0,0,0,0,0,0,32.0,0,Unicorn_Absent,-1,-1.0,7,Unicorn_Absent,826,32.0,36,1.0,64,0.0,1.0,IN,32.0,1.0,0.0,0.0,IN
0,6688177537,57,775377,Absent,36,0,0,0,0,0,0,0,0,0,1,1,1,1,1,1,0,0,1,1,1,1,1,1,0,0,1,1,1,1,1,1,0,0,1,1,1,1,1,1,0,0,1,1,1,1,1,1,0,0,1,1,1,1,1,1,0,0,0,0,0,0,0,0,0,32.0,0,Unicorn_Absent,-1,-1.0,7,Unicorn_Absent,858,32.0,36,1.0,64,0.0,1.0,IN,32.0,1.0,0.0,0.0,IN
0,6688177537,58,775377,Absent,36,0,0,0,0,0,0,0,0,0,1,1,1,1,1,1,0,0,1,1,1,1,1,1,0,0,1,1,1,1,1,1,0,0,1,1,1,1,1,1,0,0,1,1,1,1,1,1,0,0,1,1,1,1,1,1,0,0,0,0,0,0,0,0,0,32.0,0,Unicorn_Absent,-1,-1.0,7,Unicorn_Absent,890,32.0,36,1.0,64,0.0,1.0,IN,32.0,1.0,0.0,0.0,IN
0,6831841336,1,413364,Absent,21,0,0,0,1,0,0,0,1,0,0,1,1,0,1,1,0,0,0,0,0,0,0,0,0,0,0,0,0,0,1,1,0,0,0,0,0,0,1,0,1,0,1,1,0,1,1,0,0,1,1,0,0,1,1,1,1,0,0,0,0,0,0,1,0,22.0,10,Unicorn_Absent,-1,-1.0,0,Unicorn_Absent,22,24.0,21,,46,,0.5625,RS,,0.20588235294117646,,,RS
0,6831841336,2,413364,Absent,20,0,0,0,0,1,0,1,0,0,0,0,1,0,1,0,0,0,0,0,1,0,0,1,1,0,1,0,0,0,0,1,0,1,0,0,0,0,1,0,0,1,0,0,1,0,1,1,1,1,0,1,0,0,0,0,0,0,0,0,0,1,0,1,0,24.0,8,Unicorn_Absent,-1,-1.0,0,Unicorn_Absent,46,0.0,20,0.20588235294117646,44,0.16146458583433376,0.5625,RS,22.0,0.3125,10.0,,ALL
0,6831841336,3,413364,Absent,64,1,1,1,1,1,1,1,1,1,1,1,1,1,1,1,1,1,1,1,1,1,1,1,1,1,1,1,1,1,1,1,1,1,1,1,1,1,1,1,1,1,1,1,1,1,1,1,1,1,1,1,1,1,1,1,1,1,1,1,1,1,1,1,1,0.0,32,Unicorn_Absent,-1,-1.0,1,Unicorn_Absent,46,31.0,64,0.3125,64,0.6875,0.5,ALL,24.0,0.046875,8.0,0.16146458583433376,RS
0,6831841336,4,413364,Absent,3,0,0,0,0,0,0,0,0,0,0,0,0,0,0,0,0,0,0,1,0,0,0,0,0,0,0,0,0,0,0,0,1,0,0,0,0,0,0,0,0,0,0,0,0,0,0,0,0,0,0,0,0,0,0,0,1,0,0,0,0,0,0,0,0,31.0,1,Unicorn_Absent,-1,-1.0,0,Unicorn_Absent,77,6.0,3,0.046875,34,0.953125,0.515625,RS,0.0,0.03773584905660377,32.0,0.6875,RS
0,6831841336,5,413364,Absent,52,1,1,1,1,1,0,0,0,0,0,1,1,1,1,1,1,0,1,1,1,1,1,1,1,0,1,1,1,1,0,1,1,0,1,1,1,1,1,1,1,1,1,0,1,0,1,1,1,1,1,1,1,1,1,1,0,1,1,1,1,1,1,1,1,6.0,26,Unicorn_Absent,-1,-1.0,0,Unicorn_Absent,83,14.0,52,0.03773584905660377,58,0.9622641509433962,0.5,RS,31.0,0.5714285714285714,1.0,0.953125,IN
0,6831841336,6,413364,Absent,36,0,0,0,0,0,0,0,0,0,1,1,1,1,1,1,0,0,1,1,1,1,1,1,0,0,1,1,1,1,1,1,0,0,1,1,1,1,1,1,0,0,1,1,1,1,1,1,0,0,1,1,1,1,1,1,0,0,0,0,0,0,0,0,0,14.0,18,Unicorn_Absent,-1,-1.0,7,Unicorn_Absent,97,14.0,36,0.5714285714285714,50,0.4285714285714286,0.5,IN,6.0,1.0,26.0,0.9622641509433962,IN
0,6831841336,23,413364,Absent,5,0,0,0,0,0,0,0,0,0,0,0,0,1,0,0,0,0,0,0,0,0,0,0,0,0,0,0,0,0,0,1,0,0,0,0,0,0,0,0,0,1,0,0,0,0,0,0,1,0,0,0,1,0,0,0,0,0,0,0,0,0,0,0,0,31.0,1,Unicorn_Absent,-1,-1.0,0,Unicorn_Absent,176,32.0,5,0.05714285714285714,47,0.33174603174603173,0.71875,RS,16.0,0.0,16.0,0.026666666666666672,NOTHING
0,6831841336,41,413364,Absent,64,1,1,1,1,1,1,1,1,1,1,1,1,1,1,1,1,1,1,1,1,1,1,1,1,1,1,1,1,1,1,1,1,1,1,1,1,1,1,1,1,1,1,1,1,1,1,1,1,1,1,1,1,1,1,1,1,1,1,1,1,1,1,1,1,0.0,32,Unicorn_Absent,-1,-1.0,1,Unicorn_Absent,192,32.0,64,0.5,64,0.5,0.5,ALL,32.0,0.5,0.0,0.0,RIGHT
0,6831841336,44,413364,Absent,32,0,0,0,0,1,1,1,1,0,0,0,0,1,1,1,1,0,0,0,0,1,1,1,1,0,0,0,0,1,1,1,1,0,0,0,0,1,1,1,1,0,0,0,0,1,1,1,1,0,0,0,0,1,1,1,1,0,0,0,0,1,1,1,1,32.0,0,Unicorn_Absent,-1,-1.0,6,Unicorn_Absent,288,32.0,32,1.0,64,0.0,1.0,RIGHT,32.0,1.0,0.0,0.16666666666666669,RIGHT
0,6831841336,1,683180,Absent,35,0,1,1,1,0,1,0,0,1,1,0,0,1,1,1,1,1,0,1,1,1,0,1,0,0,1,0,0,1,0,0,0,1,1,0,1,0,0,1,1,0,1,0,0,1,1,1,1,1,0,0,1,0,1,1,0,1,1,0,1,0,1,0,0,22.0,10,Unicorn_Absent,-1,-1.0,0,Unicorn_Absent,22,24.0,35,,46,,0.5625,RS,,0.3673469387755102,,,LEFT
0,6831841336,2,683180,Absent,32,1,1,1,1,0,0,0,0,1,1,1,1,0,0,0,0,1,1,1,1,0,0,0,0,1,1,1,1,0,0,0,0,1,1,1,1,0,0,0,0,1,1,1,1,0,0,0,0,1,1,1,1,0,0,0,0,1,1,1,1,0,0,0,0,24.0,8,Unicorn_Absent,-1,-1.0,5,Unicorn_Absent,46,0.0,32,0.3673469387755102,44,0.16146458583433376,0.5625,LEFT,22.0,1.0,10.0,,LEFT
0,6831841336,3,683180,Absent,32,1,1,1,1,0,0,0,0,1,1,1,1,0,0,0,0,1,1,1,1,0,0,0,0,1,1,1,1,0,0,0,0,1,1,1,1,0,0,0,0,1,1,1,1,0,0,0,0,1,1,1,1,0,0,0,0,1,1,1,1,0,0,0,0,0.0,32,Unicorn_Absent,-1,-1.0,5,Unicorn_Absent,46,31.0,32,1.0,64,0.6875,0.5,LEFT,24.0,1.0,8.0,0.16146458583433376,LEFT
0,6831841336,4,683180,Absent,32,1,1,1,1,0,0,0,0,1,1,1,1,0,0,0,0,1,1,1,1,0,0,0,0,1,1,1,1,0,0,0,0,1,1,1,1,0,0,0,0,1,1,1,1,0,0,0,0,1,1,1,1,0,0,0,0,1,1,1,1,0,0,0,0,31.0,1,Unicorn_Absent,-1,-1.0,5,Unicorn_Absent,77,6.0,32,1.0,34,0.953125,0.515625,LEFT,0.0,1.0,32.0,0.6875,LEFT
0,6831841336,5,683180,Absent,32,1,1,1,1,0,0,0,0,1,1,1,1,0,0,0,0,1,1,1,1,0,0,0,0,1,1,1,1,0,0,0,0,1,1,1,1,0,0,0,0,1,1,1,1,0,0,0,0,1,1,1,1,0,0,0,0,1,1,1,1,0,0,0,0,6.0,26,Unicorn_Absent,-1,-1.0,5,Unicorn_Absent,83,14.0,32,1.0,58,0.9622641509433962,0.5,LEFT,31.0,1.0,1.0,0.953125,LEFT
0,6831841336,6,683180,Absent,32,1,1,1,1,0,0,0,0,1,1,1,1,0,0,0,0,1,1,1,1,0,0,0,0,1,1,1,1,0,0,0,0,1,1,1,1,0,0,0,0,1,1,1,1,0,0,0,0,1,1,1,1,0,0,0,0,1,1,1,1,0,0,0,0,14.0,18,Unicorn_Absent,-1,-1.0,5,Unicorn_Absent,97,14.0,32,1.0,50,0.4285714285714286,0.5,LEFT,6.0,1.0,26.0,0.9622641509433962,LEFT
0,6831841336,23,683180,Absent,43,1,1,0,1,1,1,0,1,1,1,0,1,0,1,1,1,0,1,1,1,0,1,1,1,1,1,1,0,0,1,0,0,0,0,0,1,0,1,1,1,1,1,1,1,1,1,0,0,0,1,1,0,1,0,1,1,1,0,1,1,1,0,1,1,31.0,1,Unicorn_Absent,-1,-1.0,0,Unicorn_Absent,176,32.0,43,0.3888888888888889,47,0.33174603174603173,0.71875,RS,16.0,0.5932203389830508,16.0,0.026666666666666672,RS
0,6831841336,41,683180,Absent,32,0,0,0,0,0,0,0,0,0,0,0,0,0,0,0,0,0,0,0,0,0,0,0,0,0,0,0,0,0,0,0,0,1,1,1,1,1,1,1,1,1,1,1,1,1,1,1,1,1,1,1,1,1,1,1,1,1,1,1,1,1,1,1,1,0.0,32,Unicorn_Absent,-1,-1.0,3,Unicorn_Absent,192,32.0,32,0.0,64,0.5,0.5,BOTTOM,32.0,0.3333333333333333,0.0,0.0,LEFT
0,6831841336,44,683180,Absent,32,1,1,1,1,0,0,0,0,1,1,1,1,0,0,0,0,1,1,1,1,0,0,0,0,1,1,1,1,0,0,0,0,1,1,1,1,0,0,0,0,1,1,1,1,0,0,0,0,1,1,1,1,0,0,0,0,1,1,1,1,0,0,0,0,32.0,0,Unicorn_Absent,-1,-1.0,5,Unicorn_Absent,288,32.0,32,1.0,64,0.0,1.0,LEFT,32.0,1.0,0.0,0.16666666666666669,LEFT
0,6960387356,6,69603,Absent,32,1,1,1,1,0,0,0,0,1,1,1,1,0,0,0,0,1,1,1,1,0,0,0,0,1,1,1,1,0,0,0,0,1,1,1,1,0,0,0,0,1,1,1,1,0,0,0,0,1,1,1,1,0,0,0,0,1,1,1,1,0,0,0,0,0.0,32,Unicorn_Absent,-1,-1.0,5,Unicorn_Absent,-131,22.0,32,0.36,32,0.64,0.0,LEFT,14.0,0.13157894736842105,18.0,0.02568613652357493,RS
0,6960387356,11,69603,Absent,28,1,1,1,1,1,1,1,1,1,0,0,0,0,0,0,1,1,0,0,0,0,0,0,1,1,0,0,0,0,0,0,1,1,0,0,0,0,0,0,1,1,0,0,0,0,0,0,1,1,0,0,0,0,0,0,1,1,1,1,1,1,1,1,1,18.0,14,Unicorn_Absent,-1,-1.0,8,Unicorn_Absent,-29,18.0,28,0.21875,46,0.27331349206349204,0.5,OUT,22.0,1.0,10.0,0.36048454469507096,OUT
0,6960387356,22,69603,Absent,32,1,1,1,1,0,0,0,0,1,1,1,1,0,0,0,0,1,1,1,1,0,0,0,0,1,1,1,1,0,0,0,0,1,1,1,1,0,0,0,0,1,1,1,1,0,0,0,0,1,1,1,1,0,0,0,0,1,1,1,1,0,0,0,0,16.0,16,Unicorn_Absent,-1,-1.0,5,Unicorn_Absent,85,16.0,32,1.0,48,0.0,0.5,LEFT,16.0,1.0,16.0,0.19565217391304346,LEFT
0,6960387356,23,69603,Absent,32,1,1,1,1,0,0,0,0,1,1,1,1,0,0,0,0,1,1,1,1,0,0,0,0,1,1,1,1,0,0,0,0,1,1,1,1,0,0,0,0,1,1,1,1,0,0,0,0,1,1,1,1,0,0,0,0,1,1,1,1,0,0,0,0,16.0,16,Unicorn_Absent,-1,-1.0,5,Unicorn_Absent,101,16.0,32,1.0,48,0.0,0.5,LEFT,16.0,1.0,16.0,0.0,LEFT
0,6960387356,24,69603,Absent,32,1,1,1,1,0,0,0,0,1,1,1,1,0,0,0,0,1,1,1,1,0,0,0,0,1,1,1,1,0,0,0,0,1,1,1,1,0,0,0,0,1,1,1,1,0,0,0,0,1,1,1,1,0,0,0,0,1,1,1,1,0,0,0,0,16.0,16,Unicorn_Absent,-1,-1.0,5,Unicorn_Absent,117,16.0,32,1.0,48,0.0,0.5,LEFT,16.0,1.0,16.0,0.0,LEFT
0,6960387356,31,69603,Absent,32,0,0,1,1,1,1,0,1,1,1,1,0,0,0,0,0,1,0,0,0,0,0,0,1,1,1,1,0,1,0,0,1,0,1,0,0,1,1,1,1,0,1,0,0,1,0,1,0,0,0,1,1,0,1,0,0,0,0,1,1,1,1,1,1,6.0,26,Unicorn_Absent,-1,-1.0,0,Unicorn_Absent,-76,32.0,32,0.30612244897959184,62,0.0130190007037298,0.5625,RS,22.0,0.3770491803278688,10.0,0.08943089430894308,RS
0,6960387356,32,69603,Absent,52,1,0,1,1,1,0,1,1,1,1,0,1,1,1,1,1,0,1,1,0,1,1,1,0,1,1,1,1,0,1,1,1,1,1,1,1,1,1,1,1,1,0,1,1,1,1,1,0,1,1,0,1,1,1,1,1,1,1,0,1,1,1,0,1,32.0,0,Unicorn_Absent,-1,-1.0,0,Unicorn_Absent,-44,32.0,52,0.3770491803278688,52,0.3770491803278688,0.8125,RS,6.0,0.47368421052631576,26.0,0.0130190007037298,RIGHT
0,6960387356,35,69603,Absent,32,0,0,0,0,1,1,1,1,0,0,0,0,1,1,1,1,0,0,0,0,1,1,1,1,0,0,0,0,1,1,1,1,0,0,0,0,1,1,1,1,0,0,0,0,1,1,1,1,0,0,0,0,1,1,1,1,0,0,0,0,1,1,1,1,32.0,0,Unicorn_Absent,-1,-1.0,6,Unicorn_Absent,52,32.0,32,1.0,32,0.0,0.5,RIGHT,32.0,1.0,0.0,0.5263157894736843,RIGHT
0,6960387356,36,69603,Absent,32,0,0,0,0,1,1,1,1,0,0,0,0,1,1,1,1,0,0,0,0,1,1,1,1,0,0,0,0,1,1,1,1,0,0,0,0,1,1,1,1,0,0,0,0,1,1,1,1,0,0,0,0,1,1,1,1,0,0,0,0,1,1,1,1,32.0,0,Unicorn_Absent,-1,-1.0,6,Unicorn_Absent,84,32.0,32,1.0,32,0.0,0.5,RIGHT,32.0,1.0,0.0,0.0,RIGHT
0,6960387356,42,69603,Absent,64,1,1,1,1,1,1,1,1,1,1,1,1,1,1,1,1,1,1,1,1,1,1,1,1,1,1,1,1,1,1,1,1,1,1,1,1,1,1,1,1,1,1,1,1,1,1,1,1,1,1,1,1,1,1,1,1,1,1,1,1,1,1,1,1,0.0,32,Unicorn_Absent,-1,-1.0,1,Unicorn_Absent,127,8.0,64,1.0,64,0.8048780487804879,0.5,ALL,15.0,0.8125,17.0,0.5,RS
0,6960387356,47,69603,Absent,32,1,1,1,1,0,0,0,0,1,1,1,1,0,0,0,0,1,1,1,1,0,0,0,0,1,1,1,1,0,0,0,0,1,1,1,1,0,0,0,0,1,1,1,1,0,0,0,0,1,1,1,1,0,0,0,0,1,1,1,1,0,0,0,0,16.0,16,Unicorn_Absent,-1,-1.0,5,Unicorn_Absent,231,16.0,32,1.0,48,0.0,0.5,LEFT,16.0,1.0,16.0,0.576271186440678,LEFT
0,6960387356,51,69603,Absent,32,1,1,1,1,0,0,0,0,1,1,1,1,0,0,0,0,1,1,1,1,0,0,0,0,1,1,1,1,0,0,0,0,1,1,1,1,0,0,0,0,1,1,1,1,0,0,0,0,1,1,1,1,0,0,0,0,1,1,1,1,0,0,0,0,16.0,16,Unicorn_Absent,-1,-1.0,5,Unicorn_Absent,327,16.0,32,1.0,48,0.0,0.5,LEFT,16.0,1.0,16.0,0.0,LEFT
0,6960387356,54,69603,Absent,32,1,1,1,1,0,0,0,0,1,1,1,1,0,0,0,0,1,1,1,1,0,0,0,0,1,1,1,1,0,0,0,0,1,1,1,1,0,0,0,0,1,1,1,1,0,0,0,0,1,1,1,1,0,0,0,0,1,1,1,1,0,0,0,0,16.0,16,Unicorn_Absent,-1,-1.0,5,Unicorn_Absent,391,16.0,32,1.0,48,0.0,0.5,LEFT,16.0,1.0,16.0,0.0,LEFT
0,6960387356,55,69603,Absent,32,1,1,1,1,0,0,0,0,1,1,1,1,0,0,0,0,1,1,1,1,0,0,0,0,1,1,1,1,0,0,0,0,1,1,1,1,0,0,0,0,1,1,1,1,0,0,0,0,1,1,1,1,0,0,0,0,1,1,1,1,0,0,0,0,16.0,16,Unicorn_Absent,-1,-1.0,5,Unicorn_Absent,407,16.0,32,1.0,48,0.0,0.5,LEFT,16.0,1.0,16.0,0.0,LEFT
0,6960387356,58,69603,Absent,0,0,0,0,0,0,0,0,0,0,0,0,0,0,0,0,0,0,0,0,0,0,0,0,0,0,0,0,0,0,0,0,0,0,0,0,0,0,0,0,0,0,0,0,0,0,0,0,0,0,0,0,0,0,0,0,0,0,0,0,0,0,0,0,0,32.0,0,Unicorn_Absent,-1,-1.0,2,Unicorn_Absent,487,15.0,0,0.0,32,1.0,0.5,NOTHING,16.0,0.0,16.0,0.0,RS
0,6960387356,59,69603,Absent,27,1,0,0,0,0,1,0,1,0,0,0,0,0,1,1,1,0,1,0,0,0,1,0,0,1,0,0,0,0,0,0,1,0,0,1,1,1,0,1,1,0,0,0,0,1,0,1,1,0,1,1,1,1,0,0,1,0,1,1,0,1,0,1,0,15.0,17,Unicorn_Absent,-1,-1.0,0,Unicorn_Absent,502,16.0,27,0.0,42,1.0,0.390625,RS,32.0,0.28888888888888886,0.0,1.0,RS
0,6960387356,6,873568,Absent,32,1,1,1,1,0,0,0,0,1,1,1,1,0,0,0,0,1,1,1,1,0,0,0,0,1,1,1,1,0,0,0,0,1,1,1,1,0,0,0,0,1,1,1,1,0,0,0,0,1,1,1,1,0,0,0,0,1,1,1,1,0,0,0,0,0.0,32,Unicorn_Absent,-1,-1.0,5,Unicorn_Absent,-131,22.0,32,1.0,32,0.64,0.0,LEFT,14.0,0.49206349206349204,18.0,0.02568613652357493,RS
0,6960387356,11,873568,Absent,32,1,1,1,1,1,1,1,1,1,1,1,1,1,1,1,1,1,1,1,1,1,1,1,1,1,1,1,1,1,1,1,1,0,0,0,0,0,0,0,0,0,0,0,0,0,0,0,0,0,0,0,0,0,0,0,0,0,0,0,0,0,0,0,0,18.0,14,Unicorn_Absent,-1,-1.0,4,Unicorn_Absent,-29,18.0,32,0.49206349206349204,46,0.27331349206349204,0.5,TOP,22.0,1.0,10.0,0.36048454469507096,TOP
0,6960387356,22,873568,Absent,32,1,1,1,1,1,1,1,1,1,1,1,1,1,1,1,1,1,1,1,1,1,1,1,1,1,1,1,1,1,1,1,1,0,0,0,0,0,0,0,0,0,0,0,0,0,0,0,0,0,0,0,0,0,0,0,0,0,0,0,0,0,0,0,0,16.0,16,Unicorn_Absent,-1,-1.0,4,Unicorn_Absent,85,16.0,32,1.0,48,0.0,0.5,TOP,16.0,1.0,16.0,0.19565217391304346,TOP
0,6960387356,23,873568,Absent,32,1,1,1,1,1,1,1,1,1,1,1,1,1,1,1,1,1,1,1,1,1,1,1,1,1,1,1,1,1,1,1,1,0,0,0,0,0,0,0,0,0,0,0,0,0,0,0,0,0,0,0,0,0,0,0,0,0,0,0,0,0,0,0,0,16.0,16,Unicorn_Absent,-1,-1.0,4,Unicorn_Absent,101,16.0,32,1.0,48,0.0,0.5,TOP,16.0,1.0,16.0,0.0,TOP
0,6960387356,24,873568,Absent,32,1,1,1,1,1,1,1,1,1,1,1,1,1,1,1,1,1,1,1,1,1,1,1,1,1,1,1,1,1,1,1,1,0,0,0,0,0,0,0,0,0,0,0,0,0,0,0,0,0,0,0,0,0,0,0,0,0,0,0,0,0,0,0,0,16.0,16,Unicorn_Absent,-1,-1.0,4,Unicorn_Absent,117,16.0,32,1.0,48,0.0,0.5,TOP,16.0,1.0,16.0,0.0,TOP
0,6960387356,31,873568,Absent,56,1,1,1,1,1,1,1,0,1,1,1,0,1,1,1,1,1,1,1,1,1,1,1,1,1,1,1,1,0,1,1,1,1,1,1,1,1,0,1,1,1,0,1,1,1,1,1,1,1,1,1,1,0,1,1,1,1,1,1,0,1,1,1,0,6.0,26,Unicorn_Absent,-1,-1.0,0,Unicorn_Absent,-76,32.0,56,0.29310344827586204,62,0.0130190007037298,0.5625,RS,22.0,0.0,10.0,0.08943089430894308,NOTHING
0,6960387356,32,873568,Absent,0,0,0,0,0,0,0,0,0,0,0,0,0,0,0,0,0,0,0,0,0,0,0,0,0,0,0,0,0,0,0,0,0,0,0,0,0,0,0,0,0,0,0,0,0,0,0,0,0,0,0,0,0,0,0,0,0,0,0,0,0,0,0,0,0,32.0,0,Unicorn_Absent,-1,-1.0,2,Unicorn_Absent,-44,32.0,0,0.0,52,0.3770491803278688,0.8125,NOTHING,6.0,1.0,26.0,0.0130190007037298,NOTHING
0,6960387356,35,873568,Absent,0,0,0,0,0,0,0,0,0,0,0,0,0,0,0,0,0,0,0,0,0,0,0,0,0,0,0,0,0,0,0,0,0,0,0,0,0,0,0,0,0,0,0,0,0,0,0,0,0,0,0,0,0,0,0,0,0,0,0,0,0,0,0,0,0,32.0,0,Unicorn_Absent,-1,-1.0,2,Unicorn_Absent,52,32.0,0,1.0,32,0.0,0.5,NOTHING,32.0,1.0,0.0,0.5263157894736843,NOTHING
0,6960387356,36,873568,Absent,0,0,0,0,0,0,0,0,0,0,0,0,0,0,0,0,0,0,0,0,0,0,0,0,0,0,0,0,0,0,0,0,0,0,0,0,0,0,0,0,0,0,0,0,0,0,0,0,0,0,0,0,0,0,0,0,0,0,0,0,0,0,0,0,0,32.0,0,Unicorn_Absent,-1,-1.0,2,Unicorn_Absent,84,32.0,0,1.0,32,0.0,0.5,NOTHING,32.0,1.0,0.0,0.0,NOTHING
0,6960387356,42,873568,Absent,32,0,0,0,0,1,1,1,1,0,0,0,0,1,1,1,1,0,0,0,0,1,1,1,1,0,0,0,0,1,1,1,1,0,0,0,0,1,1,1,1,0,0,0,0,1,1,1,1,0,0,0,0,1,1,1,1,0,0,0,0,1,1,1,1,0.0,32,Unicorn_Absent,-1,-1.0,6,Unicorn_Absent,127,8.0,32,0.1951219512195122,64,0.8048780487804879,0.5,RIGHT,15.0,0.3333333333333333,17.0,0.5,BOTTOM
0,6960387356,47,873568,Absent,32,0,0,0,0,0,0,0,0,0,0,0,0,0,0,0,0,0,0,0,0,0,0,0,0,0,0,0,0,0,0,0,0,1,1,1,1,1,1,1,1,1,1,1,1,1,1,1,1,1,1,1,1,1,1,1,1,1,1,1,1,1,1,1,1,16.0,16,Unicorn_Absent,-1,-1.0,3,Unicorn_Absent,231,16.0,32,1.0,48,0.0,0.5,BOTTOM,16.0,1.0,16.0,0.576271186440678,BOTTOM
0,6960387356,51,873568,Absent,32,0,0,0,0,0,0,0,0,0,0,0,0,0,0,0,0,0,0,0,0,0,0,0,0,0,0,0,0,0,0,0,0,1,1,1,1,1,1,1,1,1,1,1,1,1,1,1,1,1,1,1,1,1,1,1,1,1,1,1,1,1,1,1,1,16.0,16,Unicorn_Absent,-1,-1.0,3,Unicorn_Absent,327,16.0,32,1.0,48,0.0,0.5,BOTTOM,16.0,1.0,16.0,0.0,BOTTOM
0,6960387356,54,873568,Absent,32,0,0,0,0,0,0,0,0,0,0,0,0,0,0,0,0,0,0,0,0,0,0,0,0,0,0,0,0,0,0,0,0,1,1,1,1,1,1,1,1,1,1,1,1,1,1,1,1,1,1,1,1,1,1,1,1,1,1,1,1,1,1,1,1,16.0,16,Unicorn_Absent,-1,-1.0,3,Unicorn_Absent,391,16.0,32,1.0,48,0.0,0.5,BOTTOM,16.0,1.0,16.0,0.0,BOTTOM
0,6960387356,55,873568,Absent,32,0,0,0,0,0,0,0,0,0,0,0,0,0,0,0,0,0,0,0,0,0,0,0,0,0,0,0,0,0,0,0,0,1,1,1,1,1,1,1,1,1,1,1,1,1,1,1,1,1,1,1,1,1,1,1,1,1,1,1,1,1,1,1,1,16.0,16,Unicorn_Absent,-1,-1.0,3,Unicorn_Absent,407,16.0,32,1.0,48,0.0,0.5,BOTTOM,16.0,1.0,16.0,0.0,BOTTOM
0,6960387356,58,873568,Absent,32,0,0,0,0,0,0,0,0,0,0,0,0,0,0,0,0,0,0,0,0,0,0,0,0,0,0,0,0,0,0,0,0,1,1,1,1,1,1,1,1,1,1,1,1,1,1,1,1,1,1,1,1,1,1,1,1,1,1,1,1,1,1,1,1,32.0,0,Unicorn_Absent,-1,-1.0,3,Unicorn_Absent,487,15.0,32,1.0,32,1.0,0.5,BOTTOM,16.0,1.0,16.0,0.0,BOTTOM
0,6960387356,59,873568,Absent,32,0,0,0,0,0,0,0,0,0,0,0,0,0,0,0,0,0,0,0,0,0,0,0,0,0,0,0,0,0,0,0,0,1,1,1,1,1,1,1,1,1,1,1,1,1,1,1,1,1,1,1,1,1,1,1,1,1,1,1,1,1,1,1,1,15.0,17,Unicorn_Absent,-1,-1.0,3,Unicorn_Absent,502,16.0,32,1.0,42,1.0,0.390625,BOTTOM,32.0,1.0,0.0,1.0,BOTTOM
0,7219988597,10,721990,Absent,32,0,0,0,0,1,1,1,1,0,0,0,0,1,1,1,1,0,0,0,0,1,1,1,1,0,0,0,0,1,1,1,1,0,0,0,0,1,1,1,1,0,0,0,0,1,1,1,1,0,0,0,0,1,1,1,1,0,0,0,0,1,1,1,1,0.0,32,Unicorn_Absent,-1,-1.0,6,Unicorn_Absent,272,20.0,32,1.0,64,0.5,0.5,RIGHT,32.0,0.26666666666666666,0.0,0.0,RS
0,7219988597,11,721990,Absent,25,1,0,1,0,0,0,0,1,1,1,0,0,0,0,0,0,1,0,1,0,1,1,1,0,0,1,1,0,0,0,1,1,0,0,0,1,1,0,0,0,0,0,0,1,1,0,0,0,1,1,0,0,0,1,0,1,0,0,0,1,1,0,1,0,20.0,12,Unicorn_Absent,-1,-1.0,0,Unicorn_Absent,292,0.0,25,0.26666666666666666,45,0.23333333333333334,0.515625,RS,0.0,0.390625,32.0,0.5,ALL
0,7219988597,15,721990,Absent,32,1,1,1,1,1,1,1,1,1,1,1,1,1,1,1,1,1,1,1,1,1,1,1,1,1,1,1,1,1,1,1,1,0,0,0,0,0,0,0,0,0,0,0,0,0,0,0,0,0,0,0,0,0,0,0,0,0,0,0,0,0,0,0,0,0.0,32,Unicorn_Absent,-1,-1.0,4,Unicorn_Absent,353,25.0,32,0.5,64,0.0,0.5,TOP,0.0,0.1282051282051282,32.0,0.609375,RS
0,7219988597,23,721990,Absent,32,1,1,1,1,1,1,1,1,1,1,1,1,1,1,1,1,1,1,1,1,1,1,1,1,1,1,1,1,1,1,1,1,0,0,0,0,0,0,0,0,0,0,0,0,0,0,0,0,0,0,0,0,0,0,0,0,0,0,0,0,0,0,0,0,0.0,32,Unicorn_Absent,-1,-1.0,4,Unicorn_Absent,342,-21.0,32,0.0,32,0.3333333333333333,0.0,TOP,32.0,0.3492063492063492,0.0,0.0,RS
0,7219988597,33,721990,Absent,28,1,1,1,1,1,1,1,1,1,0,0,0,0,0,0,1,1,0,0,0,0,0,0,1,1,0,0,0,0,0,0,1,1,0,0,0,0,0,0,1,1,0,0,0,0,0,0,1,1,0,0,0,0,0,0,1,1,1,1,1,1,1,1,1,18.0,14,Unicorn_Absent,-1,-1.0,8,Unicorn_Absent,519,25.0,28,0.0,46,1.0,0.5,OUT,14.0,1.0,18.0,0.0,OUT
0,7219988597,38,721990,Absent,32,1,1,1,1,0,0,0,0,1,1,1,1,0,0,0,0,1,1,1,1,0,0,0,0,1,1,1,1,0,0,0,0,1,1,1,1,0,0,0,0,1,1,1,1,0,0,0,0,1,1,1,1,0,0,0,0,1,1,1,1,0,0,0,0,16.0,16,Unicorn_Absent,-1,-1.0,5,Unicorn_Absent,519,16.0,32,0.30434782608695654,48,0.08483563096500532,0.5,LEFT,25.0,1.0,7.0,0.7804878048780488,LEFT
0,7219988597,39,721990,Absent,32,1,1,1,1,0,0,0,0,1,1,1,1,0,0,0,0,1,1,1,1,0,0,0,0,1,1,1,1,0,0,0,0,1,1,1,1,0,0,0,0,1,1,1,1,0,0,0,0,1,1,1,1,0,0,0,0,1,1,1,1,0,0,0,0,16.0,16,Unicorn_Absent,-1,-1.0,5,Unicorn_Absent,535,12.0,32,1.0,48,0.0,0.5,LEFT,16.0,1.0,16.0,0.08483563096500532,LEFT
0,7219988597,40,721990,Absent,32,1,1,1,1,0,0,0,0,1,1,1,1,0,0,0,0,1,1,1,1,0,0,0,0,1,1,1,1,0,0,0,0,1,1,1,1,0,0,0,0,1,1,1,1,0,0,0,0,1,1,1,1,0,0,0,0,1,1,1,1,0,0,0,0,12.0,20,Unicorn_Absent,-1,-1.0,5,Unicorn_Absent,547,20.0,32,1.0,54,0.6296296296296297,0.53125,LEFT,16.0,1.0,16.0,0.0,LEFT
0,7219988597,43,721990,Absent,31,0,1,1,1,0,0,0,0,1,1,0,1,0,1,0,0,1,1,0,0,0,0,1,1,0,1,0,0,1,0,1,0,1,0,1,1,1,1,1,1,0,1,0,0,0,0,0,1,0,0,0,1,1,0,1,1,0,1,1,1,0,0,1,0,15.0,17,Unicorn_Absent,-1,-1.0,0,Unicorn_Absent,584,-4.0,31,0.3695652173913043,50,0.014009661835748755,0.515625,RS,20.0,0.484375,12.0,0.6041666666666667,ALL
0,7219988597,47,721990,Absent,32,0,0,0,0,1,1,1,1,0,0,0,0,1,1,1,1,0,0,0,0,1,1,1,1,0,0,0,0,1,1,1,1,0,0,0,0,1,1,1,1,0,0,0,0,1,1,1,1,0,0,0,0,1,1,1,1,0,0,0,0,1,1,1,1,0.0,32,Unicorn_Absent,-1,-1.0,6,Unicorn_Absent,622,14.0,32,0.5,64,0.0625,0.5,RIGHT,-4.0,0.36,36.0,0.515625,IN
0,7219988597,48,721990,Absent,36,0,0,0,0,0,0,0,0,0,1,1,1,1,1,1,0,0,1,1,1,1,1,1,0,0,1,1,1,1,1,1,0,0,1,1,1,1,1,1,0,0,1,1,1,1,1,1,0,0,1,1,1,1,1,1,0,0,0,0,0,0,0,0,0,14.0,18,Unicorn_Absent,-1,-1.0,7,Unicorn_Absent,636,19.0,36,0.36,48,0.10875000000000001,0.46875,IN,0.0,1.0,32.0,0.0625,IN
0,7219988597,49,721990,Absent,36,0,0,0,0,0,0,0,0,0,1,1,1,1,1,1,0,0,1,1,1,1,1,1,0,0,1,1,1,1,1,1,0,0,1,1,1,1,1,1,0,0,1,1,1,1,1,1,0,0,1,1,1,1,1,1,0,0,0,0,0,0,0,0,0,19.0,13,Unicorn_Absent,-1,-1.0,7,Unicorn_Absent,655,25.0,36,1.0,45,0.631578947368421,0.5,IN,14.0,1.0,18.0,0.10875000000000001,IN
0,7219988597,52,721990,Absent,36,0,0,0,0,0,0,0,0,0,1,1,1,1,1,1,0,0,1,1,1,1,1,1,0,0,1,1,1,1,1,1,0,0,1,1,1,1,1,1,0,0,1,1,1,1,1,1,0,0,1,1,1,1,1,1,0,0,0,0,0,0,0,0,0,-4.0,36,Unicorn_Absent,-1,-1.0,7,Unicorn_Absent,708,32.0,36,1.0,64,0.765625,0.4375,IN,25.0,0.0,7.0,0.8064516129032258,NOTHING
0,7219988597,10,885973,Absent,64,1,1,1,1,1,1,1,1,1,1,1,1,1,1,1,1,1,1,1,1,1,1,1,1,1,1,1,1,1,1,1,1,1,1,1,1,1,1,1,1,1,1,1,1,1,1,1,1,1,1,1,1,1,1,1,1,1,1,1,1,1,1,1,1,0.0,32,Unicorn_Absent,-1,-1.0,1,Unicorn_Absent,272,20.0,64,0.5,64,0.5,0.5,ALL,32.0,0.5,0.0,0.0,RIGHT
0,7219988597,11,885973,Absent,32,0,0,0,0,1,1,1,1,0,0,0,0,1,1,1,1,0,0,0,0,1,1,1,1,0,0,0,0,1,1,1,1,0,0,0,0,1,1,1,1,0,0,0,0,1,1,1,1,0,0,0,0,1,1,1,1,0,0,0,0,1,1,1,1,20.0,12,Unicorn_Absent,-1,-1.0,6,Unicorn_Absent,292,0.0,32,0.5,45,0.23333333333333334,0.515625,RIGHT,0.0,1.0,32.0,0.5,RIGHT
0,7219988597,15,885973,Absent,64,1,1,1,1,1,1,1,1,1,1,1,1,1,1,1,1,1,1,1,1,1,1,1,1,1,1,1,1,1,1,1,1,1,1,1,1,1,1,1,1,1,1,1,1,1,1,1,1,1,1,1,1,1,1,1,1,1,1,1,1,1,1,1,1,0.0,32,Unicorn_Absent,-1,-1.0,1,Unicorn_Absent,353,25.0,64,0.5,64,0.0,0.5,ALL,0.0,0.5625,32.0,0.609375,IN
0,7219988597,23,885973,Absent,32,1,1,1,1,1,1,1,1,1,1,1,1,1,1,1,1,1,1,1,1,1,1,1,1,1,1,1,1,1,1,1,1,0,0,0,0,0,0,0,0,0,0,0,0,0,0,0,0,0,0,0,0,0,0,0,0,0,0,0,0,0,0,0,0,0.0,32,Unicorn_Absent,-1,-1.0,4,Unicorn_Absent,342,-21.0,32,0.3333333333333333,32,0.3333333333333333,0.0,TOP,32.0,0.5,0.0,0.0,ALL
0,7219988597,33,885973,Absent,32,1,1,1,1,0,0,0,0,1,1,1,1,0,0,0,0,1,1,1,1,0,0,0,0,1,1,1,1,0,0,0,0,1,1,1,1,0,0,0,0,1,1,1,1,0,0,0,0,1,1,1,1,0,0,0,0,1,1,1,1,0,0,0,0,18.0,14,Unicorn_Absent,-1,-1.0,5,Unicorn_Absent,519,25.0,32,1.0,46,1.0,0.5,LEFT,14.0,0.21951219512195122,18.0,0.0,RS
0,7219988597,38,885973,Absent,32,1,1,1,1,1,1,1,1,1,1,1,1,1,1,1,1,1,1,1,1,1,1,1,1,1,1,1,1,1,1,1,1,0,0,0,0,0,0,0,0,0,0,0,0,0,0,0,0,0,0,0,0,0,0,0,0,0,0,0,0,0,0,0,0,16.0,16,Unicorn_Absent,-1,-1.0,4,Unicorn_Absent,519,16.0,32,0.21951219512195122,48,0.08483563096500532,0.5,TOP,25.0,1.0,7.0,0.7804878048780488,TOP
0,7219988597,39,885973,Absent,32,1,1,1,1,1,1,1,1,1,1,1,1,1,1,1,1,1,1,1,1,1,1,1,1,1,1,1,1,1,1,1,1,0,0,0,0,0,0,0,0,0,0,0,0,0,0,0,0,0,0,0,0,0,0,0,0,0,0,0,0,0,0,0,0,16.0,16,Unicorn_Absent,-1,-1.0,4,Unicorn_Absent,535,12.0,32,1.0,48,0.0,0.5,TOP,16.0,0.37037037037037035,16.0,0.08483563096500532,RS
0,7219988597,40,885973,Absent,42,1,0,1,0,0,1,1,1,1,0,1,0,0,1,1,1,1,0,1,1,0,0,0,1,1,1,1,0,1,1,1,0,1,1,1,1,0,1,1,0,1,0,0,1,1,1,1,1,0,0,1,0,1,1,0,1,1,1,1,0,1,1,1,0,12.0,20,Unicorn_Absent,-1,-1.0,0,Unicorn_Absent,547,20.0,42,0.37037037037037035,54,0.6296296296296297,0.53125,RS,16.0,0.3958333333333333,16.0,0.0,RS
0,7219988597,43,885973,Absent,36,0,0,0,0,0,0,0,0,0,1,1,1,1,1,1,0,0,1,1,1,1,1,1,0,0,1,1,1,1,1,1,0,0,1,1,1,1,1,1,0,0,1,1,1,1,1,1,0,0,1,1,1,1,1,1,0,0,0,0,0,0,0,0,0,15.0,17,Unicorn_Absent,-1,-1.0,7,Unicorn_Absent,584,-4.0,36,0.35555555555555557,50,0.014009661835748755,0.515625,IN,20.0,1.0,12.0,0.6041666666666667,IN
0,7219988597,47,885973,Absent,64,1,1,1,1,1,1,1,1,1,1,1,1,1,1,1,1,1,1,1,1,1,1,1,1,1,1,1,1,1,1,1,1,1,1,1,1,1,1,1,1,1,1,1,1,1,1,1,1,1,1,1,1,1,1,1,1,1,1,1,1,1,1,1,1,0.0,32,Unicorn_Absent,-1,-1.0,1,Unicorn_Absent,622,14.0,64,0.5625,64,0.0625,0.5,ALL,-4.0,0.46875,36.0,0.515625,RS
0,7219988597,48,885973,Absent,30,0,0,0,1,0,0,1,0,1,1,0,1,0,1,0,1,0,0,0,0,0,1,1,1,1,1,1,0,1,1,0,0,1,0,0,1,0,0,0,1,1,0,1,1,1,0,1,0,0,1,1,1,1,0,0,0,0,0,0,1,0,0,1,1,14.0,18,Unicorn_Absent,-1,-1.0,0,Unicorn_Absent,636,19.0,30,0.46875,48,0.10875000000000001,0.46875,RS,0.0,0.3684210526315789,32.0,0.0625,RS
0,7219988597,49,885973,Absent,22,0,0,0,0,0,0,1,1,1,1,1,0,1,1,1,1,1,1,0,0,0,1,0,0,1,0,0,0,0,0,0,0,0,1,0,0,0,0,0,0,0,0,0,1,1,0,1,0,1,0,1,0,1,0,0,0,0,0,0,1,0,0,1,0,19.0,13,Unicorn_Absent,-1,-1.0,0,Unicorn_Absent,655,25.0,22,0.3684210526315789,45,0.631578947368421,0.5,RS,14.0,0.1935483870967742,18.0,0.10875000000000001,RS
0,7219988597,52,885973,Absent,64,1,1,1,1,1,1,1,1,1,1,1,1,1,1,1,1,1,1,1,1,1,1,1,1,1,1,1,1,1,1,1,1,1,1,1,1,1,1,1,1,1,1,1,1,1,1,1,1,1,1,1,1,1,1,1,1,1,1,1,1,1,1,1,1,-4.0,36,Unicorn_Absent,-1,-1.0,1,Unicorn_Absent,708,32.0,64,0.234375,64,0.765625,0.4375,ALL,25.0,0.171875,7.0,0.8064516129032258,RS
0,7263916760,6,167607,Absent,32,1,1,1,1,0,0,0,0,1,1,1,1,0,0,0,0,1,1,1,1,0,0,0,0,1,1,1,1,0,0,0,0,1,1,1,1,0,0,0,0,1,1,1,1,0,0,0,0,1,1,1,1,0,0,0,0,1,1,1,1,0,0,0,0,16.0,16,Unicorn_Absent,-1,-1.0,5,Unicorn_Absent,79,16.0,32,0.0,48,0.0,0.5,LEFT,32.0,1.0,0.0,,LEFT
0,7263916760,7,167607,Absent,32,1,1,1,1,0,0,0,0,1,1,1,1,0,0,0,0,1,1,1,1,0,0,0,0,1,1,1,1,0,0,0,0,1,1,1,1,0,0,0,0,1,1,1,1,0,0,0,0,1,1,1,1,0,0,0,0,1,1,1,1,0,0,0,0,16.0,16,Unicorn_Absent,-1,-1.0,5,Unicorn_Absent,95,16.0,32,1.0,48,0.0,0.5,LEFT,16.0,1.0,16.0,0.0,LEFT
0,7263916760,8,167607,Absent,32,1,1,1,1,0,0,0,0,1,1,1,1,0,0,0,0,1,1,1,1,0,0,0,0,1,1,1,1,0,0,0,0,1,1,1,1,0,0,0,0,1,1,1,1,0,0,0,0,1,1,1,1,0,0,0,0,1,1,1,1,0,0,0,0,16.0,16,Unicorn_Absent,-1,-1.0,5,Unicorn_Absent,111,16.0,32,1.0,48,0.0,0.5,LEFT,16.0,1.0,16.0,0.0,LEFT
0,7263916760,16,167607,Absent,28,1,1,1,1,1,1,1,1,1,0,0,0,0,0,0,1,1,0,0,0,0,0,0,1,1,0,0,0,0,0,0,1,1,0,0,0,0,0,0,1,1,0,0,0,0,0,0,1,1,0,0,0,0,0,0,1,1,1,1,1,1,1,1,1,4.0,28,Unicorn_Absent,-1,-1.0,8,Unicorn_Absent,-106,32.0,28,0.30434782608695654,64,0.19565217391304346,0.5625,OUT,16.0,0.37254901960784315,16.0,0.0,RS
0,7263916760,17,167607,Absent,42,0,1,1,0,1,1,1,1,1,1,0,1,0,1,1,0,1,1,0,1,1,1,1,0,1,1,0,0,1,1,0,1,0,1,1,0,0,0,0,1,0,1,1,1,1,1,0,1,1,1,0,1,1,1,0,1,0,1,1,0,1,0,1,1,32.0,0,Unicorn_Absent,-1,-1.0,0,Unicorn_Absent,-74,32.0,42,0.37254901960784315,42,0.37254901960784315,0.65625,RS,4.0,0.37037037037037035,28.0,0.19565217391304346,LEFT
0,7263916760,18,167607,Absent,32,1,1,1,1,0,0,0,0,1,1,1,1,0,0,0,0,1,1,1,1,0,0,0,0,1,1,1,1,0,0,0,0,1,1,1,1,0,0,0,0,1,1,1,1,0,0,0,0,1,1,1,1,0,0,0,0,1,1,1,1,0,0,0,0,32.0,0,Unicorn_Absent,-1,-1.0,5,Unicorn_Absent,-42,32.0,32,0.37037037037037035,32,0.6296296296296297,0.5,LEFT,32.0,1.0,0.0,0.37254901960784315,LEFT
0,7263916760,23,167607,Absent,36,0,0,0,0,0,0,0,0,0,1,1,1,1,1,1,0,0,1,1,1,1,1,1,0,0,1,1,1,1,1,1,0,0,1,1,1,1,1,1,0,0,1,1,1,1,1,1,0,0,1,1,1,1,1,1,0,0,0,0,0,0,0,0,0,14.0,18,Unicorn_Absent,-1,-1.0,7,Unicorn_Absent,3,14.0,36,0.36,50,0.36,0.5,IN,32.0,1.0,0.0,0.0,IN
0,7263916760,30,167607,Absent,36,0,0,0,0,0,0,0,0,0,1,1,1,1,1,1,0,0,1,1,1,1,1,1,0,0,1,1,1,1,1,1,0,0,1,1,1,1,1,1,0,0,1,1,1,1,1,1,0,0,1,1,1,1,1,1,0,0,0,0,0,0,0,0,0,14.0,18,Unicorn_Absent,-1,-1.0,7,Unicorn_Absent,173,14.0,36,1.0,50,0.0,0.5,IN,14.0,1.0,18.0,0.0,IN
0,7263916760,31,167607,Absent,36,0,0,0,0,0,0,0,0,0,1,1,1,1,1,1,0,0,1,1,1,1,1,1,0,0,1,1,1,1,1,1,0,0,1,1,1,1,1,1,0,0,1,1,1,1,1,1,0,0,1,1,1,1,1,1,0,0,0,0,0,0,0,0,0,14.0,18,Unicorn_Absent,-1,-1.0,7,Unicorn_Absent,187,14.0,36,1.0,50,0.0,0.5,IN,14.0,1.0,18.0,0.0,IN
0,7263916760,32,167607,Absent,36,0,0,0,0,0,0,0,0,0,1,1,1,1,1,1,0,0,1,1,1,1,1,1,0,0,1,1,1,1,1,1,0,0,1,1,1,1,1,1,0,0,1,1,1,1,1,1,0,0,1,1,1,1,1,1,0,0,0,0,0,0,0,0,0,14.0,18,Unicorn_Absent,-1,-1.0,7,Unicorn_Absent,201,14.0,36,1.0,50,0.0,0.5,IN,14.0,1.0,18.0,0.0,IN
0,7263916760,33,167607,Absent,36,0,0,0,0,0,0,0,0,0,1,1,1,1,1,1,0,0,1,1,1,1,1,1,0,0,1,1,1,1,1,1,0,0,1,1,1,1,1,1,0,0,1,1,1,1,1,1,0,0,1,1,1,1,1,1,0,0,0,0,0,0,0,0,0,14.0,18,Unicorn_Absent,-1,-1.0,7,Unicorn_Absent,215,14.0,36,1.0,50,0.0,0.5,IN,14.0,1.0,18.0,0.0,IN
0,7263916760,38,167607,Absent,36,0,0,0,0,0,0,0,0,0,1,1,1,1,1,1,0,0,1,1,1,1,1,1,0,0,1,1,1,1,1,1,0,0,1,1,1,1,1,1,0,0,1,1,1,1,1,1,0,0,1,1,1,1,1,1,0,0,0,0,0,0,0,0,0,14.0,18,Unicorn_Absent,-1,-1.0,7,Unicorn_Absent,321,14.0,36,1.0,50,0.0,0.5,IN,14.0,1.0,18.0,0.0,IN
0,7263916760,46,167607,Absent,36,0,0,0,0,0,0,0,0,0,1,1,1,1,1,1,0,0,1,1,1,1,1,1,0,0,1,1,1,1,1,1,0,0,1,1,1,1,1,1,0,0,1,1,1,1,1,1,0,0,1,1,1,1,1,1,0,0,0,0,0,0,0,0,0,14.0,18,Unicorn_Absent,-1,-1.0,7,Unicorn_Absent,503,14.0,36,1.0,50,0.0,0.5,IN,14.0,1.0,18.0,0.0,IN
0,7263916760,55,167607,Absent,32,0,0,0,0,0,0,0,0,0,0,0,0,0,0,0,0,0,0,0,0,0,0,0,0,0,0,0,0,0,0,0,0,1,1,1,1,1,1,1,1,1,1,1,1,1,1,1,1,1,1,1,1,1,1,1,1,1,1,1,1,1,1,1,1,18.0,14,Unicorn_Absent,-1,-1.0,3,Unicorn_Absent,508,2.0,32,1.0,46,0.0,0.5,BOTTOM,18.0,1.0,14.0,0.6666666666666667,BOTTOM
0,7263916760,6,726397,Absent,32,0,0,0,0,0,0,0,0,0,0,0,0,0,0,0,0,0,0,0,0,0,0,0,0,0,0,0,0,0,0,0,0,1,1,1,1,1,1,1,1,1,1,1,1,1,1,1,1,1,1,1,1,1,1,1,1,1,1,1,1,1,1,1,1,16.0,16,Unicorn_Absent,-1,-1.0,3,Unicorn_Absent,79,16.0,32,0.0,48,0.0,0.5,BOTTOM,32.0,1.0,0.0,,BOTTOM
0,7263916760,7,726397,Absent,32,0,0,0,0,0,0,0,0,0,0,0,0,0,0,0,0,0,0,0,0,0,0,0,0,0,0,0,0,0,0,0,0,1,1,1,1,1,1,1,1,1,1,1,1,1,1,1,1,1,1,1,1,1,1,1,1,1,1,1,1,1,1,1,1,16.0,16,Unicorn_Absent,-1,-1.0,3,Unicorn_Absent,95,16.0,32,1.0,48,0.0,0.5,BOTTOM,16.0,1.0,16.0,0.0,BOTTOM
0,7263916760,8,726397,Absent,32,0,0,0,0,0,0,0,0,0,0,0,0,0,0,0,0,0,0,0,0,0,0,0,0,0,0,0,0,0,0,0,0,1,1,1,1,1,1,1,1,1,1,1,1,1,1,1,1,1,1,1,1,1,1,1,1,1,1,1,1,1,1,1,1,16.0,16,Unicorn_Absent,-1,-1.0,3,Unicorn_Absent,111,16.0,32,1.0,48,0.0,0.5,BOTTOM,16.0,1.0,16.0,0.0,BOTTOM
0,7263916760,16,726397,Absent,64,1,1,1,1,1,1,1,1,1,1,1,1,1,1,1,1,1,1,1,1,1,1,1,1,1,1,1,1,1,1,1,1,1,1,1,1,1,1,1,1,1,1,1,1,1,1,1,1,1,1,1,1,1,1,1,1,1,1,1,1,1,1,1,1,4.0,28,Unicorn_Absent,-1,-1.0,1,Unicorn_Absent,-106,32.0,64,0.5,64,0.19565217391304346,0.5625,ALL,16.0,0.0,16.0,0.0,NOTHING
0,7263916760,17,726397,Absent,0,0,0,0,0,0,0,0,0,0,0,0,0,0,0,0,0,0,0,0,0,0,0,0,0,0,0,0,0,0,0,0,0,0,0,0,0,0,0,0,0,0,0,0,0,0,0,0,0,0,0,0,0,0,0,0,0,0,0,0,0,0,0,0,0,32.0,0,Unicorn_Absent,-1,-1.0,2,Unicorn_Absent,-74,32.0,0,0.0,42,0.37254901960784315,0.65625,NOTHING,4.0,1.0,28.0,0.19565217391304346,NOTHING
0,7263916760,18,726397,Absent,0,0,0,0,0,0,0,0,0,0,0,0,0,0,0,0,0,0,0,0,0,0,0,0,0,0,0,0,0,0,0,0,0,0,0,0,0,0,0,0,0,0,0,0,0,0,0,0,0,0,0,0,0,0,0,0,0,0,0,0,0,0,0,0,0,32.0,0,Unicorn_Absent,-1,-1.0,2,Unicorn_Absent,-42,32.0,0,1.0,32,0.6296296296296297,0.5,NOTHING,32.0,1.0,0.0,0.37254901960784315,NOTHING
0,7263916760,23,726397,Absent,32,0,0,0,0,0,0,0,0,0,0,0,0,0,0,0,0,0,0,0,0,0,0,0,0,0,0,0,0,0,0,0,0,1,1,1,1,1,1,1,1,1,1,1,1,1,1,1,1,1,1,1,1,1,1,1,1,1,1,1,1,1,1,1,1,14.0,18,Unicorn_Absent,-1,-1.0,3,Unicorn_Absent,3,14.0,32,0.0,50,0.36,0.5,BOTTOM,32.0,1.0,0.0,0.0,BOTTOM
0,7263916760,30,726397,Absent,32,0,0,0,0,0,0,0,0,0,0,0,0,0,0,0,0,0,0,0,0,0,0,0,0,0,0,0,0,0,0,0,0,1,1,1,1,1,1,1,1,1,1,1,1,1,1,1,1,1,1,1,1,1,1,1,1,1,1,1,1,1,1,1,1,14.0,18,Unicorn_Absent,-1,-1.0,3,Unicorn_Absent,173,14.0,32,1.0,50,0.0,0.5,BOTTOM,14.0,1.0,18.0,0.0,BOTTOM
0,7263916760,31,726397,Absent,32,0,0,0,0,0,0,0,0,0,0,0,0,0,0,0,0,0,0,0,0,0,0,0,0,0,0,0,0,0,0,0,0,1,1,1,1,1,1,1,1,1,1,1,1,1,1,1,1,1,1,1,1,1,1,1,1,1,1,1,1,1,1,1,1,14.0,18,Unicorn_Absent,-1,-1.0,3,Unicorn_Absent,187,14.0,32,1.0,50,0.0,0.5,BOTTOM,14.0,1.0,18.0,0.0,BOTTOM
0,7263916760,32,726397,Absent,32,0,0,0,0,0,0,0,0,0,0,0,0,0,0,0,0,0,0,0,0,0,0,0,0,0,0,0,0,0,0,0,0,1,1,1,1,1,1,1,1,1,1,1,1,1,1,1,1,1,1,1,1,1,1,1,1,1,1,1,1,1,1,1,1,14.0,18,Unicorn_Absent,-1,-1.0,3,Unicorn_Absent,201,14.0,32,1.0,50,0.0,0.5,BOTTOM,14.0,1.0,18.0,0.0,BOTTOM
0,7263916760,33,726397,Absent,32,0,0,0,0,0,0,0,0,0,0,0,0,0,0,0,0,0,0,0,0,0,0,0,0,0,0,0,0,0,0,0,0,1,1,1,1,1,1,1,1,1,1,1,1,1,1,1,1,1,1,1,1,1,1,1,1,1,1,1,1,1,1,1,1,14.0,18,Unicorn_Absent,-1,-1.0,3,Unicorn_Absent,215,14.0,32,1.0,50,0.0,0.5,BOTTOM,14.0,1.0,18.0,0.0,BOTTOM
0,7263916760,38,726397,Absent,32,0,0,0,0,0,0,0,0,0,0,0,0,0,0,0,0,0,0,0,0,0,0,0,0,0,0,0,0,0,0,0,0,1,1,1,1,1,1,1,1,1,1,1,1,1,1,1,1,1,1,1,1,1,1,1,1,1,1,1,1,1,1,1,1,14.0,18,Unicorn_Absent,-1,-1.0,3,Unicorn_Absent,321,14.0,32,1.0,50,0.0,0.5,BOTTOM,14.0,1.0,18.0,0.0,BOTTOM
0,7263916760,46,726397,Absent,32,0,0,0,0,0,0,0,0,0,0,0,0,0,0,0,0,0,0,0,0,0,0,0,0,0,0,0,0,0,0,0,0,1,1,1,1,1,1,1,1,1,1,1,1,1,1,1,1,1,1,1,1,1,1,1,1,1,1,1,1,1,1,1,1,14.0,18,Unicorn_Absent,-1,-1.0,3,Unicorn_Absent,503,14.0,32,1.0,50,0.0,0.5,BOTTOM,14.0,1.0,18.0,0.0,BOTTOM
0,7263916760,55,726397,Absent,28,1,1,1,1,1,1,1,1,1,0,0,0,0,0,0,1,1,0,0,0,0,0,0,1,1,0,0,0,0,0,0,1,1,0,0,0,0,0,0,1,1,0,0,0,0,0,0,1,1,0,0,0,0,0,0,1,1,1,1,1,1,1,1,1,18.0,14,Unicorn_Absent,-1,-1.0,8,Unicorn_Absent,508,2.0,28,1.0,46,0.0,0.5,OUT,18.0,0.4262295081967213,14.0,0.6666666666666667,RS
0,7272231463,4,314634,Absent,32,0,0,0,0,0,0,0,0,0,0,0,0,0,0,0,0,0,0,0,0,0,0,0,0,0,0,0,0,0,0,0,0,1,1,1,1,1,1,1,1,1,1,1,1,1,1,1,1,1,1,1,1,1,1,1,1,1,1,1,1,1,1,1,1,16.0,16,Unicorn_Absent,-1,-1.0,3,Unicorn_Absent,79,16.0,32,0.4838709677419355,48,0.4838709677419355,0.5,BOTTOM,3.0,1.0,29.0,,BOTTOM
0,7272231463,5,314634,Absent,32,0,0,0,0,0,0,0,0,0,0,0,0,0,0,0,0,0,0,0,0,0,0,0,0,0,0,0,0,0,0,0,0,1,1,1,1,1,1,1,1,1,1,1,1,1,1,1,1,1,1,1,1,1,1,1,1,1,1,1,1,1,1,1,1,16.0,16,Unicorn_Absent,-1,-1.0,3,Unicorn_Absent,95,16.0,32,1.0,48,0.0,0.5,BOTTOM,16.0,1.0,16.0,0.4838709677419355,BOTTOM
0,7272231463,14,314634,Absent,0,0,0,0,0,0,0,0,0,0,0,0,0,0,0,0,0,0,0,0,0,0,0,0,0,0,0,0,0,0,0,0,0,0,0,0,0,0,0,0,0,0,0,0,0,0,0,0,0,0,0,0,0,0,0,0,0,0,0,0,0,0,0,0,0,32.0,0,Unicorn_Absent,-1,-1.0,2,Unicorn_Absent,146,32.0,0,0.0,32,0.16216216216216217,0.5,NOTHING,27.0,1.0,5.0,0.868421052631579,NOTHING
0,7272231463,18,314634,Absent,0,0,0,0,0,0,0,0,0,0,0,0,0,0,0,0,0,0,0,0,0,0,0,0,0,0,0,0,0,0,0,0,0,0,0,0,0,0,0,0,0,0,0,0,0,0,0,0,0,0,0,0,0,0,0,0,0,0,0,0,0,0,0,0,0,32.0,0,Unicorn_Absent,-1,-1.0,2,Unicorn_Absent,178,32.0,0,1.0,39,0.6346153846153846,0.609375,NOTHING,32.0,1.0,0.0,0.0,NOTHING
0,7272231463,27,314634,Absent,32,0,0,0,0,0,0,0,0,0,0,0,0,0,0,0,0,0,0,0,0,0,0,0,0,0,0,0,0,0,0,0,0,1,1,1,1,1,1,1,1,1,1,1,1,1,1,1,1,1,1,1,1,1,1,1,1,1,1,1,1,1,1,1,1,14.0,18,Unicorn_Absent,-1,-1.0,3,Unicorn_Absent,281,14.0,32,0.2127659574468085,50,0.7872340425531915,0.5,BOTTOM,17.0,1.0,15.0,0.23641304347826086,BOTTOM
0,7272231463,31,314634,Absent,32,1,1,1,1,0,0,0,0,1,1,1,1,0,0,0,0,1,1,1,1,0,0,0,0,1,1,1,1,0,0,0,0,1,1,1,1,0,0,0,0,1,1,1,1,0,0,0,0,1,1,1,1,0,0,0,0,1,1,1,1,0,0,0,0,23.0,9,Unicorn_Absent,-1,-1.0,5,Unicorn_Absent,382,19.0,32,0.3333333333333333,46,0.0222222222222222,0.578125,LEFT,14.0,1.0,18.0,0.0,LEFT
0,7272231463,32,314634,Absent,32,1,1,1,1,0,0,0,0,1,1,1,1,0,0,0,0,1,1,1,1,0,0,0,0,1,1,1,1,0,0,0,0,1,1,1,1,0,0,0,0,1,1,1,1,0,0,0,0,1,1,1,1,0,0,0,0,1,1,1,1,0,0,0,0,19.0,13,Unicorn_Absent,-1,-1.0,5,Unicorn_Absent,401,0.0,32,1.0,43,0.7948717948717949,0.46875,LEFT,23.0,1.0,9.0,0.0222222222222222,LEFT
0,7272231463,33,314634,Absent,32,1,1,1,1,0,0,0,0,1,1,1,1,0,0,0,0,1,1,1,1,0,0,0,0,1,1,1,1,0,0,0,0,1,1,1,1,0,0,0,0,1,1,1,1,0,0,0,0,1,1,1,1,0,0,0,0,1,1,1,1,0,0,0,0,0.0,32,Unicorn_Absent,-1,-1.0,5,Unicorn_Absent,401,32.0,32,1.0,32,0.6976744186046512,0.0,LEFT,19.0,0.39215686274509803,13.0,0.7948717948717949,RS
0,7272231463,34,314634,Absent,39,1,1,1,1,0,0,1,1,1,0,0,0,1,1,1,1,0,0,0,1,1,0,0,0,1,1,0,0,0,1,1,0,1,1,0,1,1,1,0,1,1,1,1,1,0,0,1,0,0,0,0,1,1,1,0,1,1,1,1,1,0,1,1,1,32.0,0,Unicorn_Absent,-1,-1.0,0,Unicorn_Absent,433,32.0,39,0.39215686274509803,39,0.39215686274509803,0.609375,RS,0.0,0.11627906976744186,32.0,0.6976744186046512,RS
0,7272231463,35,314634,Absent,9,0,0,1,0,0,0,1,0,0,0,1,0,0,0,0,0,1,1,0,1,0,0,0,0,0,0,0,0,0,0,0,0,0,0,0,0,0,0,0,0,0,0,0,0,0,0,0,0,0,1,0,0,1,0,0,0,0,1,0,0,0,0,0,0,32.0,0,Unicorn_Absent,-1,-1.0,0,Unicorn_Absent,465,32.0,9,0.11627906976744186,9,0.8837209302325582,0.140625,RS,32.0,0.21428571428571427,0.0,0.39215686274509803,RS
0,7272231463,36,314634,Absent,8,1,0,0,0,0,0,0,0,0,0,1,0,0,0,1,0,0,1,0,0,0,0,0,1,0,0,0,0,0,0,0,0,0,1,0,0,0,0,0,0,0,0,0,0,1,0,0,0,0,1,0,0,0,0,0,0,0,0,0,0,0,0,0,0,32.0,0,Unicorn_Absent,-1,-1.0,0,Unicorn_Absent,497,32.0,8,0.21428571428571427,8,0.7857142857142857,0.125,RS,32.0,0.11538461538461539,0.0,0.8837209302325582,RS
0,7272231463,47,314634,Absent,28,1,1,1,1,1,1,1,1,1,0,0,0,0,0,0,1,1,0,0,0,0,0,0,1,1,0,0,0,0,0,0,1,1,0,0,0,0,0,0,1,1,0,0,0,0,0,0,1,1,0,0,0,0,0,0,1,1,1,1,1,1,1,1,1,18.0,14,Unicorn_Absent,-1,-1.0,8,Unicorn_Absent,478,18.0,28,0.30434782608695654,46,0.19565217391304346,0.5,OUT,0.0,1.0,32.0,0.0,OUT
0,7272231463,52,314634,Absent,28,1,1,1,1,1,1,1,1,1,0,0,0,0,0,0,1,1,0,0,0,0,0,0,1,1,0,0,0,0,0,0,1,1,0,0,0,0,0,0,1,1,0,0,0,0,0,0,1,1,0,0,0,0,0,0,1,1,1,1,1,1,1,1,1,18.0,14,Unicorn_Absent,-1,-1.0,8,Unicorn_Absent,605,18.0,28,1.0,46,0.0,0.5,OUT,18.0,1.0,14.0,0.0,OUT
0,7272231463,56,314634,Absent,36,0,0,0,0,0,0,0,0,0,1,1,1,1,1,1,0,0,1,1,1,1,1,1,0,0,1,1,1,1,1,1,0,0,1,1,1,1,1,1,0,0,1,1,1,1,1,1,0,0,1,1,1,1,1,1,0,0,0,0,0,0,0,0,0,14.0,18,Unicorn_Absent,-1,-1.0,7,Unicorn_Absent,696,14.0,36,0.0,50,1.0,0.5,IN,18.0,1.0,14.0,0.0,IN
0,7272231463,57,314634,Absent,36,0,0,0,0,0,0,0,0,0,1,1,1,1,1,1,0,0,1,1,1,1,1,1,0,0,1,1,1,1,1,1,0,0,1,1,1,1,1,1,0,0,1,1,1,1,1,1,0,0,1,1,1,1,1,1,0,0,0,0,0,0,0,0,0,14.0,18,Unicorn_Absent,-1,-1.0,7,Unicorn_Absent,710,14.0,36,1.0,50,0.0,0.5,IN,14.0,1.0,18.0,1.0,IN
0,7272231463,4,727224,Absent,32,0,0,0,0,1,1,1,1,0,0,0,0,1,1,1,1,0,0,0,0,1,1,1,1,0,0,0,0,1,1,1,1,0,0,0,0,1,1,1,1,0,0,0,0,1,1,1,1,0,0,0,0,1,1,1,1,0,0,0,0,1,1,1,1,16.0,16,Unicorn_Absent,-1,-1.0,6,Unicorn_Absent,79,16.0,32,0.0,48,0.4838709677419355,0.5,RIGHT,3.0,1.0,29.0,,RIGHT
0,7272231463,5,727224,Absent,32,0,0,0,0,1,1,1,1,0,0,0,0,1,1,1,1,0,0,0,0,1,1,1,1,0,0,0,0,1,1,1,1,0,0,0,0,1,1,1,1,0,0,0,0,1,1,1,1,0,0,0,0,1,1,1,1,0,0,0,0,1,1,1,1,16.0,16,Unicorn_Absent,-1,-1.0,6,Unicorn_Absent,95,16.0,32,1.0,48,0.0,0.5,RIGHT,16.0,1.0,16.0,0.4838709677419355,RIGHT
0,7272231463,14,727224,Absent,32,1,1,1,1,1,1,1,1,1,1,1,1,1,1,1,1,1,1,1,1,1,1,1,1,1,1,1,1,1,1,1,1,0,0,0,0,0,0,0,0,0,0,0,0,0,0,0,0,0,0,0,0,0,0,0,0,0,0,0,0,0,0,0,0,32.0,0,Unicorn_Absent,-1,-1.0,4,Unicorn_Absent,146,32.0,32,0.16216216216216217,32,0.16216216216216217,0.5,TOP,27.0,1.0,5.0,0.868421052631579,TOP
0,7272231463,18,727224,Absent,39,1,0,1,0,1,1,0,1,1,1,0,1,0,1,0,0,1,1,0,0,1,1,1,0,0,1,1,0,0,1,1,1,1,1,1,0,0,1,1,0,1,1,1,1,0,0,1,1,1,1,0,1,1,1,0,0,0,1,1,0,1,0,1,0,32.0,0,Unicorn_Absent,-1,-1.0,0,Unicorn_Absent,178,32.0,39,0.36538461538461536,39,0.6346153846153846,0.609375,RS,32.0,0.20408163265306123,0.0,0.0,RS
0,7272231463,27,727224,Absent,36,0,0,0,0,0,0,0,0,0,1,1,1,1,1,1,0,0,1,1,1,1,1,1,0,0,1,1,1,1,1,1,0,0,1,1,1,1,1,1,0,0,1,1,1,1,1,1,0,0,1,1,1,1,1,1,0,0,0,0,0,0,0,0,0,14.0,18,Unicorn_Absent,-1,-1.0,7,Unicorn_Absent,281,14.0,36,1.0,50,0.7872340425531915,0.5,IN,17.0,1.0,15.0,0.23641304347826086,IN
0,7272231463,31,727224,Absent,23,0,1,0,0,1,1,1,0,0,1,1,0,0,1,0,0,0,1,1,0,0,1,1,0,0,0,0,1,1,0,0,1,0,0,0,0,1,1,0,0,0,0,0,1,0,0,1,0,1,0,0,0,0,0,1,1,0,0,1,0,0,0,0,1,23.0,9,Unicorn_Absent,-1,-1.0,0,Unicorn_Absent,382,19.0,23,0.3111111111111111,46,0.0222222222222222,0.578125,RS,14.0,0.20512820512820512,18.0,0.0,RS
0,7272231463,32,727224,Absent,24,0,0,0,0,1,0,0,0,1,0,0,0,0,0,0,1,1,1,1,1,0,0,0,0,1,1,0,0,0,0,1,1,1,1,0,0,0,1,1,1,0,0,0,1,0,1,1,0,1,1,1,0,1,0,0,0,0,0,0,0,1,0,0,0,19.0,13,Unicorn_Absent,-1,-1.0,0,Unicorn_Absent,401,0.0,24,0.20512820512820512,43,0.7948717948717949,0.46875,RS,23.0,0.3023255813953488,9.0,0.0222222222222222,LEFT
0,7272231463,33,727224,Absent,32,1,1,1,1,0,0,0,0,1,1,1,1,0,0,0,0,1,1,1,1,0,0,0,0,1,1,1,1,0,0,0,0,1,1,1,1,0,0,0,0,1,1,1,1,0,0,0,0,1,1,1,1,0,0,0,0,1,1,1,1,0,0,0,0,0.0,32,Unicorn_Absent,-1,-1.0,5,Unicorn_Absent,401,32.0,32,0.3023255813953488,32,0.6976744186046512,0.0,LEFT,19.0,0.0,13.0,0.7948717948717949,NOTHING
0,7272231463,34,727224,Absent,0,0,0,0,0,0,0,0,0,0,0,0,0,0,0,0,0,0,0,0,0,0,0,0,0,0,0,0,0,0,0,0,0,0,0,0,0,0,0,0,0,0,0,0,0,0,0,0,0,0,0,0,0,0,0,0,0,0,0,0,0,0,0,0,0,32.0,0,Unicorn_Absent,-1,-1.0,2,Unicorn_Absent,433,32.0,0,0.0,39,0.39215686274509803,0.609375,NOTHING,0.0,1.0,32.0,0.6976744186046512,NOTHING
0,7272231463,35,727224,Absent,0,0,0,0,0,0,0,0,0,0,0,0,0,0,0,0,0,0,0,0,0,0,0,0,0,0,0,0,0,0,0,0,0,0,0,0,0,0,0,0,0,0,0,0,0,0,0,0,0,0,0,0,0,0,0,0,0,0,0,0,0,0,0,0,0,32.0,0,Unicorn_Absent,-1,-1.0,2,Unicorn_Absent,465,32.0,0,1.0,9,0.8837209302325582,0.140625,NOTHING,32.0,1.0,0.0,0.39215686274509803,NOTHING
0,7272231463,36,727224,Absent,0,0,0,0,0,0,0,0,0,0,0,0,0,0,0,0,0,0,0,0,0,0,0,0,0,0,0,0,0,0,0,0,0,0,0,0,0,0,0,0,0,0,0,0,0,0,0,0,0,0,0,0,0,0,0,0,0,0,0,0,0,0,0,0,0,32.0,0,Unicorn_Absent,-1,-1.0,2,Unicorn_Absent,497,32.0,0,1.0,8,0.7857142857142857,0.125,NOTHING,32.0,1.0,0.0,0.8837209302325582,NOTHING
0,7272231463,47,727224,Absent,32,0,0,0,0,0,0,0,0,0,0,0,0,0,0,0,0,0,0,0,0,0,0,0,0,0,0,0,0,0,0,0,0,1,1,1,1,1,1,1,1,1,1,1,1,1,1,1,1,1,1,1,1,1,1,1,1,1,1,1,1,1,1,1,1,18.0,14,Unicorn_Absent,-1,-1.0,3,Unicorn_Absent,478,18.0,32,0.5,46,0.19565217391304346,0.5,BOTTOM,0.0,1.0,32.0,0.0,BOTTOM
0,7272231463,52,727224,Absent,32,0,0,0,0,0,0,0,0,0,0,0,0,0,0,0,0,0,0,0,0,0,0,0,0,0,0,0,0,0,0,0,0,1,1,1,1,1,1,1,1,1,1,1,1,1,1,1,1,1,1,1,1,1,1,1,1,1,1,1,1,1,1,1,1,18.0,14,Unicorn_Absent,-1,-1.0,3,Unicorn_Absent,605,18.0,32,1.0,46,0.0,0.5,BOTTOM,18.0,1.0,14.0,0.0,BOTTOM
0,7272231463,56,727224,Absent,32,0,0,0,0,0,0,0,0,0,0,0,0,0,0,0,0,0,0,0,0,0,0,0,0,0,0,0,0,0,0,0,0,1,1,1,1,1,1,1,1,1,1,1,1,1,1,1,1,1,1,1,1,1,1,1,1,1,1,1,1,1,1,1,1,14.0,18,Unicorn_Absent,-1,-1.0,3,Unicorn_Absent,696,14.0,32,1.0,50,1.0,0.5,BOTTOM,18.0,1.0,14.0,0.0,BOTTOM
0,7272231463,57,727224,Absent,32,0,0,0,0,0,0,0,0,0,0,0,0,0,0,0,0,0,0,0,0,0,0,0,0,0,0,0,0,0,0,0,0,1,1,1,1,1,1,1,1,1,1,1,1,1,1,1,1,1,1,1,1,1,1,1,1,1,1,1,1,1,1,1,1,14.0,18,Unicorn_Absent,-1,-1.0,3,Unicorn_Absent,710,14.0,32,1.0,50,0.0,0.5,BOTTOM,14.0,1.0,18.0,1.0,BOTTOM
0,7378876865,3,737886,Absent,64,1,1,1,1,1,1,1,1,1,1,1,1,1,1,1,1,1,1,1,1,1,1,1,1,1,1,1,1,1,1,1,1,1,1,1,1,1,1,1,1,1,1,1,1,1,1,1,1,1,1,1,1,1,1,1,1,1,1,1,1,1,1,1,1,-4.0,36,Unicorn_Absent,-1,-1.0,1,Unicorn_Absent,60,11.0,64,,64,,0.4375,ALL,,0.5,,,BOTTOM
0,7378876865,4,737886,Absent,32,0,0,0,0,0,0,0,0,0,0,0,0,0,0,0,0,0,0,0,0,0,0,0,0,0,0,0,0,0,0,0,0,1,1,1,1,1,1,1,1,1,1,1,1,1,1,1,1,1,1,1,1,1,1,1,1,1,1,1,1,1,1,1,1,11.0,21,Unicorn_Absent,-1,-1.0,3,Unicorn_Absent,71,32.0,32,0.5,53,0.125,0.5,BOTTOM,-4.0,1.0,36.0,,BOTTOM
0,7378876865,5,737886,Absent,32,0,0,0,0,0,0,0,0,0,0,0,0,0,0,0,0,0,0,0,0,0,0,0,0,0,0,0,0,0,0,0,0,1,1,1,1,1,1,1,1,1,1,1,1,1,1,1,1,1,1,1,1,1,1,1,1,1,1,1,1,1,1,1,1,32.0,0,Unicorn_Absent,-1,-1.0,3,Unicorn_Absent,103,32.0,32,1.0,64,0.6037735849056604,1.0,BOTTOM,11.0,1.0,21.0,0.125,BOTTOM
0,7378876865,23,737886,Absent,32,0,0,0,0,0,0,0,0,0,0,0,0,0,0,0,0,0,0,0,0,0,0,0,0,0,0,0,0,0,0,0,0,1,1,1,1,1,1,1,1,1,1,1,1,1,1,1,1,1,1,1,1,1,1,1,1,1,1,1,1,1,1,1,1,32.0,0,Unicorn_Absent,-1,-1.0,3,Unicorn_Absent,679,32.0,32,1.0,64,0.0,1.0,BOTTOM,32.0,1.0,0.0,0.0,BOTTOM
0,7378876865,28,737886,Absent,32,0,0,0,0,0,0,0,0,0,0,0,0,0,0,0,0,0,0,0,0,0,0,0,0,0,0,0,0,0,0,0,0,1,1,1,1,1,1,1,1,1,1,1,1,1,1,1,1,1,1,1,1,1,1,1,1,1,1,1,1,1,1,1,1,32.0,0,Unicorn_Absent,-1,-1.0,3,Unicorn_Absent,839,32.0,32,1.0,64,0.0,1.0,BOTTOM,32.0,1.0,0.0,0.0,BOTTOM
0,7378876865,29,737886,Absent,32,0,0,0,0,0,0,0,0,0,0,0,0,0,0,0,0,0,0,0,0,0,0,0,0,0,0,0,0,0,0,0,0,1,1,1,1,1,1,1,1,1,1,1,1,1,1,1,1,1,1,1,1,1,1,1,1,1,1,1,1,1,1,1,1,32.0,0,Unicorn_Absent,-1,-1.0,3,Unicorn_Absent,871,32.0,32,1.0,64,0.0,1.0,BOTTOM,32.0,1.0,0.0,0.0,BOTTOM
0,7378876865,32,737886,Absent,32,0,0,0,0,0,0,0,0,0,0,0,0,0,0,0,0,0,0,0,0,0,0,0,0,0,0,0,0,0,0,0,0,1,1,1,1,1,1,1,1,1,1,1,1,1,1,1,1,1,1,1,1,1,1,1,1,1,1,1,1,1,1,1,1,32.0,0,Unicorn_Absent,-1,-1.0,3,Unicorn_Absent,967,32.0,32,1.0,64,0.0,1.0,BOTTOM,32.0,1.0,0.0,0.0,BOTTOM
0,7378876865,33,737886,Absent,32,0,0,0,0,0,0,0,0,0,0,0,0,0,0,0,0,0,0,0,0,0,0,0,0,0,0,0,0,0,0,0,0,1,1,1,1,1,1,1,1,1,1,1,1,1,1,1,1,1,1,1,1,1,1,1,1,1,1,1,1,1,1,1,1,32.0,0,Unicorn_Absent,-1,-1.0,3,Unicorn_Absent,999,32.0,32,1.0,64,0.0,1.0,BOTTOM,32.0,1.0,0.0,0.0,BOTTOM
0,7378876865,38,737886,Absent,29,0,1,0,1,1,1,0,0,0,1,0,1,1,0,0,0,0,1,1,0,0,0,0,1,1,0,0,0,1,0,1,0,0,0,1,1,0,0,0,1,1,0,0,0,1,1,1,0,0,1,1,0,0,1,1,1,1,0,1,1,0,0,0,1,18.0,14,Unicorn_Absent,-1,-1.0,0,Unicorn_Absent,1115,31.0,29,0.35555555555555557,47,0.135969868173258,0.515625,RS,5.0,0.03125,27.0,0.5084745762711864,RS
0,7378876865,44,737886,Absent,64,1,1,1,1,1,1,1,1,1,1,1,1,1,1,1,1,1,1,1,1,1,1,1,1,1,1,1,1,1,1,1,1,1,1,1,1,1,1,1,1,1,1,1,1,1,1,1,1,1,1,1,1,1,1,1,1,1,1,1,1,1,1,1,1,0.0,32,Unicorn_Absent,-1,-1.0,1,Unicorn_Absent,1121,16.0,64,0.328125,64,0.671875,0.5,ALL,20.0,0.4375,12.0,0.041666666666666664,OUT
0,7378876865,45,737886,Absent,28,1,1,1,1,1,1,1,1,1,0,0,0,0,0,0,1,1,0,0,0,0,0,0,1,1,0,0,0,0,0,0,1,1,0,0,0,0,0,0,1,1,0,0,0,0,0,0,1,1,0,0,0,0,0,0,1,1,1,1,1,1,1,1,1,16.0,16,Unicorn_Absent,-1,-1.0,8,Unicorn_Absent,1137,26.0,28,0.4375,47,0.09749999999999998,0.484375,OUT,0.0,1.0,32.0,0.671875,OUT
0,7378876865,48,737886,Absent,28,1,1,1,1,1,1,1,1,1,0,0,0,0,0,0,1,1,0,0,0,0,0,0,1,1,0,0,0,0,0,0,1,1,0,0,0,0,0,0,1,1,0,0,0,0,0,0,1,1,0,0,0,0,0,0,1,1,1,1,1,1,1,1,1,18.0,14,Unicorn_Absent,-1,-1.0,8,Unicorn_Absent,1203,18.0,28,1.0,46,0.8378378378378378,0.5,OUT,26.0,1.0,6.0,0.8780487804878049,OUT
0,7378876865,52,737886,Absent,32,1,1,1,1,1,1,1,1,1,1,1,1,1,1,1,1,1,1,1,1,1,1,1,1,1,1,1,1,1,1,1,1,0,0,0,0,0,0,0,0,0,0,0,0,0,0,0,0,0,0,0,0,0,0,0,0,0,0,0,0,0,0,0,0,32.0,0,Unicorn_Absent,-1,-1.0,4,Unicorn_Absent,1210,32.0,32,0.30434782608695654,32,0.30434782608695654,0.5,TOP,18.0,1.0,14.0,0.0,TOP
0,7378876865,58,737886,Absent,32,0,0,0,0,1,1,1,1,0,0,0,0,1,1,1,1,0,0,0,0,1,1,1,1,0,0,0,0,1,1,1,1,0,0,0,0,1,1,1,1,0,0,0,0,1,1,1,1,0,0,0,0,1,1,1,1,0,0,0,0,1,1,1,1,32.0,0,Unicorn_Absent,-1,-1.0,6,Unicorn_Absent,1296,32.0,32,0.4117647058823529,64,0.20246238030095756,1.0,RIGHT,22.0,1.0,10.0,0.3584905660377358,RIGHT
0,7378876865,59,737886,Absent,32,0,0,0,0,1,1,1,1,0,0,0,0,1,1,1,1,0,0,0,0,1,1,1,1,0,0,0,0,1,1,1,1,0,0,0,0,1,1,1,1,0,0,0,0,1,1,1,1,0,0,0,0,1,1,1,1,0,0,0,0,1,1,1,1,32.0,0,Unicorn_Absent,-1,-1.0,6,Unicorn_Absent,1328,32.0,32,1.0,64,0.0,1.0,RIGHT,32.0,1.0,0.0,0.20246238030095756,RIGHT
0,7378876865,3,768655,Absent,36,0,0,0,0,0,0,0,0,0,1,1,1,1,1,1,0,0,1,1,1,1,1,1,0,0,1,1,1,1,1,1,0,0,1,1,1,1,1,1,0,0,1,1,1,1,1,1,0,0,1,1,1,1,1,1,0,0,0,0,0,0,0,0,0,-4.0,36,Unicorn_Absent,-1,-1.0,7,Unicorn_Absent,60,11.0,36,,64,,0.4375,IN,,0.625,,,RS
0,7378876865,4,768655,Absent,42,1,0,0,1,0,1,1,0,0,1,1,1,1,1,0,1,0,1,1,1,1,1,1,0,1,0,1,1,1,1,0,0,0,1,1,1,1,1,1,0,0,1,1,1,1,0,1,1,0,1,1,1,1,0,0,1,0,0,1,1,1,0,0,1,11.0,21,Unicorn_Absent,-1,-1.0,0,Unicorn_Absent,71,32.0,42,0.625,53,0.125,0.5,RS,-4.0,0.39622641509433965,36.0,,TOP
0,7378876865,5,768655,Absent,32,1,1,1,1,1,1,1,1,1,1,1,1,1,1,1,1,1,1,1,1,1,1,1,1,1,1,1,1,1,1,1,1,0,0,0,0,0,0,0,0,0,0,0,0,0,0,0,0,0,0,0,0,0,0,0,0,0,0,0,0,0,0,0,0,32.0,0,Unicorn_Absent,-1,-1.0,4,Unicorn_Absent,103,32.0,32,0.39622641509433965,64,0.6037735849056604,1.0,TOP,11.0,1.0,21.0,0.125,TOP
0,7378876865,23,768655,Absent,32,1,1,1,1,1,1,1,1,1,1,1,1,1,1,1,1,1,1,1,1,1,1,1,1,1,1,1,1,1,1,1,1,0,0,0,0,0,0,0,0,0,0,0,0,0,0,0,0,0,0,0,0,0,0,0,0,0,0,0,0,0,0,0,0,32.0,0,Unicorn_Absent,-1,-1.0,4,Unicorn_Absent,679,32.0,32,1.0,64,0.0,1.0,TOP,32.0,1.0,0.0,0.0,TOP
0,7378876865,28,768655,Absent,32,1,1,1,1,1,1,1,1,1,1,1,1,1,1,1,1,1,1,1,1,1,1,1,1,1,1,1,1,1,1,1,1,0,0,0,0,0,0,0,0,0,0,0,0,0,0,0,0,0,0,0,0,0,0,0,0,0,0,0,0,0,0,0,0,32.0,0,Unicorn_Absent,-1,-1.0,4,Unicorn_Absent,839,32.0,32,1.0,64,0.0,1.0,TOP,32.0,1.0,0.0,0.0,TOP
0,7378876865,29,768655,Absent,32,1,1,1,1,1,1,1,1,1,1,1,1,1,1,1,1,1,1,1,1,1,1,1,1,1,1,1,1,1,1,1,1,0,0,0,0,0,0,0,0,0,0,0,0,0,0,0,0,0,0,0,0,0,0,0,0,0,0,0,0,0,0,0,0,32.0,0,Unicorn_Absent,-1,-1.0,4,Unicorn_Absent,871,32.0,32,1.0,64,0.0,1.0,TOP,32.0,1.0,0.0,0.0,TOP
0,7378876865,32,768655,Absent,32,1,1,1,1,1,1,1,1,1,1,1,1,1,1,1,1,1,1,1,1,1,1,1,1,1,1,1,1,1,1,1,1,0,0,0,0,0,0,0,0,0,0,0,0,0,0,0,0,0,0,0,0,0,0,0,0,0,0,0,0,0,0,0,0,32.0,0,Unicorn_Absent,-1,-1.0,4,Unicorn_Absent,967,32.0,32,1.0,64,0.0,1.0,TOP,32.0,1.0,0.0,0.0,TOP
0,7378876865,33,768655,Absent,32,1,1,1,1,1,1,1,1,1,1,1,1,1,1,1,1,1,1,1,1,1,1,1,1,1,1,1,1,1,1,1,1,0,0,0,0,0,0,0,0,0,0,0,0,0,0,0,0,0,0,0,0,0,0,0,0,0,0,0,0,0,0,0,0,32.0,0,Unicorn_Absent,-1,-1.0,4,Unicorn_Absent,999,32.0,32,1.0,64,0.0,1.0,TOP,32.0,1.0,0.0,0.0,TOP
0,7378876865,38,768655,Absent,32,0,0,0,0,1,1,1,1,0,0,0,0,1,1,1,1,0,0,0,0,1,1,1,1,0,0,0,0,1,1,1,1,0,0,0,0,1,1,1,1,0,0,0,0,1,1,1,1,0,0,0,0,1,1,1,1,0,0,0,0,1,1,1,1,18.0,14,Unicorn_Absent,-1,-1.0,6,Unicorn_Absent,1115,31.0,32,0.4915254237288136,47,0.135969868173258,0.515625,RIGHT,5.0,1.0,27.0,0.5084745762711864,RIGHT
0,7378876865,44,768655,Absent,32,1,1,1,1,0,0,0,0,1,1,1,1,0,0,0,0,1,1,1,1,0,0,0,0,1,1,1,1,0,0,0,0,1,1,1,1,0,0,0,0,1,1,1,1,0,0,0,0,1,1,1,1,0,0,0,0,1,1,1,1,0,0,0,0,0.0,32,Unicorn_Absent,-1,-1.0,5,Unicorn_Absent,1121,16.0,32,1.0,64,0.671875,0.5,LEFT,20.0,0.34,12.0,0.041666666666666664,RS
0,7378876865,45,768655,Absent,35,1,0,0,0,1,0,0,1,1,1,0,1,1,1,1,1,1,1,1,1,0,0,0,1,0,0,0,1,1,1,0,1,1,0,1,0,0,0,1,1,1,1,1,0,1,0,1,0,1,0,0,0,1,0,1,0,0,1,1,0,1,1,0,0,16.0,16,Unicorn_Absent,-1,-1.0,0,Unicorn_Absent,1137,26.0,35,0.34,47,0.09749999999999998,0.484375,RS,0.0,0.12195121951219512,32.0,0.671875,RS
0,7378876865,48,768655,Absent,32,0,0,0,0,1,1,1,1,0,0,0,0,1,1,1,1,0,0,0,0,1,1,1,1,0,0,0,0,1,1,1,1,0,0,0,0,1,1,1,1,0,0,0,0,1,1,1,1,0,0,0,0,1,1,1,1,0,0,0,0,1,1,1,1,18.0,14,Unicorn_Absent,-1,-1.0,6,Unicorn_Absent,1203,18.0,32,0.16216216216216217,46,0.8378378378378378,0.5,RIGHT,26.0,1.0,6.0,0.8780487804878049,RIGHT
0,7378876865,52,768655,Absent,0,0,0,0,0,0,0,0,0,0,0,0,0,0,0,0,0,0,0,0,0,0,0,0,0,0,0,0,0,0,0,0,0,0,0,0,0,0,0,0,0,0,0,0,0,0,0,0,0,0,0,0,0,0,0,0,0,0,0,0,0,0,0,0,0,32.0,0,Unicorn_Absent,-1,-1.0,2,Unicorn_Absent,1210,32.0,0,0.0,32,0.30434782608695654,0.5,NOTHING,18.0,1.0,14.0,0.0,NOTHING
0,7378876865,58,768655,Absent,32,1,1,1,1,0,0,0,0,1,1,1,1,0,0,0,0,1,1,1,1,0,0,0,0,1,1,1,1,0,0,0,0,1,1,1,1,0,0,0,0,1,1,1,1,0,0,0,0,1,1,1,1,0,0,0,0,1,1,1,1,0,0,0,0,32.0,0,Unicorn_Absent,-1,-1.0,5,Unicorn_Absent,1296,32.0,32,0.20930232558139536,64,0.20246238030095756,1.0,LEFT,22.0,1.0,10.0,0.3584905660377358,LEFT
0,7378876865,59,768655,Absent,32,1,1,1,1,0,0,0,0,1,1,1,1,0,0,0,0,1,1,1,1,0,0,0,0,1,1,1,1,0,0,0,0,1,1,1,1,0,0,0,0,1,1,1,1,0,0,0,0,1,1,1,1,0,0,0,0,1,1,1,1,0,0,0,0,32.0,0,Unicorn_Absent,-1,-1.0,5,Unicorn_Absent,1328,32.0,32,1.0,64,0.0,1.0,LEFT,32.0,1.0,0.0,0.20246238030095756,LEFT
0,7492594653,1,749257,Absent,11,0,0,0,0,0,1,0,0,0,0,1,1,0,0,0,1,1,0,1,1,0,0,0,0,0,0,0,0,0,1,0,0,0,0,0,0,0,0,0,0,0,0,1,1,0,0,1,0,0,0,0,0,0,0,0,0,0,0,0,0,0,0,0,0,27.0,5,Unicorn_Absent,-1,-1.0,0,Unicorn_Absent,27,13.0,11,,27,,0.34375,RS,,0.18604651162790697,,,RS
0,7492594653,2,749257,Absent,40,1,1,0,0,0,1,1,1,1,1,0,0,1,1,1,1,1,1,1,1,1,0,0,0,1,1,0,1,0,1,1,0,0,0,0,1,1,1,0,0,1,1,0,1,1,1,1,1,1,1,0,1,0,0,0,1,1,1,1,0,0,1,0,1,13.0,19,Unicorn_Absent,-1,-1.0,0,Unicorn_Absent,40,22.0,40,0.18604651162790697,53,0.00826873385012919,0.53125,RS,27.0,0.44680851063829785,5.0,,RS
0,7492594653,5,749257,Absent,38,1,1,0,0,1,1,1,1,1,1,1,1,1,1,1,1,0,0,0,0,0,1,0,1,1,1,1,0,0,1,0,1,1,1,1,1,0,1,0,0,1,0,0,1,0,1,1,0,1,1,0,0,1,0,1,1,0,0,0,1,0,1,0,1,15.0,17,Unicorn_Absent,-1,-1.0,0,Unicorn_Absent,99,16.0,38,0.3469387755102041,53,0.653061224489796,0.5625,RS,22.0,0.34615384615384615,10.0,0.5531914893617021,LEFT
0,7492594653,6,749257,Absent,32,1,1,1,1,0,0,0,0,1,1,1,1,0,0,0,0,1,1,1,1,0,0,0,0,1,1,1,1,0,0,0,0,1,1,1,1,0,0,0,0,1,1,1,1,0,0,0,0,1,1,1,1,0,0,0,0,1,1,1,1,0,0,0,0,16.0,16,Unicorn_Absent,-1,-1.0,5,Unicorn_Absent,115,16.0,32,0.34615384615384615,48,0.6538461538461539,0.5,LEFT,15.0,1.0,17.0,0.653061224489796,LEFT
0,7492594653,12,749257,Absent,32,1,1,1,1,0,0,0,0,1,1,1,1,0,0,0,0,1,1,1,1,0,0,0,0,1,1,1,1,0,0,0,0,1,1,1,1,0,0,0,0,1,1,1,1,0,0,0,0,1,1,1,1,0,0,0,0,1,1,1,1,0,0,0,0,16.0,16,Unicorn_Absent,-1,-1.0,5,Unicorn_Absent,269,16.0,32,1.0,48,0.0,0.5,LEFT,16.0,1.0,16.0,0.0,LEFT
0,7492594653,13,749257,Absent,32,1,1,1,1,0,0,0,0,1,1,1,1,0,0,0,0,1,1,1,1,0,0,0,0,1,1,1,1,0,0,0,0,1,1,1,1,0,0,0,0,1,1,1,1,0,0,0,0,1,1,1,1,0,0,0,0,1,1,1,1,0,0,0,0,16.0,16,Unicorn_Absent,-1,-1.0,5,Unicorn_Absent,285,16.0,32,1.0,48,0.0,0.5,LEFT,16.0,1.0,16.0,0.0,LEFT
0,7492594653,14,749257,Absent,32,1,1,1,1,0,0,0,0,1,1,1,1,0,0,0,0,1,1,1,1,0,0,0,0,1,1,1,1,0,0,0,0,1,1,1,1,0,0,0,0,1,1,1,1,0,0,0,0,1,1,1,1,0,0,0,0,1,1,1,1,0,0,0,0,16.0,16,Unicorn_Absent,-1,-1.0,5,Unicorn_Absent,301,16.0,32,1.0,48,0.0,0.5,LEFT,16.0,1.0,16.0,0.0,LEFT
0,7492594653,15,749257,Absent,32,1,1,1,1,0,0,0,0,1,1,1,1,0,0,0,0,1,1,1,1,0,0,0,0,1,1,1,1,0,0,0,0,1,1,1,1,0,0,0,0,1,1,1,1,0,0,0,0,1,1,1,1,0,0,0,0,1,1,1,1,0,0,0,0,16.0,16,Unicorn_Absent,-1,-1.0,5,Unicorn_Absent,317,16.0,32,1.0,48,0.0,0.5,LEFT,16.0,1.0,16.0,0.0,LEFT
0,7492594653,23,749257,Absent,32,1,1,1,1,0,0,0,0,1,1,1,1,0,0,0,0,1,1,1,1,0,0,0,0,1,1,1,1,0,0,0,0,1,1,1,1,0,0,0,0,1,1,1,1,0,0,0,0,1,1,1,1,0,0,0,0,1,1,1,1,0,0,0,0,16.0,16,Unicorn_Absent,-1,-1.0,5,Unicorn_Absent,509,16.0,32,1.0,48,0.0,0.5,LEFT,16.0,1.0,16.0,0.0,LEFT
0,7492594653,27,749257,Absent,64,1,1,1,1,1,1,1,1,1,1,1,1,1,1,1,1,1,1,1,1,1,1,1,1,1,1,1,1,1,1,1,1,1,1,1,1,1,1,1,1,1,1,1,1,1,1,1,1,1,1,1,1,1,1,1,1,1,1,1,1,1,1,1,1,32.0,0,Unicorn_Absent,-1,-1.0,1,Unicorn_Absent,509,32.0,64,0.5,64,0.5,1.0,ALL,16.0,1.0,16.0,0.0,ALL
0,7492594653,33,749257,Absent,64,1,1,1,1,1,1,1,1,1,1,1,1,1,1,1,1,1,1,1,1,1,1,1,1,1,1,1,1,1,1,1,1,1,1,1,1,1,1,1,1,1,1,1,1,1,1,1,1,1,1,1,1,1,1,1,1,1,1,1,1,1,1,1,1,32.0,0,Unicorn_Absent,-1,-1.0,1,Unicorn_Absent,701,32.0,64,1.0,64,0.0,1.0,ALL,32.0,1.0,0.0,0.0,ALL
0,7492594653,34,749257,Absent,64,1,1,1,1,1,1,1,1,1,1,1,1,1,1,1,1,1,1,1,1,1,1,1,1,1,1,1,1,1,1,1,1,1,1,1,1,1,1,1,1,1,1,1,1,1,1,1,1,1,1,1,1,1,1,1,1,1,1,1,1,1,1,1,1,32.0,0,Unicorn_Absent,-1,-1.0,1,Unicorn_Absent,733,32.0,64,1.0,64,0.0,1.0,ALL,32.0,1.0,0.0,0.0,ALL
0,7492594653,40,749257,Absent,35,0,0,1,0,1,0,0,0,1,1,0,1,1,1,1,1,1,1,0,0,0,1,0,0,1,1,1,0,0,1,1,1,1,0,1,0,1,0,1,0,0,0,1,0,0,0,1,0,0,1,1,0,0,1,1,1,1,0,1,1,1,1,1,0,16.0,16,Unicorn_Absent,-1,-1.0,0,Unicorn_Absent,813,32.0,35,0.4444444444444444,47,0.4444444444444444,0.484375,RS,32.0,0.0,0.0,0.328125,NOTHING
0,7492594653,41,749257,Absent,0,0,0,0,0,0,0,0,0,0,0,0,0,0,0,0,0,0,0,0,0,0,0,0,0,0,0,0,0,0,0,0,0,0,0,0,0,0,0,0,0,0,0,0,0,0,0,0,0,0,0,0,0,0,0,0,0,0,0,0,0,0,0,0,0,32.0,0,Unicorn_Absent,-1,-1.0,2,Unicorn_Absent,845,32.0,0,0.0,32,0.4634146341463415,0.5,NOTHING,16.0,1.0,16.0,0.4444444444444444,NOTHING
0,7492594653,50,749257,Absent,32,0,0,0,0,1,1,1,1,0,0,0,0,1,1,1,1,0,0,0,0,1,1,1,1,0,0,0,0,1,1,1,1,0,0,0,0,1,1,1,1,0,0,0,0,1,1,1,1,0,0,0,0,1,1,1,1,0,0,0,0,1,1,1,1,16.0,16,Unicorn_Absent,-1,-1.0,6,Unicorn_Absent,974,16.0,32,1.0,48,0.0,0.5,RIGHT,16.0,1.0,16.0,0.5098039215686274,RIGHT
0,7492594653,56,749257,Absent,62,1,1,1,1,1,1,1,1,1,1,1,1,1,1,1,1,1,1,1,1,1,1,1,1,1,1,1,1,1,1,1,1,1,1,1,1,1,1,0,1,1,1,1,1,1,1,1,1,1,1,1,1,1,1,1,1,1,0,1,1,1,1,1,1,-3.0,35,Unicorn_Absent,-1,-1.0,0,Unicorn_Absent,942,21.0,62,0.49206349206349204,63,0.07043650793650796,0.4375,RS,0.0,0.78125,32.0,0.5,RS
0,7492594653,1,946533,Absent,21,0,0,0,1,0,0,0,0,0,0,1,1,1,1,1,1,0,1,0,0,1,1,0,0,0,1,0,0,0,0,1,1,1,0,1,0,1,0,0,0,0,0,0,1,0,0,1,0,0,0,1,1,0,0,0,0,0,0,0,1,0,0,0,0,27.0,5,Unicorn_Absent,-1,-1.0,0,Unicorn_Absent,27,13.0,21,,27,,0.34375,RS,,0.17777777777777778,,,BOTTOM
0,7492594653,2,946533,Absent,32,0,0,0,0,0,0,0,0,0,0,0,0,0,0,0,0,0,0,0,0,0,0,0,0,0,0,0,0,0,0,0,0,1,1,1,1,1,1,1,1,1,1,1,1,1,1,1,1,1,1,1,1,1,1,1,1,1,1,1,1,1,1,1,1,13.0,19,Unicorn_Absent,-1,-1.0,3,Unicorn_Absent,40,22.0,32,0.17777777777777778,53,0.00826873385012919,0.53125,BOTTOM,27.0,1.0,5.0,,BOTTOM
0,7492594653,5,946533,Absent,32,0,0,0,0,0,0,0,0,0,0,0,0,0,0,0,0,0,0,0,0,0,0,0,0,0,0,0,0,0,0,0,0,1,1,1,1,1,1,1,1,1,1,1,1,1,1,1,1,1,1,1,1,1,1,1,1,1,1,1,1,1,1,1,1,15.0,17,Unicorn_Absent,-1,-1.0,3,Unicorn_Absent,99,16.0,32,1.0,53,0.653061224489796,0.5625,BOTTOM,22.0,1.0,10.0,0.5531914893617021,BOTTOM
0,7492594653,6,946533,Absent,32,0,0,0,0,0,0,0,0,0,0,0,0,0,0,0,0,0,0,0,0,0,0,0,0,0,0,0,0,0,0,0,0,1,1,1,1,1,1,1,1,1,1,1,1,1,1,1,1,1,1,1,1,1,1,1,1,1,1,1,1,1,1,1,1,16.0,16,Unicorn_Absent,-1,-1.0,3,Unicorn_Absent,115,16.0,32,1.0,48,0.6538461538461539,0.5,BOTTOM,15.0,1.0,17.0,0.653061224489796,BOTTOM
0,7492594653,12,946533,Absent,32,0,0,0,0,0,0,0,0,0,0,0,0,0,0,0,0,0,0,0,0,0,0,0,0,0,0,0,0,0,0,0,0,1,1,1,1,1,1,1,1,1,1,1,1,1,1,1,1,1,1,1,1,1,1,1,1,1,1,1,1,1,1,1,1,16.0,16,Unicorn_Absent,-1,-1.0,3,Unicorn_Absent,269,16.0,32,1.0,48,0.0,0.5,BOTTOM,16.0,1.0,16.0,0.0,BOTTOM
0,7492594653,13,946533,Absent,32,0,0,0,0,0,0,0,0,0,0,0,0,0,0,0,0,0,0,0,0,0,0,0,0,0,0,0,0,0,0,0,0,1,1,1,1,1,1,1,1,1,1,1,1,1,1,1,1,1,1,1,1,1,1,1,1,1,1,1,1,1,1,1,1,16.0,16,Unicorn_Absent,-1,-1.0,3,Unicorn_Absent,285,16.0,32,1.0,48,0.0,0.5,BOTTOM,16.0,1.0,16.0,0.0,BOTTOM
0,7492594653,14,946533,Absent,32,0,0,0,0,0,0,0,0,0,0,0,0,0,0,0,0,0,0,0,0,0,0,0,0,0,0,0,0,0,0,0,0,1,1,1,1,1,1,1,1,1,1,1,1,1,1,1,1,1,1,1,1,1,1,1,1,1,1,1,1,1,1,1,1,16.0,16,Unicorn_Absent,-1,-1.0,3,Unicorn_Absent,301,16.0,32,1.0,48,0.0,0.5,BOTTOM,16.0,1.0,16.0,0.0,BOTTOM
0,7492594653,15,946533,Absent,32,0,0,0,0,0,0,0,0,0,0,0,0,0,0,0,0,0,0,0,0,0,0,0,0,0,0,0,0,0,0,0,0,1,1,1,1,1,1,1,1,1,1,1,1,1,1,1,1,1,1,1,1,1,1,1,1,1,1,1,1,1,1,1,1,16.0,16,Unicorn_Absent,-1,-1.0,3,Unicorn_Absent,317,16.0,32,1.0,48,0.0,0.5,BOTTOM,16.0,1.0,16.0,0.0,BOTTOM
0,7492594653,23,946533,Absent,32,0,0,0,0,0,0,0,0,0,0,0,0,0,0,0,0,0,0,0,0,0,0,0,0,0,0,0,0,0,0,0,0,1,1,1,1,1,1,1,1,1,1,1,1,1,1,1,1,1,1,1,1,1,1,1,1,1,1,1,1,1,1,1,1,16.0,16,Unicorn_Absent,-1,-1.0,3,Unicorn_Absent,509,16.0,32,1.0,48,0.0,0.5,BOTTOM,16.0,1.0,16.0,0.0,BOTTOM
0,7492594653,27,946533,Absent,0,0,0,0,0,0,0,0,0,0,0,0,0,0,0,0,0,0,0,0,0,0,0,0,0,0,0,0,0,0,0,0,0,0,0,0,0,0,0,0,0,0,0,0,0,0,0,0,0,0,0,0,0,0,0,0,0,0,0,0,0,0,0,0,0,32.0,0,Unicorn_Absent,-1,-1.0,2,Unicorn_Absent,509,32.0,0,0.0,64,0.5,1.0,NOTHING,16.0,1.0,16.0,0.0,NOTHING
0,7492594653,33,946533,Absent,0,0,0,0,0,0,0,0,0,0,0,0,0,0,0,0,0,0,0,0,0,0,0,0,0,0,0,0,0,0,0,0,0,0,0,0,0,0,0,0,0,0,0,0,0,0,0,0,0,0,0,0,0,0,0,0,0,0,0,0,0,0,0,0,0,32.0,0,Unicorn_Absent,-1,-1.0,2,Unicorn_Absent,701,32.0,0,1.0,64,0.0,1.0,NOTHING,32.0,1.0,0.0,0.0,NOTHING
0,7492594653,34,946533,Absent,0,0,0,0,0,0,0,0,0,0,0,0,0,0,0,0,0,0,0,0,0,0,0,0,0,0,0,0,0,0,0,0,0,0,0,0,0,0,0,0,0,0,0,0,0,0,0,0,0,0,0,0,0,0,0,0,0,0,0,0,0,0,0,0,0,32.0,0,Unicorn_Absent,-1,-1.0,2,Unicorn_Absent,733,32.0,0,1.0,64,0.0,1.0,NOTHING,32.0,1.0,0.0,0.0,NOTHING
0,7492594653,40,946533,Absent,28,0,0,1,0,1,1,1,0,1,1,0,0,1,1,1,0,0,0,0,0,1,1,1,0,0,0,0,1,0,1,0,1,0,1,0,0,0,0,0,1,0,1,0,1,1,0,0,1,0,0,1,0,1,1,0,0,1,0,0,0,1,1,1,0,16.0,16,Unicorn_Absent,-1,-1.0,0,Unicorn_Absent,813,32.0,28,0.0,47,0.4444444444444444,0.484375,RS,32.0,0.4634146341463415,0.0,0.328125,RIGHT
0,7492594653,41,946533,Absent,32,0,0,0,0,1,1,1,1,0,0,0,0,1,1,1,1,0,0,0,0,1,1,1,1,0,0,0,0,1,1,1,1,0,0,0,0,1,1,1,1,0,0,0,0,1,1,1,1,0,0,0,0,1,1,1,1,0,0,0,0,1,1,1,1,32.0,0,Unicorn_Absent,-1,-1.0,6,Unicorn_Absent,845,32.0,32,0.4634146341463415,32,0.4634146341463415,0.5,RIGHT,16.0,1.0,16.0,0.4444444444444444,RIGHT
0,7492594653,50,946533,Absent,32,1,1,1,1,1,1,1,1,1,1,1,1,1,1,1,1,1,1,1,1,1,1,1,1,1,1,1,1,1,1,1,1,0,0,0,0,0,0,0,0,0,0,0,0,0,0,0,0,0,0,0,0,0,0,0,0,0,0,0,0,0,0,0,0,16.0,16,Unicorn_Absent,-1,-1.0,4,Unicorn_Absent,974,16.0,32,1.0,48,0.0,0.5,TOP,16.0,1.0,16.0,0.5098039215686274,TOP
0,7492594653,56,946533,Absent,36,0,0,0,0,0,0,0,0,0,1,1,1,1,1,1,0,0,1,1,1,1,1,1,0,0,1,1,1,1,1,1,0,0,1,1,1,1,1,1,0,0,1,1,1,1,1,1,0,0,1,1,1,1,1,1,0,0,0,0,0,0,0,0,0,-3.0,35,Unicorn_Absent,-1,-1.0,7,Unicorn_Absent,942,21.0,36,0.5625,63,0.07043650793650796,0.4375,IN,0.0,0.13953488372093023,32.0,0.5,RS
0,8197962180,8,621807,Absent,41,1,0,1,1,0,1,1,1,0,0,1,1,0,1,1,0,1,1,0,1,0,1,1,0,0,0,0,0,1,1,1,0,0,1,1,0,1,0,1,1,1,0,1,1,0,1,1,1,0,1,1,1,1,0,1,1,0,1,1,1,1,0,1,1,32.0,0,Unicorn_Absent,-1,-1.0,0,Unicorn_Absent,-68,32.0,41,0.0,41,0.0,0.640625,RS,32.0,0.18181818181818182,0.0,0.2222222222222222,RS
0,8197962180,15,621807,Absent,64,1,1,1,1,1,1,1,1,1,1,1,1,1,1,1,1,1,1,1,1,1,1,1,1,1,1,1,1,1,1,1,1,1,1,1,1,1,1,1,1,1,1,1,1,1,1,1,1,1,1,1,1,1,1,1,1,1,1,1,1,1,1,1,1,-7.0,39,Unicorn_Absent,-1,-1.0,1,Unicorn_Absent,-51,0.0,64,0.9375,64,0.6226851851851851,0.390625,ALL,2.0,0.5,30.0,0.16393442622950818,BOTTOM
0,8197962180,19,621807,Absent,0,0,0,0,0,0,0,0,0,0,0,0,0,0,0,0,0,0,0,0,0,0,0,0,0,0,0,0,0,0,0,0,0,0,0,0,0,0,0,0,0,0,0,0,0,0,0,0,0,0,0,0,0,0,0,0,0,0,0,0,0,0,0,0,0,32.0,0,Unicorn_Absent,-1,-1.0,2,Unicorn_Absent,-73,32.0,0,0.0,0,0.0,0.0,NOTHING,0.0,1.0,32.0,0.18518518518518517,NOTHING
0,8197962180,20,621807,Absent,0,0,0,0,0,0,0,0,0,0,0,0,0,0,0,0,0,0,0,0,0,0,0,0,0,0,0,0,0,0,0,0,0,0,0,0,0,0,0,0,0,0,0,0,0,0,0,0,0,0,0,0,0,0,0,0,0,0,0,0,0,0,0,0,0,32.0,0,Unicorn_Absent,-1,-1.0,2,Unicorn_Absent,-41,32.0,0,1.0,32,1.0,0.5,NOTHING,32.0,1.0,0.0,0.0,NOTHING
0,8197962180,27,621807,Absent,0,0,0,0,0,0,0,0,0,0,0,0,0,0,0,0,0,0,0,0,0,0,0,0,0,0,0,0,0,0,0,0,0,0,0,0,0,0,0,0,0,0,0,0,0,0,0,0,0,0,0,0,0,0,0,0,0,0,0,0,0,0,0,0,0,32.0,0,Unicorn_Absent,-1,-1.0,2,Unicorn_Absent,-28,32.0,0,0.0,32,0.2978723404255319,0.5,NOTHING,20.0,1.0,12.0,0.4523809523809524,NOTHING
0,8197962180,36,621807,Absent,32,0,0,0,0,1,1,1,1,0,0,0,0,1,1,1,1,0,0,0,0,1,1,1,1,0,0,0,0,1,1,1,1,0,0,0,0,1,1,1,1,0,0,0,0,1,1,1,1,0,0,0,0,1,1,1,1,0,0,0,0,1,1,1,1,14.0,18,Unicorn_Absent,-1,-1.0,6,Unicorn_Absent,79,14.0,32,1.0,50,0.0,0.5,RIGHT,14.0,1.0,18.0,0.6666666666666667,RIGHT
0,8197962180,37,621807,Absent,32,0,0,0,0,1,1,1,1,0,0,0,0,1,1,1,1,0,0,0,0,1,1,1,1,0,0,0,0,1,1,1,1,0,0,0,0,1,1,1,1,0,0,0,0,1,1,1,1,0,0,0,0,1,1,1,1,0,0,0,0,1,1,1,1,14.0,18,Unicorn_Absent,-1,-1.0,6,Unicorn_Absent,93,14.0,32,1.0,50,0.0,0.5,RIGHT,14.0,1.0,18.0,0.0,RIGHT
0,8197962180,40,621807,Absent,32,0,0,0,0,1,1,1,1,0,0,0,0,1,1,1,1,0,0,0,0,1,1,1,1,0,0,0,0,1,1,1,1,0,0,0,0,1,1,1,1,0,0,0,0,1,1,1,1,0,0,0,0,1,1,1,1,0,0,0,0,1,1,1,1,14.0,18,Unicorn_Absent,-1,-1.0,6,Unicorn_Absent,147,14.0,32,1.0,50,0.0,0.5,RIGHT,14.0,1.0,18.0,0.0,RIGHT
0,8197962180,41,621807,Absent,32,0,0,0,0,1,1,1,1,0,0,0,0,1,1,1,1,0,0,0,0,1,1,1,1,0,0,0,0,1,1,1,1,0,0,0,0,1,1,1,1,0,0,0,0,1,1,1,1,0,0,0,0,1,1,1,1,0,0,0,0,1,1,1,1,14.0,18,Unicorn_Absent,-1,-1.0,6,Unicorn_Absent,161,14.0,32,1.0,50,0.0,0.5,RIGHT,14.0,1.0,18.0,0.0,RIGHT
0,8197962180,42,621807,Absent,32,0,0,0,0,1,1,1,1,0,0,0,0,1,1,1,1,0,0,0,0,1,1,1,1,0,0,0,0,1,1,1,1,0,0,0,0,1,1,1,1,0,0,0,0,1,1,1,1,0,0,0,0,1,1,1,1,0,0,0,0,1,1,1,1,14.0,18,Unicorn_Absent,-1,-1.0,6,Unicorn_Absent,175,14.0,32,1.0,50,0.0,0.5,RIGHT,14.0,1.0,18.0,0.0,RIGHT
0,8197962180,46,621807,Absent,7,0,1,0,0,1,0,0,1,0,0,0,1,0,0,0,1,0,0,0,0,0,0,0,1,0,0,0,0,0,0,0,0,0,0,0,0,0,1,0,0,0,0,0,0,0,0,0,0,0,0,0,0,0,0,0,0,0,0,0,0,0,0,0,0,26.0,6,Unicorn_Absent,-1,-1.0,0,Unicorn_Absent,37,11.0,7,0.14705882352941177,33,0.21294117647058822,0.421875,RS,14.0,0.125,18.0,0.0,RS
0,8197962180,49,621807,Absent,64,1,1,1,1,1,1,1,1,1,1,1,1,1,1,1,1,1,1,1,1,1,1,1,1,1,1,1,1,1,1,1,1,1,1,1,1,1,1,1,1,1,1,1,1,1,1,1,1,1,1,1,1,1,1,1,1,1,1,1,1,1,1,1,1,0.0,32,Unicorn_Absent,-1,-1.0,1,Unicorn_Absent,80,6.0,64,0.59375,64,0.40625,0.5,ALL,11.0,0.5,21.0,0.875,RIGHT
0,8197962180,50,621807,Absent,32,0,0,0,0,1,1,1,1,0,0,0,0,1,1,1,1,0,0,0,0,1,1,1,1,0,0,0,0,1,1,1,1,0,0,0,0,1,1,1,1,0,0,0,0,1,1,1,1,0,0,0,0,1,1,1,1,0,0,0,0,1,1,1,1,6.0,26,Unicorn_Absent,-1,-1.0,6,Unicorn_Absent,86,16.0,32,0.5,56,0.009090909090909094,0.46875,RIGHT,0.0,1.0,32.0,0.40625,RIGHT
0,8197962180,51,621807,Absent,32,0,0,0,0,1,1,1,1,0,0,0,0,1,1,1,1,0,0,0,0,1,1,1,1,0,0,0,0,1,1,1,1,0,0,0,0,1,1,1,1,0,0,0,0,1,1,1,1,0,0,0,0,1,1,1,1,0,0,0,0,1,1,1,1,16.0,16,Unicorn_Absent,-1,-1.0,6,Unicorn_Absent,102,16.0,32,1.0,48,0.509090909090909,0.5,RIGHT,6.0,1.0,26.0,0.009090909090909094,RIGHT
0,8197962180,52,621807,Absent,32,0,0,0,0,1,1,1,1,0,0,0,0,1,1,1,1,0,0,0,0,1,1,1,1,0,0,0,0,1,1,1,1,0,0,0,0,1,1,1,1,0,0,0,0,1,1,1,1,0,0,0,0,1,1,1,1,0,0,0,0,1,1,1,1,16.0,16,Unicorn_Absent,-1,-1.0,6,Unicorn_Absent,118,16.0,32,1.0,48,0.0,0.5,RIGHT,16.0,1.0,16.0,0.509090909090909,RIGHT
0,8197962180,8,819793,Absent,0,0,0,0,0,0,0,0,0,0,0,0,0,0,0,0,0,0,0,0,0,0,0,0,0,0,0,0,0,0,0,0,0,0,0,0,0,0,0,0,0,0,0,0,0,0,0,0,0,0,0,0,0,0,0,0,0,0,0,0,0,0,0,0,0,32.0,0,Unicorn_Absent,-1,-1.0,2,Unicorn_Absent,-68,32.0,0,0.0,41,0.0,0.640625,NOTHING,32.0,1.0,0.0,0.2222222222222222,NOTHING
0,8197962180,15,819793,Absent,39,1,1,0,0,1,0,0,1,1,0,1,1,1,0,1,1,0,1,1,0,1,1,0,1,1,1,1,1,0,1,1,1,1,1,1,1,1,0,1,0,0,0,1,1,1,0,0,1,0,0,0,0,1,0,0,1,1,1,0,0,0,1,1,1,-7.0,39,Unicorn_Absent,-1,-1.0,0,Unicorn_Absent,-51,0.0,39,0.3148148148148148,64,0.6226851851851851,0.390625,RS,2.0,0.3148148148148148,30.0,0.16393442622950818,BOTTOM
0,8197962180,19,819793,Absent,0,0,0,0,0,0,0,0,0,0,0,0,0,0,0,0,0,0,0,0,0,0,0,0,0,0,0,0,0,0,0,0,0,0,0,0,0,0,0,0,0,0,0,0,0,0,0,0,0,0,0,0,0,0,0,0,0,0,0,0,0,0,0,0,0,32.0,0,Unicorn_Absent,-1,-1.0,2,Unicorn_Absent,-73,32.0,0,0.0,0,0.0,0.0,NOTHING,0.0,0.0,32.0,0.18518518518518517,RIGHT
0,8197962180,20,819793,Absent,32,0,0,0,0,1,1,1,1,0,0,0,0,1,1,1,1,0,0,0,0,1,1,1,1,0,0,0,0,1,1,1,1,0,0,0,0,1,1,1,1,0,0,0,0,1,1,1,1,0,0,0,0,1,1,1,1,0,0,0,0,1,1,1,1,32.0,0,Unicorn_Absent,-1,-1.0,6,Unicorn_Absent,-41,32.0,32,0.0,32,1.0,0.5,RIGHT,32.0,1.0,0.0,0.0,RIGHT
0,8197962180,27,819793,Absent,32,0,0,0,0,0,0,0,0,0,0,0,0,0,0,0,0,0,0,0,0,0,0,0,0,0,0,0,0,0,0,0,0,1,1,1,1,1,1,1,1,1,1,1,1,1,1,1,1,1,1,1,1,1,1,1,1,1,1,1,1,1,1,1,1,32.0,0,Unicorn_Absent,-1,-1.0,3,Unicorn_Absent,-28,32.0,32,0.2978723404255319,32,0.2978723404255319,0.5,BOTTOM,20.0,1.0,12.0,0.4523809523809524,BOTTOM
0,8197962180,36,819793,Absent,36,0,0,0,0,0,0,0,0,0,1,1,1,1,1,1,0,0,1,1,1,1,1,1,0,0,1,1,1,1,1,1,0,0,1,1,1,1,1,1,0,0,1,1,1,1,1,1,0,0,1,1,1,1,1,1,0,0,0,0,0,0,0,0,0,14.0,18,Unicorn_Absent,-1,-1.0,7,Unicorn_Absent,79,14.0,36,1.0,50,0.0,0.5,IN,14.0,1.0,18.0,0.6666666666666667,IN
0,8197962180,37,819793,Absent,36,0,0,0,0,0,0,0,0,0,1,1,1,1,1,1,0,0,1,1,1,1,1,1,0,0,1,1,1,1,1,1,0,0,1,1,1,1,1,1,0,0,1,1,1,1,1,1,0,0,1,1,1,1,1,1,0,0,0,0,0,0,0,0,0,14.0,18,Unicorn_Absent,-1,-1.0,7,Unicorn_Absent,93,14.0,36,1.0,50,0.0,0.5,IN,14.0,1.0,18.0,0.0,IN
0,8197962180,40,819793,Absent,36,0,0,0,0,0,0,0,0,0,1,1,1,1,1,1,0,0,1,1,1,1,1,1,0,0,1,1,1,1,1,1,0,0,1,1,1,1,1,1,0,0,1,1,1,1,1,1,0,0,1,1,1,1,1,1,0,0,0,0,0,0,0,0,0,14.0,18,Unicorn_Absent,-1,-1.0,7,Unicorn_Absent,147,14.0,36,1.0,50,0.0,0.5,IN,14.0,1.0,18.0,0.0,IN
0,8197962180,41,819793,Absent,36,0,0,0,0,0,0,0,0,0,1,1,1,1,1,1,0,0,1,1,1,1,1,1,0,0,1,1,1,1,1,1,0,0,1,1,1,1,1,1,0,0,1,1,1,1,1,1,0,0,1,1,1,1,1,1,0,0,0,0,0,0,0,0,0,14.0,18,Unicorn_Absent,-1,-1.0,7,Unicorn_Absent,161,14.0,36,1.0,50,0.0,0.5,IN,14.0,1.0,18.0,0.0,IN
0,8197962180,42,819793,Absent,36,0,0,0,0,0,0,0,0,0,1,1,1,1,1,1,0,0,1,1,1,1,1,1,0,0,1,1,1,1,1,1,0,0,1,1,1,1,1,1,0,0,1,1,1,1,1,1,0,0,1,1,1,1,1,1,0,0,0,0,0,0,0,0,0,14.0,18,Unicorn_Absent,-1,-1.0,7,Unicorn_Absent,175,14.0,36,1.0,50,0.0,0.5,IN,14.0,1.0,18.0,0.0,IN
0,8197962180,46,819793,Absent,32,1,1,1,1,1,1,1,1,1,1,1,1,1,1,1,1,1,1,1,1,1,1,1,1,1,1,1,1,1,1,1,1,0,0,0,0,0,0,0,0,0,0,0,0,0,0,0,0,0,0,0,0,0,0,0,0,0,0,0,0,0,0,0,0,26.0,6,Unicorn_Absent,-1,-1.0,4,Unicorn_Absent,37,11.0,32,0.36,33,0.21294117647058822,0.421875,TOP,14.0,1.0,18.0,0.0,TOP
0,8197962180,49,819793,Absent,32,1,1,1,1,1,1,1,1,1,1,1,1,1,1,1,1,1,1,1,1,1,1,1,1,1,1,1,1,1,1,1,1,0,0,0,0,0,0,0,0,0,0,0,0,0,0,0,0,0,0,0,0,0,0,0,0,0,0,0,0,0,0,0,0,0.0,32,Unicorn_Absent,-1,-1.0,4,Unicorn_Absent,80,6.0,32,1.0,64,0.40625,0.5,TOP,11.0,0.4909090909090909,21.0,0.875,RS
0,8197962180,50,819793,Absent,50,1,1,1,1,1,1,1,1,1,1,1,1,0,1,0,1,0,1,0,1,1,1,1,0,1,1,1,1,1,1,1,1,0,1,1,1,1,0,1,1,0,0,1,0,1,1,0,0,0,1,1,1,1,1,1,1,0,1,1,1,1,1,1,1,6.0,26,Unicorn_Absent,-1,-1.0,0,Unicorn_Absent,86,16.0,50,0.4909090909090909,56,0.009090909090909094,0.46875,RS,0.0,0.4909090909090909,32.0,0.40625,TOP
0,8197962180,51,819793,Absent,32,1,1,1,1,1,1,1,1,1,1,1,1,1,1,1,1,1,1,1,1,1,1,1,1,1,1,1,1,1,1,1,1,0,0,0,0,0,0,0,0,0,0,0,0,0,0,0,0,0,0,0,0,0,0,0,0,0,0,0,0,0,0,0,0,16.0,16,Unicorn_Absent,-1,-1.0,4,Unicorn_Absent,102,16.0,32,0.4909090909090909,48,0.509090909090909,0.5,TOP,6.0,1.0,26.0,0.009090909090909094,TOP
0,8197962180,52,819793,Absent,32,1,1,1,1,1,1,1,1,1,1,1,1,1,1,1,1,1,1,1,1,1,1,1,1,1,1,1,1,1,1,1,1,0,0,0,0,0,0,0,0,0,0,0,0,0,0,0,0,0,0,0,0,0,0,0,0,0,0,0,0,0,0,0,0,16.0,16,Unicorn_Absent,-1,-1.0,4,Unicorn_Absent,118,16.0,32,1.0,48,0.0,0.5,TOP,16.0,1.0,16.0,0.509090909090909,TOP
0,8557454946,5,549464,Absent,32,0,0,0,0,0,0,0,0,0,0,0,0,0,0,0,0,0,0,0,0,0,0,0,0,0,0,0,0,0,0,0,0,1,1,1,1,1,1,1,1,1,1,1,1,1,1,1,1,1,1,1,1,1,1,1,1,1,1,1,1,1,1,1,1,17.0,15,Unicorn_Absent,-1,-1.0,3,Unicorn_Absent,-129,16.0,32,0.3333333333333333,45,0.1575757575757576,0.46875,BOTTOM,5.0,1.0,27.0,,BOTTOM
0,8557454946,6,549464,Absent,32,0,0,0,0,0,0,0,0,0,0,0,0,0,0,0,0,0,0,0,0,0,0,0,0,0,0,0,0,0,0,0,0,1,1,1,1,1,1,1,1,1,1,1,1,1,1,1,1,1,1,1,1,1,1,1,1,1,1,1,1,1,1,1,1,16.0,16,Unicorn_Absent,-1,-1.0,3,Unicorn_Absent,-113,16.0,32,1.0,48,0.6956521739130435,0.5,BOTTOM,17.0,1.0,15.0,0.1575757575757576,BOTTOM
0,8557454946,7,549464,Absent,32,0,0,0,0,0,0,0,0,0,0,0,0,0,0,0,0,0,0,0,0,0,0,0,0,0,0,0,0,0,0,0,0,1,1,1,1,1,1,1,1,1,1,1,1,1,1,1,1,1,1,1,1,1,1,1,1,1,1,1,1,1,1,1,1,16.0,16,Unicorn_Absent,-1,-1.0,3,Unicorn_Absent,-97,16.0,32,1.0,48,0.0,0.5,BOTTOM,16.0,1.0,16.0,0.6956521739130435,BOTTOM
0,8557454946,17,549464,Absent,64,1,1,1,1,1,1,1,1,1,1,1,1,1,1,1,1,1,1,1,1,1,1,1,1,1,1,1,1,1,1,1,1,1,1,1,1,1,1,1,1,1,1,1,1,1,1,1,1,1,1,1,1,1,1,1,1,1,1,1,1,1,1,1,1,0.0,32,Unicorn_Absent,-1,-1.0,1,Unicorn_Absent,-55,-9.0,64,0.078125,64,0.921875,0.5,ALL,30.0,0.859375,2.0,0.05714285714285714,RS
0,8557454946,18,549464,Absent,55,1,1,0,1,1,1,1,1,1,1,0,1,1,1,1,1,0,1,1,1,1,1,1,1,1,1,1,1,1,1,1,1,1,1,1,1,1,1,1,0,1,0,0,1,0,1,0,0,1,1,1,1,1,1,1,1,1,1,1,1,1,1,1,1,-9.0,41,Unicorn_Absent,-1,-1.0,0,Unicorn_Absent,-64,32.0,55,0.859375,62,0.43080357142857145,0.328125,RS,0.0,0.5166666666666667,32.0,0.921875,IN
0,8557454946,19,549464,Absent,36,0,0,0,0,0,0,0,0,0,1,1,1,1,1,1,0,0,1,1,1,1,1,1,0,0,1,1,1,1,1,1,0,0,1,1,1,1,1,1,0,0,1,1,1,1,1,1,0,0,1,1,1,1,1,1,0,0,0,0,0,0,0,0,0,32.0,0,Unicorn_Absent,-1,-1.0,7,Unicorn_Absent,-32,22.0,36,0.5166666666666667,36,0.5166666666666667,0.5625,IN,-9.0,1.0,41.0,0.43080357142857145,IN
0,8557454946,26,549464,Absent,48,1,1,1,1,0,1,0,1,1,1,1,1,0,1,1,1,1,1,1,1,1,1,0,0,1,1,0,1,0,1,1,1,1,1,1,1,0,1,1,1,1,1,1,1,1,0,1,1,0,0,0,1,0,1,1,1,1,1,0,1,1,1,0,0,31.0,1,Unicorn_Absent,-1,-1.0,0,Unicorn_Absent,32,2.0,48,0.47368421052631576,50,0.37993421052631576,0.765625,RS,14.0,0.75,18.0,0.9130434782608696,ALL
0,8557454946,27,549464,Absent,64,1,1,1,1,1,1,1,1,1,1,1,1,1,1,1,1,1,1,1,1,1,1,1,1,1,1,1,1,1,1,1,1,1,1,1,1,1,1,1,1,1,1,1,1,1,1,1,1,1,1,1,1,1,1,1,1,1,1,1,1,1,1,1,1,2.0,30,Unicorn_Absent,-1,-1.0,1,Unicorn_Absent,34,20.0,64,0.75,64,0.71875,0.53125,ALL,31.0,0.1875,1.0,0.37993421052631576,RS
0,8557454946,28,549464,Absent,12,0,0,0,0,0,0,1,0,1,1,0,0,0,0,0,0,1,0,0,0,0,1,0,1,0,0,0,0,0,0,0,0,1,0,0,0,1,0,0,0,0,0,0,0,1,1,0,0,0,1,0,0,0,0,0,0,0,0,1,0,0,0,0,0,20.0,12,Unicorn_Absent,-1,-1.0,0,Unicorn_Absent,54,0.0,12,0.1875,64,0.28125,0.8125,RS,2.0,0.15789473684210525,30.0,0.71875,TOP
0,8557454946,34,549464,Absent,32,1,1,1,1,0,0,0,0,1,1,1,1,0,0,0,0,1,1,1,1,0,0,0,0,1,1,1,1,0,0,0,0,1,1,1,1,0,0,0,0,1,1,1,1,0,0,0,0,1,1,1,1,0,0,0,0,1,1,1,1,0,0,0,0,16.0,16,Unicorn_Absent,-1,-1.0,5,Unicorn_Absent,155,16.0,32,0.30434782608695654,48,0.19565217391304346,0.5,LEFT,4.0,1.0,28.0,0.6956521739130435,LEFT
0,8557454946,35,549464,Absent,32,1,1,1,1,0,0,0,0,1,1,1,1,0,0,0,0,1,1,1,1,0,0,0,0,1,1,1,1,0,0,0,0,1,1,1,1,0,0,0,0,1,1,1,1,0,0,0,0,1,1,1,1,0,0,0,0,1,1,1,1,0,0,0,0,16.0,16,Unicorn_Absent,-1,-1.0,5,Unicorn_Absent,171,16.0,32,1.0,48,0.0,0.5,LEFT,16.0,1.0,16.0,0.19565217391304346,LEFT
0,8557454946,38,549464,Absent,32,1,1,1,1,0,0,0,0,1,1,1,1,0,0,0,0,1,1,1,1,0,0,0,0,1,1,1,1,0,0,0,0,1,1,1,1,0,0,0,0,1,1,1,1,0,0,0,0,1,1,1,1,0,0,0,0,1,1,1,1,0,0,0,0,16.0,16,Unicorn_Absent,-1,-1.0,5,Unicorn_Absent,231,16.0,32,1.0,48,0.0,0.5,LEFT,16.0,1.0,16.0,0.0,LEFT
0,8557454946,42,549464,Absent,0,0,0,0,0,0,0,0,0,0,0,0,0,0,0,0,0,0,0,0,0,0,0,0,0,0,0,0,0,0,0,0,0,0,0,0,0,0,0,0,0,0,0,0,0,0,0,0,0,0,0,0,0,0,0,0,0,0,0,0,0,0,0,0,0,32.0,0,Unicorn_Absent,-1,-1.0,2,Unicorn_Absent,226,32.0,0,0.0,32,0.3333333333333333,0.5,NOTHING,16.0,1.0,16.0,0.0,NOTHING
0,8557454946,43,549464,Absent,0,0,0,0,0,0,0,0,0,0,0,0,0,0,0,0,0,0,0,0,0,0,0,0,0,0,0,0,0,0,0,0,0,0,0,0,0,0,0,0,0,0,0,0,0,0,0,0,0,0,0,0,0,0,0,0,0,0,0,0,0,0,0,0,0,32.0,0,Unicorn_Absent,-1,-1.0,2,Unicorn_Absent,258,32.0,0,1.0,32,0.0,0.5,NOTHING,32.0,1.0,0.0,0.3333333333333333,NOTHING
0,8557454946,46,549464,Absent,0,0,0,0,0,0,0,0,0,0,0,0,0,0,0,0,0,0,0,0,0,0,0,0,0,0,0,0,0,0,0,0,0,0,0,0,0,0,0,0,0,0,0,0,0,0,0,0,0,0,0,0,0,0,0,0,0,0,0,0,0,0,0,0,0,32.0,0,Unicorn_Absent,-1,-1.0,2,Unicorn_Absent,354,32.0,0,1.0,32,0.0,0.5,NOTHING,32.0,1.0,0.0,0.0,NOTHING
0,8557454946,47,549464,Absent,0,0,0,0,0,0,0,0,0,0,0,0,0,0,0,0,0,0,0,0,0,0,0,0,0,0,0,0,0,0,0,0,0,0,0,0,0,0,0,0,0,0,0,0,0,0,0,0,0,0,0,0,0,0,0,0,0,0,0,0,0,0,0,0,0,32.0,0,Unicorn_Absent,-1,-1.0,2,Unicorn_Absent,386,32.0,0,1.0,32,0.0,0.5,NOTHING,32.0,1.0,0.0,0.0,NOTHING
0,8557454946,55,549464,Absent,32,0,0,0,0,0,0,0,0,0,0,0,0,0,0,0,0,0,0,0,0,0,0,0,0,0,0,0,0,0,0,0,0,1,1,1,1,1,1,1,1,1,1,1,1,1,1,1,1,1,1,1,1,1,1,1,1,1,1,1,1,1,1,1,1,16.0,16,Unicorn_Absent,-1,-1.0,3,Unicorn_Absent,303,16.0,32,0.0,48,0.0,0.5,BOTTOM,32.0,1.0,0.0,0.0,BOTTOM
0,8557454946,56,549464,Absent,32,0,0,0,0,0,0,0,0,0,0,0,0,0,0,0,0,0,0,0,0,0,0,0,0,0,0,0,0,0,0,0,0,1,1,1,1,1,1,1,1,1,1,1,1,1,1,1,1,1,1,1,1,1,1,1,1,1,1,1,1,1,1,1,1,16.0,16,Unicorn_Absent,-1,-1.0,3,Unicorn_Absent,319,16.0,32,1.0,48,0.0,0.5,BOTTOM,16.0,1.0,16.0,0.0,BOTTOM
0,8557454946,5,855748,Absent,28,0,0,0,1,0,1,1,0,1,1,0,1,0,1,1,1,0,1,0,0,0,0,1,1,0,0,0,1,0,0,0,0,0,0,1,1,1,1,1,0,0,0,1,1,0,1,0,1,0,1,1,0,0,0,0,0,0,1,1,0,1,1,0,0,17.0,15,Unicorn_Absent,-1,-1.0,0,Unicorn_Absent,-129,16.0,28,0.4909090909090909,45,0.1575757575757576,0.46875,RS,5.0,0.30434782608695654,27.0,,RIGHT
0,8557454946,6,855748,Absent,32,0,0,0,0,1,1,1,1,0,0,0,0,1,1,1,1,0,0,0,0,1,1,1,1,0,0,0,0,1,1,1,1,0,0,0,0,1,1,1,1,0,0,0,0,1,1,1,1,0,0,0,0,1,1,1,1,0,0,0,0,1,1,1,1,16.0,16,Unicorn_Absent,-1,-1.0,6,Unicorn_Absent,-113,16.0,32,0.30434782608695654,48,0.6956521739130435,0.5,RIGHT,17.0,1.0,15.0,0.1575757575757576,RIGHT
0,8557454946,7,855748,Absent,32,0,0,0,0,1,1,1,1,0,0,0,0,1,1,1,1,0,0,0,0,1,1,1,1,0,0,0,0,1,1,1,1,0,0,0,0,1,1,1,1,0,0,0,0,1,1,1,1,0,0,0,0,1,1,1,1,0,0,0,0,1,1,1,1,16.0,16,Unicorn_Absent,-1,-1.0,6,Unicorn_Absent,-97,16.0,32,1.0,48,0.0,0.5,RIGHT,16.0,1.0,16.0,0.6956521739130435,RIGHT
0,8557454946,17,855748,Absent,32,0,0,0,0,1,1,1,1,0,0,0,0,1,1,1,1,0,0,0,0,1,1,1,1,0,0,0,0,1,1,1,1,0,0,0,0,1,1,1,1,0,0,0,0,1,1,1,1,0,0,0,0,1,1,1,1,0,0,0,0,1,1,1,1,0.0,32,Unicorn_Absent,-1,-1.0,6,Unicorn_Absent,-55,-9.0,32,1.0,64,0.921875,0.5,RIGHT,30.0,0.42857142857142855,2.0,0.05714285714285714,RS
0,8557454946,18,855748,Absent,48,1,0,1,1,0,1,1,1,1,1,0,1,1,1,0,1,1,1,0,1,0,1,0,1,1,1,1,0,1,1,1,1,1,0,1,1,1,1,1,1,1,1,0,1,1,1,1,1,1,1,1,1,1,1,0,0,0,0,1,1,0,0,1,1,-9.0,41,Unicorn_Absent,-1,-1.0,0,Unicorn_Absent,-64,32.0,48,0.42857142857142855,62,0.43080357142857145,0.328125,RS,0.0,0.0,32.0,0.921875,NOTHING
0,8557454946,19,855748,Absent,0,0,0,0,0,0,0,0,0,0,0,0,0,0,0,0,0,0,0,0,0,0,0,0,0,0,0,0,0,0,0,0,0,0,0,0,0,0,0,0,0,0,0,0,0,0,0,0,0,0,0,0,0,0,0,0,0,0,0,0,0,0,0,0,0,32.0,0,Unicorn_Absent,-1,-1.0,2,Unicorn_Absent,-32,22.0,0,0.0,36,0.5166666666666667,0.5625,NOTHING,-9.0,0.0,41.0,0.43080357142857145,RS
0,8557454946,26,855748,Absent,3,0,0,0,0,1,1,0,0,0,0,0,0,0,0,0,0,0,0,0,0,0,0,0,0,0,0,0,0,0,0,0,0,0,0,0,0,0,0,0,0,0,0,0,0,0,0,0,0,0,0,0,0,1,0,0,0,0,0,0,0,0,0,0,0,31.0,1,Unicorn_Absent,-1,-1.0,0,Unicorn_Absent,32,2.0,3,0.09375,50,0.37993421052631576,0.765625,RS,14.0,0.03125,18.0,0.9130434782608696,RS
0,8557454946,27,855748,Absent,30,1,0,0,0,0,0,1,1,0,1,0,1,0,1,0,1,0,0,0,0,1,0,0,0,1,1,1,0,0,1,0,0,1,1,0,1,1,0,1,0,0,0,0,0,1,1,1,0,0,1,0,1,1,1,0,1,1,0,0,1,0,1,1,1,2.0,30,Unicorn_Absent,-1,-1.0,0,Unicorn_Absent,34,20.0,30,0.03125,64,0.71875,0.53125,RS,31.0,0.46875,1.0,0.37993421052631576,ALL
0,8557454946,28,855748,Absent,64,1,1,1,1,1,1,1,1,1,1,1,1,1,1,1,1,1,1,1,1,1,1,1,1,1,1,1,1,1,1,1,1,1,1,1,1,1,1,1,1,1,1,1,1,1,1,1,1,1,1,1,1,1,1,1,1,1,1,1,1,1,1,1,1,20.0,12,Unicorn_Absent,-1,-1.0,1,Unicorn_Absent,54,0.0,64,0.46875,64,0.28125,0.8125,ALL,2.0,1.0,30.0,0.71875,ALL
0,8557454946,34,855748,Absent,32,1,1,1,1,1,1,1,1,1,1,1,1,1,1,1,1,1,1,1,1,1,1,1,1,1,1,1,1,1,1,1,1,0,0,0,0,0,0,0,0,0,0,0,0,0,0,0,0,0,0,0,0,0,0,0,0,0,0,0,0,0,0,0,0,16.0,16,Unicorn_Absent,-1,-1.0,4,Unicorn_Absent,155,16.0,32,0.5,48,0.19565217391304346,0.5,TOP,4.0,1.0,28.0,0.6956521739130435,TOP
0,8557454946,35,855748,Absent,32,1,1,1,1,1,1,1,1,1,1,1,1,1,1,1,1,1,1,1,1,1,1,1,1,1,1,1,1,1,1,1,1,0,0,0,0,0,0,0,0,0,0,0,0,0,0,0,0,0,0,0,0,0,0,0,0,0,0,0,0,0,0,0,0,16.0,16,Unicorn_Absent,-1,-1.0,4,Unicorn_Absent,171,16.0,32,1.0,48,0.0,0.5,TOP,16.0,1.0,16.0,0.19565217391304346,TOP
0,8557454946,38,855748,Absent,32,1,1,1,1,1,1,1,1,1,1,1,1,1,1,1,1,1,1,1,1,1,1,1,1,1,1,1,1,1,1,1,1,0,0,0,0,0,0,0,0,0,0,0,0,0,0,0,0,0,0,0,0,0,0,0,0,0,0,0,0,0,0,0,0,16.0,16,Unicorn_Absent,-1,-1.0,4,Unicorn_Absent,231,16.0,32,1.0,48,0.0,0.5,TOP,16.0,1.0,16.0,0.0,TOP
0,8557454946,42,855748,Absent,32,0,0,0,0,1,1,1,1,0,0,0,0,1,1,1,1,0,0,0,0,1,1,1,1,0,0,0,0,1,1,1,1,0,0,0,0,1,1,1,1,0,0,0,0,1,1,1,1,0,0,0,0,1,1,1,1,0,0,0,0,1,1,1,1,32.0,0,Unicorn_Absent,-1,-1.0,6,Unicorn_Absent,226,32.0,32,0.3333333333333333,32,0.3333333333333333,0.5,RIGHT,16.0,1.0,16.0,0.0,RIGHT
0,8557454946,43,855748,Absent,32,0,0,0,0,1,1,1,1,0,0,0,0,1,1,1,1,0,0,0,0,1,1,1,1,0,0,0,0,1,1,1,1,0,0,0,0,1,1,1,1,0,0,0,0,1,1,1,1,0,0,0,0,1,1,1,1,0,0,0,0,1,1,1,1,32.0,0,Unicorn_Absent,-1,-1.0,6,Unicorn_Absent,258,32.0,32,1.0,32,0.0,0.5,RIGHT,32.0,1.0,0.0,0.3333333333333333,RIGHT
0,8557454946,46,855748,Absent,32,0,0,0,0,1,1,1,1,0,0,0,0,1,1,1,1,0,0,0,0,1,1,1,1,0,0,0,0,1,1,1,1,0,0,0,0,1,1,1,1,0,0,0,0,1,1,1,1,0,0,0,0,1,1,1,1,0,0,0,0,1,1,1,1,32.0,0,Unicorn_Absent,-1,-1.0,6,Unicorn_Absent,354,32.0,32,1.0,32,0.0,0.5,RIGHT,32.0,1.0,0.0,0.0,RIGHT
0,8557454946,47,855748,Absent,32,0,0,0,0,1,1,1,1,0,0,0,0,1,1,1,1,0,0,0,0,1,1,1,1,0,0,0,0,1,1,1,1,0,0,0,0,1,1,1,1,0,0,0,0,1,1,1,1,0,0,0,0,1,1,1,1,0,0,0,0,1,1,1,1,32.0,0,Unicorn_Absent,-1,-1.0,6,Unicorn_Absent,386,32.0,32,1.0,32,0.0,0.5,RIGHT,32.0,1.0,0.0,0.0,RIGHT
0,8557454946,55,855748,Absent,32,1,1,1,1,0,0,0,0,1,1,1,1,0,0,0,0,1,1,1,1,0,0,0,0,1,1,1,1,0,0,0,0,1,1,1,1,0,0,0,0,1,1,1,1,0,0,0,0,1,1,1,1,0,0,0,0,1,1,1,1,0,0,0,0,16.0,16,Unicorn_Absent,-1,-1.0,5,Unicorn_Absent,303,16.0,32,0.0,48,0.0,0.5,LEFT,32.0,1.0,0.0,0.0,LEFT
0,8557454946,56,855748,Absent,32,1,1,1,1,0,0,0,0,1,1,1,1,0,0,0,0,1,1,1,1,0,0,0,0,1,1,1,1,0,0,0,0,1,1,1,1,0,0,0,0,1,1,1,1,0,0,0,0,1,1,1,1,0,0,0,0,1,1,1,1,0,0,0,0,16.0,16,Unicorn_Absent,-1,-1.0,5,Unicorn_Absent,319,16.0,32,1.0,48,0.0,0.5,LEFT,16.0,1.0,16.0,0.0,LEFT
0,8988755740,4,89887,Absent,64,1,1,1,1,1,1,1,1,1,1,1,1,1,1,1,1,1,1,1,1,1,1,1,1,1,1,1,1,1,1,1,1,1,1,1,1,1,1,1,1,1,1,1,1,1,1,1,1,1,1,1,1,1,1,1,1,1,1,1,1,1,1,1,1,8.0,24,Unicorn_Absent,-1,-1.0,1,Unicorn_Absent,1,0.0,64,,64,,0.625,ALL,,1.0,,,ALL
0,8988755740,10,89887,Absent,32,1,1,1,1,1,1,1,1,1,1,1,1,1,1,1,1,1,1,1,1,1,1,1,1,1,1,1,1,1,1,1,1,0,0,0,0,0,0,0,0,0,0,0,0,0,0,0,0,0,0,0,0,0,0,0,0,0,0,0,0,0,0,0,0,16.0,16,Unicorn_Absent,-1,-1.0,4,Unicorn_Absent,-10,16.0,32,1.0,48,0.0,0.5,TOP,16.0,1.0,16.0,0.5,TOP
0,8988755740,14,89887,Absent,32,1,1,1,1,1,1,1,1,1,1,1,1,1,1,1,1,1,1,1,1,1,1,1,1,1,1,1,1,1,1,1,1,0,0,0,0,0,0,0,0,0,0,0,0,0,0,0,0,0,0,0,0,0,0,0,0,0,0,0,0,0,0,0,0,16.0,16,Unicorn_Absent,-1,-1.0,4,Unicorn_Absent,59,16.0,32,1.0,48,0.0,0.5,TOP,16.0,1.0,16.0,0.0,TOP
0,8988755740,15,89887,Absent,32,1,1,1,1,1,1,1,1,1,1,1,1,1,1,1,1,1,1,1,1,1,1,1,1,1,1,1,1,1,1,1,1,0,0,0,0,0,0,0,0,0,0,0,0,0,0,0,0,0,0,0,0,0,0,0,0,0,0,0,0,0,0,0,0,16.0,16,Unicorn_Absent,-1,-1.0,4,Unicorn_Absent,75,16.0,32,1.0,48,0.0,0.5,TOP,16.0,1.0,16.0,0.0,TOP
0,8988755740,18,89887,Absent,32,1,1,1,1,1,1,1,1,1,1,1,1,1,1,1,1,1,1,1,1,1,1,1,1,1,1,1,1,1,1,1,1,0,0,0,0,0,0,0,0,0,0,0,0,0,0,0,0,0,0,0,0,0,0,0,0,0,0,0,0,0,0,0,0,16.0,16,Unicorn_Absent,-1,-1.0,4,Unicorn_Absent,135,16.0,32,1.0,48,0.0,0.5,TOP,16.0,1.0,16.0,0.0,TOP
0,8988755740,25,89887,Absent,32,1,1,1,1,1,1,1,1,1,1,1,1,1,1,1,1,1,1,1,1,1,1,1,1,1,1,1,1,1,1,1,1,0,0,0,0,0,0,0,0,0,0,0,0,0,0,0,0,0,0,0,0,0,0,0,0,0,0,0,0,0,0,0,0,14.0,18,Unicorn_Absent,-1,-1.0,4,Unicorn_Absent,175,14.0,32,1.0,50,0.0,0.5,TOP,14.0,1.0,18.0,0.64,TOP
0,8988755740,26,89887,Absent,32,1,1,1,1,1,1,1,1,1,1,1,1,1,1,1,1,1,1,1,1,1,1,1,1,1,1,1,1,1,1,1,1,0,0,0,0,0,0,0,0,0,0,0,0,0,0,0,0,0,0,0,0,0,0,0,0,0,0,0,0,0,0,0,0,14.0,18,Unicorn_Absent,-1,-1.0,4,Unicorn_Absent,189,14.0,32,1.0,50,0.0,0.5,TOP,14.0,1.0,18.0,0.0,TOP
0,8988755740,27,89887,Absent,32,1,1,1,1,1,1,1,1,1,1,1,1,1,1,1,1,1,1,1,1,1,1,1,1,1,1,1,1,1,1,1,1,0,0,0,0,0,0,0,0,0,0,0,0,0,0,0,0,0,0,0,0,0,0,0,0,0,0,0,0,0,0,0,0,14.0,18,Unicorn_Absent,-1,-1.0,4,Unicorn_Absent,203,14.0,32,1.0,50,0.0,0.5,TOP,14.0,1.0,18.0,0.0,TOP
0,8988755740,33,89887,Absent,32,1,1,1,1,1,1,1,1,1,1,1,1,1,1,1,1,1,1,1,1,1,1,1,1,1,1,1,1,1,1,1,1,0,0,0,0,0,0,0,0,0,0,0,0,0,0,0,0,0,0,0,0,0,0,0,0,0,0,0,0,0,0,0,0,14.0,18,Unicorn_Absent,-1,-1.0,4,Unicorn_Absent,340,14.0,32,1.0,50,0.0,0.5,TOP,14.0,1.0,18.0,0.0,TOP
0,8988755740,40,89887,Absent,32,1,1,1,1,1,1,1,1,1,1,1,1,1,1,1,1,1,1,1,1,1,1,1,1,1,1,1,1,1,1,1,1,0,0,0,0,0,0,0,0,0,0,0,0,0,0,0,0,0,0,0,0,0,0,0,0,0,0,0,0,0,0,0,0,14.0,18,Unicorn_Absent,-1,-1.0,4,Unicorn_Absent,478,14.0,32,1.0,50,0.0,0.5,TOP,14.0,1.0,18.0,0.0,TOP
0,8988755740,41,89887,Absent,32,1,1,1,1,1,1,1,1,1,1,1,1,1,1,1,1,1,1,1,1,1,1,1,1,1,1,1,1,1,1,1,1,0,0,0,0,0,0,0,0,0,0,0,0,0,0,0,0,0,0,0,0,0,0,0,0,0,0,0,0,0,0,0,0,14.0,18,Unicorn_Absent,-1,-1.0,4,Unicorn_Absent,492,14.0,32,1.0,50,0.0,0.5,TOP,14.0,1.0,18.0,0.0,TOP
0,8988755740,49,89887,Absent,32,1,1,1,1,1,1,1,1,1,1,1,1,1,1,1,1,1,1,1,1,1,1,1,1,1,1,1,1,1,1,1,1,0,0,0,0,0,0,0,0,0,0,0,0,0,0,0,0,0,0,0,0,0,0,0,0,0,0,0,0,0,0,0,0,14.0,18,Unicorn_Absent,-1,-1.0,4,Unicorn_Absent,658,14.0,32,1.0,50,0.0,0.5,TOP,14.0,1.0,18.0,0.0,TOP
0,8988755740,4,557405,Absent,24,0,1,0,1,0,0,0,1,0,1,0,0,0,1,1,0,0,1,0,0,0,0,0,0,0,1,0,0,0,1,0,1,0,0,0,0,0,0,0,1,0,1,0,0,1,1,1,0,1,0,1,1,1,1,1,1,0,0,0,1,1,0,0,0,8.0,24,Unicorn_Absent,-1,-1.0,0,Unicorn_Absent,1,0.0,24,,64,,0.625,RS,,0.21739130434782608,,,LEFT
0,8988755740,10,557405,Absent,32,1,1,1,1,0,0,0,0,1,1,1,1,0,0,0,0,1,1,1,1,0,0,0,0,1,1,1,1,0,0,0,0,1,1,1,1,0,0,0,0,1,1,1,1,0,0,0,0,1,1,1,1,0,0,0,0,1,1,1,1,0,0,0,0,16.0,16,Unicorn_Absent,-1,-1.0,5,Unicorn_Absent,-10,16.0,32,1.0,48,0.0,0.5,LEFT,16.0,1.0,16.0,0.5,LEFT
0,8988755740,14,557405,Absent,32,1,1,1,1,0,0,0,0,1,1,1,1,0,0,0,0,1,1,1,1,0,0,0,0,1,1,1,1,0,0,0,0,1,1,1,1,0,0,0,0,1,1,1,1,0,0,0,0,1,1,1,1,0,0,0,0,1,1,1,1,0,0,0,0,16.0,16,Unicorn_Absent,-1,-1.0,5,Unicorn_Absent,59,16.0,32,1.0,48,0.0,0.5,LEFT,16.0,1.0,16.0,0.0,LEFT
0,8988755740,15,557405,Absent,32,1,1,1,1,0,0,0,0,1,1,1,1,0,0,0,0,1,1,1,1,0,0,0,0,1,1,1,1,0,0,0,0,1,1,1,1,0,0,0,0,1,1,1,1,0,0,0,0,1,1,1,1,0,0,0,0,1,1,1,1,0,0,0,0,16.0,16,Unicorn_Absent,-1,-1.0,5,Unicorn_Absent,75,16.0,32,1.0,48,0.0,0.5,LEFT,16.0,1.0,16.0,0.0,LEFT
0,8988755740,18,557405,Absent,32,1,1,1,1,0,0,0,0,1,1,1,1,0,0,0,0,1,1,1,1,0,0,0,0,1,1,1,1,0,0,0,0,1,1,1,1,0,0,0,0,1,1,1,1,0,0,0,0,1,1,1,1,0,0,0,0,1,1,1,1,0,0,0,0,16.0,16,Unicorn_Absent,-1,-1.0,5,Unicorn_Absent,135,16.0,32,1.0,48,0.0,0.5,LEFT,16.0,1.0,16.0,0.0,LEFT
0,8988755740,25,557405,Absent,36,0,0,0,0,0,0,0,0,0,1,1,1,1,1,1,0,0,1,1,1,1,1,1,0,0,1,1,1,1,1,1,0,0,1,1,1,1,1,1,0,0,1,1,1,1,1,1,0,0,1,1,1,1,1,1,0,0,0,0,0,0,0,0,0,14.0,18,Unicorn_Absent,-1,-1.0,7,Unicorn_Absent,175,14.0,36,1.0,50,0.0,0.5,IN,14.0,1.0,18.0,0.64,IN
0,8988755740,26,557405,Absent,36,0,0,0,0,0,0,0,0,0,1,1,1,1,1,1,0,0,1,1,1,1,1,1,0,0,1,1,1,1,1,1,0,0,1,1,1,1,1,1,0,0,1,1,1,1,1,1,0,0,1,1,1,1,1,1,0,0,0,0,0,0,0,0,0,14.0,18,Unicorn_Absent,-1,-1.0,7,Unicorn_Absent,189,14.0,36,1.0,50,0.0,0.5,IN,14.0,1.0,18.0,0.0,IN
0,8988755740,27,557405,Absent,36,0,0,0,0,0,0,0,0,0,1,1,1,1,1,1,0,0,1,1,1,1,1,1,0,0,1,1,1,1,1,1,0,0,1,1,1,1,1,1,0,0,1,1,1,1,1,1,0,0,1,1,1,1,1,1,0,0,0,0,0,0,0,0,0,14.0,18,Unicorn_Absent,-1,-1.0,7,Unicorn_Absent,203,14.0,36,1.0,50,0.0,0.5,IN,14.0,1.0,18.0,0.0,IN
0,8988755740,33,557405,Absent,36,0,0,0,0,0,0,0,0,0,1,1,1,1,1,1,0,0,1,1,1,1,1,1,0,0,1,1,1,1,1,1,0,0,1,1,1,1,1,1,0,0,1,1,1,1,1,1,0,0,1,1,1,1,1,1,0,0,0,0,0,0,0,0,0,14.0,18,Unicorn_Absent,-1,-1.0,7,Unicorn_Absent,340,14.0,36,1.0,50,0.0,0.5,IN,14.0,1.0,18.0,0.0,IN
0,8988755740,40,557405,Absent,36,0,0,0,0,0,0,0,0,0,1,1,1,1,1,1,0,0,1,1,1,1,1,1,0,0,1,1,1,1,1,1,0,0,1,1,1,1,1,1,0,0,1,1,1,1,1,1,0,0,1,1,1,1,1,1,0,0,0,0,0,0,0,0,0,14.0,18,Unicorn_Absent,-1,-1.0,7,Unicorn_Absent,478,14.0,36,1.0,50,0.0,0.5,IN,14.0,1.0,18.0,0.0,IN
0,8988755740,41,557405,Absent,36,0,0,0,0,0,0,0,0,0,1,1,1,1,1,1,0,0,1,1,1,1,1,1,0,0,1,1,1,1,1,1,0,0,1,1,1,1,1,1,0,0,1,1,1,1,1,1,0,0,1,1,1,1,1,1,0,0,0,0,0,0,0,0,0,14.0,18,Unicorn_Absent,-1,-1.0,7,Unicorn_Absent,492,14.0,36,1.0,50,0.0,0.5,IN,14.0,1.0,18.0,0.0,IN
0,8988755740,49,557405,Absent,36,0,0,0,0,0,0,0,0,0,1,1,1,1,1,1,0,0,1,1,1,1,1,1,0,0,1,1,1,1,1,1,0,0,1,1,1,1,1,1,0,0,1,1,1,1,1,1,0,0,1,1,1,1,1,1,0,0,0,0,0,0,0,0,0,14.0,18,Unicorn_Absent,-1,-1.0,7,Unicorn_Absent,658,14.0,36,1.0,50,0.0,0.5,IN,14.0,1.0,18.0,0.0,IN
0,9317057136,2,571369,Absent,64,1,1,1,1,1,1,1,1,1,1,1,1,1,1,1,1,1,1,1,1,1,1,1,1,1,1,1,1,1,1,1,1,1,1,1,1,1,1,1,1,1,1,1,1,1,1,1,1,1,1,1,1,1,1,1,1,1,1,1,1,1,1,1,1,0.0,32,Unicorn_Absent,-1,-1.0,1,Unicorn_Absent,31,6.0,64,,64,,0.5,ALL,,0.671875,,,RS
0,9317057136,11,571369,Absent,32,0,0,0,0,1,0,1,0,1,0,0,1,1,1,1,0,0,0,0,0,1,0,0,0,0,1,0,1,0,1,1,0,0,1,0,0,0,1,1,1,1,0,0,1,0,0,0,1,1,1,1,1,0,0,1,1,1,1,1,1,1,1,0,1,17.0,15,Unicorn_Absent,-1,-1.0,0,Unicorn_Absent,-2,0.0,32,0.45454545454545453,49,0.09454545454545454,0.53125,RS,14.0,0.5,18.0,0.0,ALL
0,9317057136,12,571369,Absent,64,1,1,1,1,1,1,1,1,1,1,1,1,1,1,1,1,1,1,1,1,1,1,1,1,1,1,1,1,1,1,1,1,1,1,1,1,1,1,1,1,1,1,1,1,1,1,1,1,1,1,1,1,1,1,1,1,1,1,1,1,1,1,1,1,0.0,32,Unicorn_Absent,-1,-1.0,1,Unicorn_Absent,-2,18.0,64,0.5,64,0.5,0.5,ALL,17.0,0.4375,15.0,0.09454545454545454,OUT
0,9317057136,18,571369,Absent,28,1,1,1,1,1,1,1,1,1,0,0,0,0,0,0,1,1,0,0,0,0,0,0,1,1,0,0,0,0,0,0,1,1,0,0,0,0,0,0,1,1,0,0,0,0,0,0,1,1,0,0,0,0,0,0,1,1,1,1,1,1,1,1,1,18.0,14,Unicorn_Absent,-1,-1.0,8,Unicorn_Absent,148,18.0,28,1.0,46,0.6666666666666667,0.5,OUT,18.0,1.0,14.0,0.0,OUT
0,9317057136,19,571369,Absent,28,1,1,1,1,1,1,1,1,1,0,0,0,0,0,0,1,1,0,0,0,0,0,0,1,1,0,0,0,0,0,0,1,1,0,0,0,0,0,0,1,1,0,0,0,0,0,0,1,1,0,0,0,0,0,0,1,1,1,1,1,1,1,1,1,18.0,14,Unicorn_Absent,-1,-1.0,8,Unicorn_Absent,166,18.0,28,1.0,46,0.0,0.5,OUT,18.0,1.0,14.0,0.6666666666666667,OUT
0,9317057136,23,571369,Absent,28,1,1,1,1,1,1,1,1,1,0,0,0,0,0,0,1,1,0,0,0,0,0,0,1,1,0,0,0,0,0,0,1,1,0,0,0,0,0,0,1,1,0,0,0,0,0,0,1,1,0,0,0,0,0,0,1,1,1,1,1,1,1,1,1,18.0,14,Unicorn_Absent,-1,-1.0,8,Unicorn_Absent,255,18.0,28,1.0,46,0.0,0.5,OUT,18.0,1.0,14.0,0.0,OUT
0,9317057136,24,571369,Absent,28,1,1,1,1,1,1,1,1,1,0,0,0,0,0,0,1,1,0,0,0,0,0,0,1,1,0,0,0,0,0,0,1,1,0,0,0,0,0,0,1,1,0,0,0,0,0,0,1,1,0,0,0,0,0,0,1,1,1,1,1,1,1,1,1,18.0,14,Unicorn_Absent,-1,-1.0,8,Unicorn_Absent,273,18.0,28,1.0,46,0.0,0.5,OUT,18.0,1.0,14.0,0.0,OUT
0,9317057136,28,571369,Absent,28,1,1,1,1,1,1,1,1,1,0,0,0,0,0,0,1,1,0,0,0,0,0,0,1,1,0,0,0,0,0,0,1,1,0,0,0,0,0,0,1,1,0,0,0,0,0,0,1,1,0,0,0,0,0,0,1,1,1,1,1,1,1,1,1,18.0,14,Unicorn_Absent,-1,-1.0,8,Unicorn_Absent,366,18.0,28,1.0,46,0.0,0.5,OUT,18.0,1.0,14.0,0.0,OUT
0,9317057136,31,571369,Absent,28,1,1,1,1,1,1,1,1,1,0,0,0,0,0,0,1,1,0,0,0,0,0,0,1,1,0,0,0,0,0,0,1,1,0,0,0,0,0,0,1,1,0,0,0,0,0,0,1,1,0,0,0,0,0,0,1,1,1,1,1,1,1,1,1,18.0,14,Unicorn_Absent,-1,-1.0,8,Unicorn_Absent,429,18.0,28,1.0,46,0.0,0.5,OUT,18.0,1.0,14.0,0.0,OUT
0,9317057136,32,571369,Absent,28,1,1,1,1,1,1,1,1,1,0,0,0,0,0,0,1,1,0,0,0,0,0,0,1,1,0,0,0,0,0,0,1,1,0,0,0,0,0,0,1,1,0,0,0,0,0,0,1,1,0,0,0,0,0,0,1,1,1,1,1,1,1,1,1,18.0,14,Unicorn_Absent,-1,-1.0,8,Unicorn_Absent,447,18.0,28,1.0,46,0.0,0.5,OUT,18.0,1.0,14.0,0.0,OUT
0,9317057136,35,571369,Absent,10,1,0,0,0,1,0,0,0,0,1,0,1,1,0,0,0,1,0,1,1,0,0,0,0,0,0,0,0,0,0,0,0,0,0,0,0,0,0,0,0,0,0,0,1,0,0,0,0,0,0,0,0,0,0,0,0,0,0,0,1,0,0,0,0,30.0,2,Unicorn_Absent,-1,-1.0,0,Unicorn_Absent,417,0.0,10,0.11764705882352941,40,0.8823529411764706,0.59375,RS,18.0,0.15625,14.0,0.0,ALL
0,9317057136,36,571369,Absent,64,1,1,1,1,1,1,1,1,1,1,1,1,1,1,1,1,1,1,1,1,1,1,1,1,1,1,1,1,1,1,1,1,1,1,1,1,1,1,1,1,1,1,1,1,1,1,1,1,1,1,1,1,1,1,1,1,1,1,1,1,1,1,1,1,0.0,32,Unicorn_Absent,-1,-1.0,1,Unicorn_Absent,417,19.0,64,0.15625,64,0.84375,0.5,ALL,30.0,0.203125,2.0,0.8823529411764706,RS
0,9317057136,43,571369,Absent,0,0,0,0,0,0,0,0,0,0,0,0,0,0,0,0,0,0,0,0,0,0,0,0,0,0,0,0,0,0,0,0,0,0,0,0,0,0,0,0,0,0,0,0,0,0,0,0,0,0,0,0,0,0,0,0,0,0,0,0,0,0,0,0,0,32.0,0,Unicorn_Absent,-1,-1.0,2,Unicorn_Absent,492,32.0,0,0.0,32,0.5,0.5,NOTHING,0.0,1.0,32.0,0.875,NOTHING
0,9317057136,44,571369,Absent,0,0,0,0,0,0,0,0,0,0,0,0,0,0,0,0,0,0,0,0,0,0,0,0,0,0,0,0,0,0,0,0,0,0,0,0,0,0,0,0,0,0,0,0,0,0,0,0,0,0,0,0,0,0,0,0,0,0,0,0,0,0,0,0,0,32.0,0,Unicorn_Absent,-1,-1.0,2,Unicorn_Absent,524,32.0,0,1.0,32,0.0,0.5,NOTHING,32.0,1.0,0.0,0.5,NOTHING
0,9317057136,48,571369,Absent,39,1,1,0,1,1,1,1,1,1,0,0,1,1,1,0,1,0,0,1,1,1,1,1,0,1,1,1,1,1,0,0,0,1,0,1,1,0,1,1,0,0,0,1,0,0,0,1,0,0,1,1,0,0,0,1,1,1,1,1,1,0,1,1,0,15.0,17,Unicorn_Absent,-1,-1.0,0,Unicorn_Absent,539,16.0,39,0.0,54,0.0,0.578125,RS,32.0,0.33962264150943394,0.0,0.0,RIGHT
0,9317057136,49,571369,Absent,32,0,0,0,0,1,1,1,1,0,0,0,0,1,1,1,1,0,0,0,0,1,1,1,1,0,0,0,0,1,1,1,1,0,0,0,0,1,1,1,1,0,0,0,0,1,1,1,1,0,0,0,0,1,1,1,1,0,0,0,0,1,1,1,1,16.0,16,Unicorn_Absent,-1,-1.0,6,Unicorn_Absent,555,16.0,32,0.33962264150943394,48,0.6603773584905661,0.5,RIGHT,15.0,1.0,17.0,0.0,RIGHT
0,9317057136,56,571369,Absent,30,0,0,0,0,0,0,1,0,1,0,0,0,0,1,0,0,1,1,1,1,0,0,1,1,0,0,1,0,0,1,1,1,0,0,1,0,1,1,0,1,1,1,1,1,1,0,1,0,1,1,0,0,1,0,0,1,1,0,1,0,0,0,0,1,14.0,18,Unicorn_Absent,-1,-1.0,0,Unicorn_Absent,575,16.0,30,0.46875,48,0.23619186046511628,0.46875,RS,15.0,0.2857142857142857,17.0,0.33333333333333337,RS
0,9317057136,57,571369,Absent,33,0,1,0,0,1,0,1,1,1,1,0,0,0,0,1,1,1,0,1,1,0,1,0,0,1,1,1,0,0,1,1,1,1,1,0,1,1,0,1,1,0,0,0,0,0,1,0,0,0,1,1,0,1,1,0,0,1,1,0,0,0,1,1,0,16.0,16,Unicorn_Absent,-1,-1.0,0,Unicorn_Absent,591,21.0,33,0.2857142857142857,45,0.10559006211180127,0.453125,RS,14.0,0.3,18.0,0.23619186046511628,BOTTOM
0,9317057136,58,571369,Absent,32,0,0,0,0,0,0,0,0,0,0,0,0,0,0,0,0,0,0,0,0,0,0,0,0,0,0,0,0,0,0,0,0,1,1,1,1,1,1,1,1,1,1,1,1,1,1,1,1,1,1,1,1,1,1,1,1,1,1,1,1,1,1,1,1,21.0,11,Unicorn_Absent,-1,-1.0,3,Unicorn_Absent,612,4.0,32,0.3,42,0.010526315789473661,0.484375,BOTTOM,16.0,1.0,16.0,0.10559006211180127,BOTTOM
0,9317057136,59,571369,Absent,32,0,0,0,0,0,0,0,0,0,0,0,0,0,0,0,0,0,0,0,0,0,0,0,0,0,0,0,0,0,0,0,0,1,1,1,1,1,1,1,1,1,1,1,1,1,1,1,1,1,1,1,1,1,1,1,1,1,1,1,1,1,1,1,1,4.0,28,Unicorn_Absent,-1,-1.0,3,Unicorn_Absent,616,13.0,32,1.0,57,0.6785714285714286,0.453125,BOTTOM,21.0,0.35185185185185186,11.0,0.010526315789473661,RS
0,9317057136,2,931708,Absent,32,1,1,1,1,1,1,1,1,1,1,1,1,1,1,1,1,1,1,1,1,1,1,1,1,1,1,1,1,1,1,1,1,0,0,0,0,0,0,0,0,0,0,0,0,0,0,0,0,0,0,0,0,0,0,0,0,0,0,0,0,0,0,0,0,0.0,32,Unicorn_Absent,-1,-1.0,4,Unicorn_Absent,31,6.0,32,,64,,0.5,TOP,,1.0,,,TOP
0,9317057136,11,931708,Absent,32,1,1,1,1,0,0,0,0,1,1,1,1,0,0,0,0,1,1,1,1,0,0,0,0,1,1,1,1,0,0,0,0,1,1,1,1,0,0,0,0,1,1,1,1,0,0,0,0,1,1,1,1,0,0,0,0,1,1,1,1,0,0,0,0,17.0,15,Unicorn_Absent,-1,-1.0,5,Unicorn_Absent,-2,0.0,32,0.36,49,0.09454545454545454,0.53125,LEFT,14.0,1.0,18.0,0.0,LEFT
0,9317057136,12,931708,Absent,32,1,1,1,1,0,0,0,0,1,1,1,1,0,0,0,0,1,1,1,1,0,0,0,0,1,1,1,1,0,0,0,0,1,1,1,1,0,0,0,0,1,1,1,1,0,0,0,0,1,1,1,1,0,0,0,0,1,1,1,1,0,0,0,0,0.0,32,Unicorn_Absent,-1,-1.0,5,Unicorn_Absent,-2,18.0,32,1.0,64,0.5,0.5,LEFT,17.0,0.3333333333333333,15.0,0.09454545454545454,BOTTOM
0,9317057136,18,931708,Absent,32,0,0,0,0,1,1,1,1,0,0,0,0,1,1,1,1,0,0,0,0,1,1,1,1,0,0,0,0,1,1,1,1,0,0,0,0,1,1,1,1,0,0,0,0,1,1,1,1,0,0,0,0,1,1,1,1,0,0,0,0,1,1,1,1,18.0,14,Unicorn_Absent,-1,-1.0,6,Unicorn_Absent,148,18.0,32,0.3333333333333333,46,0.6666666666666667,0.5,RIGHT,18.0,1.0,14.0,0.0,RIGHT
0,9317057136,19,931708,Absent,32,0,0,0,0,1,1,1,1,0,0,0,0,1,1,1,1,0,0,0,0,1,1,1,1,0,0,0,0,1,1,1,1,0,0,0,0,1,1,1,1,0,0,0,0,1,1,1,1,0,0,0,0,1,1,1,1,0,0,0,0,1,1,1,1,18.0,14,Unicorn_Absent,-1,-1.0,6,Unicorn_Absent,166,18.0,32,1.0,46,0.0,0.5,RIGHT,18.0,1.0,14.0,0.6666666666666667,RIGHT
0,9317057136,23,931708,Absent,32,0,0,0,0,1,1,1,1,0,0,0,0,1,1,1,1,0,0,0,0,1,1,1,1,0,0,0,0,1,1,1,1,0,0,0,0,1,1,1,1,0,0,0,0,1,1,1,1,0,0,0,0,1,1,1,1,0,0,0,0,1,1,1,1,18.0,14,Unicorn_Absent,-1,-1.0,6,Unicorn_Absent,255,18.0,32,1.0,46,0.0,0.5,RIGHT,18.0,1.0,14.0,0.0,RIGHT
0,9317057136,24,931708,Absent,32,0,0,0,0,1,1,1,1,0,0,0,0,1,1,1,1,0,0,0,0,1,1,1,1,0,0,0,0,1,1,1,1,0,0,0,0,1,1,1,1,0,0,0,0,1,1,1,1,0,0,0,0,1,1,1,1,0,0,0,0,1,1,1,1,18.0,14,Unicorn_Absent,-1,-1.0,6,Unicorn_Absent,273,18.0,32,1.0,46,0.0,0.5,RIGHT,18.0,1.0,14.0,0.0,RIGHT
0,9317057136,28,931708,Absent,32,0,0,0,0,1,1,1,1,0,0,0,0,1,1,1,1,0,0,0,0,1,1,1,1,0,0,0,0,1,1,1,1,0,0,0,0,1,1,1,1,0,0,0,0,1,1,1,1,0,0,0,0,1,1,1,1,0,0,0,0,1,1,1,1,18.0,14,Unicorn_Absent,-1,-1.0,6,Unicorn_Absent,366,18.0,32,1.0,46,0.0,0.5,RIGHT,18.0,1.0,14.0,0.0,RIGHT
0,9317057136,31,931708,Absent,32,0,0,0,0,1,1,1,1,0,0,0,0,1,1,1,1,0,0,0,0,1,1,1,1,0,0,0,0,1,1,1,1,0,0,0,0,1,1,1,1,0,0,0,0,1,1,1,1,0,0,0,0,1,1,1,1,0,0,0,0,1,1,1,1,18.0,14,Unicorn_Absent,-1,-1.0,6,Unicorn_Absent,429,18.0,32,1.0,46,0.0,0.5,RIGHT,18.0,1.0,14.0,0.0,RIGHT
0,9317057136,32,931708,Absent,32,0,0,0,0,1,1,1,1,0,0,0,0,1,1,1,1,0,0,0,0,1,1,1,1,0,0,0,0,1,1,1,1,0,0,0,0,1,1,1,1,0,0,0,0,1,1,1,1,0,0,0,0,1,1,1,1,0,0,0,0,1,1,1,1,18.0,14,Unicorn_Absent,-1,-1.0,6,Unicorn_Absent,447,18.0,32,1.0,46,0.0,0.5,RIGHT,18.0,1.0,14.0,0.0,RIGHT
0,9317057136,35,931708,Absent,32,0,0,0,0,1,1,1,1,0,0,0,0,1,1,1,1,0,0,0,0,1,1,1,1,0,0,0,0,1,1,1,1,0,0,0,0,1,1,1,1,0,0,0,0,1,1,1,1,0,0,0,0,1,1,1,1,0,0,0,0,1,1,1,1,30.0,2,Unicorn_Absent,-1,-1.0,6,Unicorn_Absent,417,0.0,32,1.0,40,0.8823529411764706,0.59375,RIGHT,18.0,1.0,14.0,0.0,RIGHT
0,9317057136,36,931708,Absent,32,0,0,0,0,1,1,1,1,0,0,0,0,1,1,1,1,0,0,0,0,1,1,1,1,0,0,0,0,1,1,1,1,0,0,0,0,1,1,1,1,0,0,0,0,1,1,1,1,0,0,0,0,1,1,1,1,0,0,0,0,1,1,1,1,0.0,32,Unicorn_Absent,-1,-1.0,6,Unicorn_Absent,417,19.0,32,1.0,64,0.84375,0.5,RIGHT,30.0,0.5,2.0,0.8823529411764706,ALL
0,9317057136,43,931708,Absent,32,1,1,1,1,1,1,1,1,1,1,1,1,1,1,1,1,1,1,1,1,1,1,1,1,1,1,1,1,1,1,1,1,0,0,0,0,0,0,0,0,0,0,0,0,0,0,0,0,0,0,0,0,0,0,0,0,0,0,0,0,0,0,0,0,32.0,0,Unicorn_Absent,-1,-1.0,4,Unicorn_Absent,492,32.0,32,0.5,32,0.5,0.5,TOP,0.0,1.0,32.0,0.875,TOP
0,9317057136,44,931708,Absent,32,1,1,1,1,1,1,1,1,1,1,1,1,1,1,1,1,1,1,1,1,1,1,1,1,1,1,1,1,1,1,1,1,0,0,0,0,0,0,0,0,0,0,0,0,0,0,0,0,0,0,0,0,0,0,0,0,0,0,0,0,0,0,0,0,32.0,0,Unicorn_Absent,-1,-1.0,4,Unicorn_Absent,524,32.0,32,1.0,32,0.0,0.5,TOP,32.0,1.0,0.0,0.5,TOP
0,9317057136,48,931708,Absent,32,0,0,0,0,0,0,0,0,0,0,0,0,0,0,0,0,0,0,0,0,0,0,0,0,0,0,0,0,0,0,0,0,1,1,1,1,1,1,1,1,1,1,1,1,1,1,1,1,1,1,1,1,1,1,1,1,1,1,1,1,1,1,1,1,15.0,17,Unicorn_Absent,-1,-1.0,3,Unicorn_Absent,539,16.0,32,0.0,54,0.0,0.578125,BOTTOM,32.0,1.0,0.0,0.0,BOTTOM
0,9317057136,49,931708,Absent,32,0,0,0,0,0,0,0,0,0,0,0,0,0,0,0,0,0,0,0,0,0,0,0,0,0,0,0,0,0,0,0,0,1,1,1,1,1,1,1,1,1,1,1,1,1,1,1,1,1,1,1,1,1,1,1,1,1,1,1,1,1,1,1,1,16.0,16,Unicorn_Absent,-1,-1.0,3,Unicorn_Absent,555,16.0,32,1.0,48,0.6603773584905661,0.5,BOTTOM,15.0,1.0,17.0,0.0,BOTTOM
0,9317057136,56,931708,Absent,36,0,0,0,0,0,0,0,0,0,1,1,1,1,1,1,0,0,1,1,1,1,1,1,0,0,1,1,1,1,1,1,0,0,1,1,1,1,1,1,0,0,1,1,1,1,1,1,0,0,1,1,1,1,1,1,0,0,0,0,0,0,0,0,0,14.0,18,Unicorn_Absent,-1,-1.0,7,Unicorn_Absent,575,16.0,36,0.23255813953488372,48,0.23619186046511628,0.46875,IN,15.0,0.391304347826087,17.0,0.33333333333333337,RS
0,9317057136,57,931708,Absent,28,0,1,1,0,0,0,0,0,0,1,1,1,0,0,1,1,0,1,1,0,0,1,0,0,1,0,0,0,0,0,0,0,1,1,0,1,1,1,0,1,0,1,0,1,1,0,0,0,0,1,1,1,0,1,0,0,0,0,1,0,1,1,0,1,16.0,16,Unicorn_Absent,-1,-1.0,0,Unicorn_Absent,591,21.0,28,0.391304347826087,45,0.10559006211180127,0.453125,RS,14.0,0.2894736842105263,18.0,0.23619186046511628,RS
0,9317057136,58,931708,Absent,21,0,0,0,0,0,0,1,1,0,0,0,1,1,1,1,0,0,1,0,0,0,1,1,0,0,0,0,0,0,0,0,1,1,1,1,0,0,1,0,0,0,1,0,0,0,1,0,1,0,0,0,0,0,0,0,0,0,1,1,0,1,1,0,0,21.0,11,Unicorn_Absent,-1,-1.0,0,Unicorn_Absent,612,4.0,21,0.2894736842105263,42,0.010526315789473661,0.484375,RS,16.0,0.32142857142857145,16.0,0.10559006211180127,RS
0,9317057136,59,931708,Absent,53,0,1,1,1,0,1,1,0,1,1,1,1,0,1,1,0,1,0,1,1,1,1,1,1,1,1,1,1,1,0,1,1,1,1,1,1,0,1,1,1,1,1,1,1,0,1,1,1,1,0,1,1,1,0,1,1,1,1,1,1,1,1,1,1,4.0,28,Unicorn_Absent,-1,-1.0,0,Unicorn_Absent,616,13.0,53,0.32142857142857145,57,0.6785714285714286,0.453125,RS,21.0,0.49122807017543857,11.0,0.010526315789473661,BOTTOM
0,9377855742,1,557423,Absent,41,1,1,0,1,1,1,1,1,1,0,1,0,1,1,0,1,1,1,0,0,0,1,1,1,0,1,1,1,0,1,0,0,1,0,1,0,0,0,1,0,1,1,1,0,1,0,1,1,1,0,1,1,1,1,1,1,1,0,1,0,0,1,1,0,30.0,2,Unicorn_Absent,-1,-1.0,0,Unicorn_Absent,30,32.0,41,,42,,0.625,RS,,0.40384615384615385,,,TOP
0,9377855742,2,557423,Absent,32,1,1,1,1,1,1,1,1,1,1,1,1,1,1,1,1,1,1,1,1,1,1,1,1,1,1,1,1,1,1,1,1,0,0,0,0,0,0,0,0,0,0,0,0,0,0,0,0,0,0,0,0,0,0,0,0,0,0,0,0,0,0,0,0,32.0,0,Unicorn_Absent,-1,-1.0,4,Unicorn_Absent,62,32.0,32,0.40384615384615385,32,0.40384615384615385,0.5,TOP,30.0,1.0,2.0,,TOP
0,9377855742,23,557423,Absent,32,1,1,1,1,0,0,0,0,1,1,1,1,0,0,0,0,1,1,1,1,0,0,0,0,1,1,1,1,0,0,0,0,1,1,1,1,0,0,0,0,1,1,1,1,0,0,0,0,1,1,1,1,0,0,0,0,1,1,1,1,0,0,0,0,32.0,0,Unicorn_Absent,-1,-1.0,5,Unicorn_Absent,369,32.0,32,0.5,32,0.5,0.5,LEFT,0.0,1.0,32.0,0.6666666666666667,LEFT
0,9377855742,30,557423,Absent,32,1,1,1,1,0,0,0,0,1,1,1,1,0,0,0,0,1,1,1,1,0,0,0,0,1,1,1,1,0,0,0,0,1,1,1,1,0,0,0,0,1,1,1,1,0,0,0,0,1,1,1,1,0,0,0,0,1,1,1,1,0,0,0,0,32.0,0,Unicorn_Absent,-1,-1.0,5,Unicorn_Absent,365,32.0,32,1.0,32,0.0,0.5,LEFT,32.0,1.0,0.0,0.0,LEFT
0,9377855742,33,557423,Absent,32,1,1,1,1,0,0,0,0,1,1,1,1,0,0,0,0,1,1,1,1,0,0,0,0,1,1,1,1,0,0,0,0,1,1,1,1,0,0,0,0,1,1,1,1,0,0,0,0,1,1,1,1,0,0,0,0,1,1,1,1,0,0,0,0,32.0,0,Unicorn_Absent,-1,-1.0,5,Unicorn_Absent,461,32.0,32,1.0,32,0.0,0.5,LEFT,32.0,1.0,0.0,0.0,LEFT
0,9377855742,36,557423,Absent,23,1,0,0,0,0,0,1,0,0,0,0,0,1,0,0,0,1,1,0,0,0,0,0,0,0,1,0,1,0,1,0,0,1,1,1,0,0,1,1,0,1,0,1,0,1,1,0,1,0,1,1,0,0,1,0,0,0,0,0,0,1,0,1,0,26.0,6,Unicorn_Absent,-1,-1.0,0,Unicorn_Absent,455,-20.0,23,0.27906976744186046,38,0.27906976744186046,0.5,RS,32.0,0.29310344827586204,0.0,0.0,RS
0,9377855742,44,557423,Absent,32,0,0,0,0,1,1,1,1,0,0,0,0,1,1,1,1,0,0,0,0,1,1,1,1,0,0,0,0,1,1,1,1,0,0,0,0,1,1,1,1,0,0,0,0,1,1,1,1,0,0,0,0,1,1,1,1,0,0,0,0,1,1,1,1,32.0,0,Unicorn_Absent,-1,-1.0,6,Unicorn_Absent,493,32.0,32,1.0,64,0.6470588235294117,1.0,RIGHT,13.0,1.0,19.0,0.037037037037037035,RIGHT
0,9377855742,48,557423,Absent,32,0,0,0,0,1,1,1,1,0,0,0,0,1,1,1,1,0,0,0,0,1,1,1,1,0,0,0,0,1,1,1,1,0,0,0,0,1,1,1,1,0,0,0,0,1,1,1,1,0,0,0,0,1,1,1,1,0,0,0,0,1,1,1,1,0.0,32,Unicorn_Absent,-1,-1.0,6,Unicorn_Absent,589,28.0,32,1.0,32,1.0,0.0,RIGHT,32.0,0.08333333333333333,0.0,0.0,RS
0,9377855742,52,557423,Absent,64,1,1,1,1,1,1,1,1,1,1,1,1,1,1,1,1,1,1,1,1,1,1,1,1,1,1,1,1,1,1,1,1,1,1,1,1,1,1,1,1,1,1,1,1,1,1,1,1,1,1,1,1,1,1,1,1,1,1,1,1,1,1,1,1,0.0,32,Unicorn_Absent,-1,-1.0,1,Unicorn_Absent,558,20.0,64,0.109375,64,0.109375,0.5,ALL,28.0,0.5,4.0,0.08333333333333333,TOP
0,9377855742,1,937781,Absent,3,0,0,0,0,0,0,0,0,1,0,0,1,0,0,0,0,0,0,0,0,0,0,0,0,0,0,0,0,0,0,0,0,0,0,0,0,0,0,0,0,0,0,0,0,0,0,0,0,0,0,0,0,0,0,0,0,1,0,0,0,0,0,0,0,30.0,2,Unicorn_Absent,-1,-1.0,0,Unicorn_Absent,30,32.0,3,,42,,0.625,RS,,0.0,,,NOTHING
0,9377855742,2,937781,Absent,0,0,0,0,0,0,0,0,0,0,0,0,0,0,0,0,0,0,0,0,0,0,0,0,0,0,0,0,0,0,0,0,0,0,0,0,0,0,0,0,0,0,0,0,0,0,0,0,0,0,0,0,0,0,0,0,0,0,0,0,0,0,0,0,0,32.0,0,Unicorn_Absent,-1,-1.0,2,Unicorn_Absent,62,32.0,0,0.0,32,0.40384615384615385,0.5,NOTHING,30.0,1.0,2.0,,NOTHING
0,9377855742,23,937781,Absent,0,0,0,0,0,0,0,0,0,0,0,0,0,0,0,0,0,0,0,0,0,0,0,0,0,0,0,0,0,0,0,0,0,0,0,0,0,0,0,0,0,0,0,0,0,0,0,0,0,0,0,0,0,0,0,0,0,0,0,0,0,0,0,0,0,32.0,0,Unicorn_Absent,-1,-1.0,2,Unicorn_Absent,369,32.0,0,0.0,32,0.5,0.5,NOTHING,0.0,1.0,32.0,0.6666666666666667,NOTHING
0,9377855742,30,937781,Absent,0,0,0,0,0,0,0,0,0,0,0,0,0,0,0,0,0,0,0,0,0,0,0,0,0,0,0,0,0,0,0,0,0,0,0,0,0,0,0,0,0,0,0,0,0,0,0,0,0,0,0,0,0,0,0,0,0,0,0,0,0,0,0,0,0,32.0,0,Unicorn_Absent,-1,-1.0,2,Unicorn_Absent,365,32.0,0,1.0,32,0.0,0.5,NOTHING,32.0,1.0,0.0,0.0,NOTHING
0,9377855742,33,937781,Absent,0,0,0,0,0,0,0,0,0,0,0,0,0,0,0,0,0,0,0,0,0,0,0,0,0,0,0,0,0,0,0,0,0,0,0,0,0,0,0,0,0,0,0,0,0,0,0,0,0,0,0,0,0,0,0,0,0,0,0,0,0,0,0,0,0,32.0,0,Unicorn_Absent,-1,-1.0,2,Unicorn_Absent,461,32.0,0,1.0,32,0.0,0.5,NOTHING,32.0,1.0,0.0,0.0,NOTHING
0,9377855742,36,937781,Absent,21,1,0,1,0,0,1,0,0,1,0,0,1,0,0,1,1,0,1,0,1,0,0,1,1,1,1,0,0,0,0,0,0,1,1,0,0,1,0,0,1,0,0,0,0,1,0,0,0,0,0,0,1,1,0,0,0,0,1,0,0,0,0,0,0,26.0,6,Unicorn_Absent,-1,-1.0,0,Unicorn_Absent,455,-20.0,21,0.0,38,0.27906976744186046,0.5,RS,32.0,0.328125,0.0,0.0,ALL
0,9377855742,44,937781,Absent,32,1,1,1,1,0,0,0,0,1,1,1,1,0,0,0,0,1,1,1,1,0,0,0,0,1,1,1,1,0,0,0,0,1,1,1,1,0,0,0,0,1,1,1,1,0,0,0,0,1,1,1,1,0,0,0,0,1,1,1,1,0,0,0,0,32.0,0,Unicorn_Absent,-1,-1.0,5,Unicorn_Absent,493,32.0,32,0.35294117647058826,64,0.6470588235294117,1.0,LEFT,13.0,1.0,19.0,0.037037037037037035,LEFT
0,9377855742,48,937781,Absent,32,0,0,0,0,1,1,1,1,0,0,0,0,1,1,1,1,0,0,0,0,1,1,1,1,0,0,0,0,1,1,1,1,0,0,0,0,1,1,1,1,0,0,0,0,1,1,1,1,0,0,0,0,1,1,1,1,0,0,0,0,1,1,1,1,0.0,32,Unicorn_Absent,-1,-1.0,6,Unicorn_Absent,589,28.0,32,0.0,32,1.0,0.0,RIGHT,32.0,0.0,0.0,0.0,LEFT
0,9377855742,52,937781,Absent,32,0,0,0,0,1,1,1,1,0,0,0,0,1,1,1,1,0,0,0,0,1,1,1,1,0,0,0,0,1,1,1,1,0,0,0,0,1,1,1,1,0,0,0,0,1,1,1,1,0,0,0,0,1,1,1,1,0,0,0,0,1,1,1,1,0.0,32,Unicorn_Absent,-1,-1.0,6,Unicorn_Absent,558,20.0,32,0.0,64,0.109375,0.5,RIGHT,28.0,0.275,4.0,0.08333333333333333,RS
0,9516260202,3,602022,Absent,0,0,0,0,0,0,0,0,0,0,0,0,0,0,0,0,0,0,0,0,0,0,0,0,0,0,0,0,0,0,0,0,0,0,0,0,0,0,0,0,0,0,0,0,0,0,0,0,0,0,0,0,0,0,0,0,0,0,0,0,0,0,0,0,0,32.0,0,Unicorn_Absent,-1,-1.0,2,Unicorn_Absent,89,32.0,0,0.0,28,0.39285714285714285,0.4375,NOTHING,25.0,1.0,7.0,,NOTHING
0,9516260202,4,602022,Absent,0,0,0,0,0,0,0,0,0,0,0,0,0,0,0,0,0,0,0,0,0,0,0,0,0,0,0,0,0,0,0,0,0,0,0,0,0,0,0,0,0,0,0,0,0,0,0,0,0,0,0,0,0,0,0,0,0,0,0,0,0,0,0,0,0,32.0,0,Unicorn_Absent,-1,-1.0,2,Unicorn_Absent,121,32.0,0,1.0,0,1.0,0.0,NOTHING,32.0,1.0,0.0,0.39285714285714285,NOTHING
0,9516260202,5,602022,Absent,0,0,0,0,0,0,0,0,0,0,0,0,0,0,0,0,0,0,0,0,0,0,0,0,0,0,0,0,0,0,0,0,0,0,0,0,0,0,0,0,0,0,0,0,0,0,0,0,0,0,0,0,0,0,0,0,0,0,0,0,0,0,0,0,0,32.0,0,Unicorn_Absent,-1,-1.0,2,Unicorn_Absent,153,32.0,0,1.0,0,0.0,0.0,NOTHING,32.0,1.0,0.0,1.0,NOTHING
0,9516260202,8,602022,Absent,64,1,1,1,1,1,1,1,1,1,1,1,1,1,1,1,1,1,1,1,1,1,1,1,1,1,1,1,1,1,1,1,1,1,1,1,1,1,1,1,1,1,1,1,1,1,1,1,1,1,1,1,1,1,1,1,1,1,1,1,1,1,1,1,1,-6.0,38,Unicorn_Absent,-1,-1.0,1,Unicorn_Absent,115,24.0,64,0.0,64,0.0,0.40625,ALL,32.0,0.421875,0.0,0.0,RS
0,9516260202,9,602022,Absent,27,1,1,1,0,0,1,1,0,1,0,0,0,0,0,0,1,0,1,0,1,0,1,0,0,0,0,1,0,0,0,0,0,1,1,0,0,0,0,0,0,0,0,1,1,0,0,0,1,1,0,0,1,1,1,0,0,0,1,1,1,1,1,1,1,24.0,8,Unicorn_Absent,-1,-1.0,0,Unicorn_Absent,139,32.0,27,0.421875,46,0.03889627659574468,0.59375,RS,-6.0,0.2857142857142857,38.0,0.0,RS
0,9516260202,10,602022,Absent,45,1,0,0,0,1,1,1,0,0,1,1,0,1,1,1,1,1,1,1,0,0,1,1,1,0,1,0,1,0,1,1,1,0,1,1,1,1,1,1,1,0,1,0,1,1,1,1,1,1,1,1,0,1,1,0,1,1,1,0,1,0,1,1,0,32.0,0,Unicorn_Absent,-1,-1.0,0,Unicorn_Absent,171,32.0,45,0.2857142857142857,45,0.2857142857142857,0.703125,RS,24.0,0.32,8.0,0.03889627659574468,RS
0,9516260202,16,602022,Absent,32,0,0,0,0,1,1,1,1,0,0,0,0,1,1,1,1,0,0,0,0,1,1,1,1,0,0,0,0,1,1,1,1,0,0,0,0,1,1,1,1,0,0,0,0,1,1,1,1,0,0,0,0,1,1,1,1,0,0,0,0,1,1,1,1,32.0,0,Unicorn_Absent,-1,-1.0,6,Unicorn_Absent,363,32.0,32,1.0,32,0.0,0.5,RIGHT,32.0,1.0,0.0,0.7380952380952381,RIGHT
0,9516260202,29,602022,Absent,0,0,0,0,0,0,0,0,0,0,0,0,0,0,0,0,0,0,0,0,0,0,0,0,0,0,0,0,0,0,0,0,0,0,0,0,0,0,0,0,0,0,0,0,0,0,0,0,0,0,0,0,0,0,0,0,0,0,0,0,0,0,0,0,0,32.0,0,Unicorn_Absent,-1,-1.0,2,Unicorn_Absent,683,32.0,0,1.0,64,0.0,1.0,NOTHING,32.0,1.0,0.0,0.0,NOTHING
0,9516260202,38,602022,Absent,0,0,0,0,0,0,0,0,0,0,0,0,0,0,0,0,0,0,0,0,0,0,0,0,0,0,0,0,0,0,0,0,0,0,0,0,0,0,0,0,0,0,0,0,0,0,0,0,0,0,0,0,0,0,0,0,0,0,0,0,0,0,0,0,0,32.0,0,Unicorn_Absent,-1,-1.0,2,Unicorn_Absent,971,32.0,0,1.0,64,0.0,1.0,NOTHING,32.0,1.0,0.0,0.0,NOTHING
0,9516260202,39,602022,Absent,0,0,0,0,0,0,0,0,0,0,0,0,0,0,0,0,0,0,0,0,0,0,0,0,0,0,0,0,0,0,0,0,0,0,0,0,0,0,0,0,0,0,0,0,0,0,0,0,0,0,0,0,0,0,0,0,0,0,0,0,0,0,0,0,0,32.0,0,Unicorn_Absent,-1,-1.0,2,Unicorn_Absent,1003,32.0,0,1.0,64,0.0,1.0,NOTHING,32.0,1.0,0.0,0.0,NOTHING
0,9516260202,40,602022,Absent,0,0,0,0,0,0,0,0,0,0,0,0,0,0,0,0,0,0,0,0,0,0,0,0,0,0,0,0,0,0,0,0,0,0,0,0,0,0,0,0,0,0,0,0,0,0,0,0,0,0,0,0,0,0,0,0,0,0,0,0,0,0,0,0,0,32.0,0,Unicorn_Absent,-1,-1.0,2,Unicorn_Absent,1035,32.0,0,1.0,64,0.0,1.0,NOTHING,32.0,1.0,0.0,0.0,NOTHING
0,9516260202,41,602022,Absent,0,0,0,0,0,0,0,0,0,0,0,0,0,0,0,0,0,0,0,0,0,0,0,0,0,0,0,0,0,0,0,0,0,0,0,0,0,0,0,0,0,0,0,0,0,0,0,0,0,0,0,0,0,0,0,0,0,0,0,0,0,0,0,0,0,32.0,0,Unicorn_Absent,-1,-1.0,2,Unicorn_Absent,1067,32.0,0,1.0,64,0.0,1.0,NOTHING,32.0,1.0,0.0,0.0,NOTHING
0,9516260202,42,602022,Absent,0,0,0,0,0,0,0,0,0,0,0,0,0,0,0,0,0,0,0,0,0,0,0,0,0,0,0,0,0,0,0,0,0,0,0,0,0,0,0,0,0,0,0,0,0,0,0,0,0,0,0,0,0,0,0,0,0,0,0,0,0,0,0,0,0,32.0,0,Unicorn_Absent,-1,-1.0,2,Unicorn_Absent,1099,32.0,0,1.0,64,0.0,1.0,NOTHING,32.0,1.0,0.0,0.0,NOTHING
0,9516260202,56,602022,Absent,0,0,0,0,0,0,0,0,0,0,0,0,0,0,0,0,0,0,0,0,0,0,0,0,0,0,0,0,0,0,0,0,0,0,0,0,0,0,0,0,0,0,0,0,0,0,0,0,0,0,0,0,0,0,0,0,0,0,0,0,0,0,0,0,0,32.0,0,Unicorn_Absent,-1,-1.0,2,Unicorn_Absent,1547,32.0,0,1.0,64,0.0,1.0,NOTHING,32.0,1.0,0.0,0.0,NOTHING
0,9516260202,57,602022,Absent,0,0,0,0,0,0,0,0,0,0,0,0,0,0,0,0,0,0,0,0,0,0,0,0,0,0,0,0,0,0,0,0,0,0,0,0,0,0,0,0,0,0,0,0,0,0,0,0,0,0,0,0,0,0,0,0,0,0,0,0,0,0,0,0,0,32.0,0,Unicorn_Absent,-1,-1.0,2,Unicorn_Absent,1579,32.0,0,1.0,64,0.0,1.0,NOTHING,32.0,1.0,0.0,0.0,NOTHING
0,9516260202,58,602022,Absent,0,0,0,0,0,0,0,0,0,0,0,0,0,0,0,0,0,0,0,0,0,0,0,0,0,0,0,0,0,0,0,0,0,0,0,0,0,0,0,0,0,0,0,0,0,0,0,0,0,0,0,0,0,0,0,0,0,0,0,0,0,0,0,0,0,32.0,0,Unicorn_Absent,-1,-1.0,2,Unicorn_Absent,1611,32.0,0,1.0,64,0.0,1.0,NOTHING,32.0,1.0,0.0,0.0,NOTHING
0,9516260202,3,951626,Absent,28,1,1,0,0,1,0,1,0,0,1,1,0,0,1,1,0,1,0,1,0,0,1,1,1,1,1,0,1,1,0,0,1,0,1,0,1,0,0,0,0,0,0,0,0,1,1,0,1,1,0,0,0,1,0,1,0,1,0,0,1,0,0,0,0,32.0,0,Unicorn_Absent,-1,-1.0,0,Unicorn_Absent,89,32.0,28,0.39285714285714285,28,0.39285714285714285,0.4375,RS,25.0,0.0,7.0,,NOTHING
0,9516260202,4,951626,Absent,0,0,0,0,0,0,0,0,0,0,0,0,0,0,0,0,0,0,0,0,0,0,0,0,0,0,0,0,0,0,0,0,0,0,0,0,0,0,0,0,0,0,0,0,0,0,0,0,0,0,0,0,0,0,0,0,0,0,0,0,0,0,0,0,0,32.0,0,Unicorn_Absent,-1,-1.0,2,Unicorn_Absent,121,32.0,0,0.0,0,1.0,0.0,NOTHING,32.0,1.0,0.0,0.39285714285714285,NOTHING
0,9516260202,5,951626,Absent,0,0,0,0,0,0,0,0,0,0,0,0,0,0,0,0,0,0,0,0,0,0,0,0,0,0,0,0,0,0,0,0,0,0,0,0,0,0,0,0,0,0,0,0,0,0,0,0,0,0,0,0,0,0,0,0,0,0,0,0,0,0,0,0,0,32.0,0,Unicorn_Absent,-1,-1.0,2,Unicorn_Absent,153,32.0,0,1.0,0,0.0,0.0,NOTHING,32.0,1.0,0.0,1.0,NOTHING
0,9516260202,8,951626,Absent,38,0,1,1,1,0,0,0,1,1,1,1,1,1,1,1,0,1,1,0,1,1,0,1,1,1,1,1,0,1,1,1,0,0,0,0,0,1,0,1,1,0,1,1,1,1,1,0,1,0,1,1,1,0,1,0,1,0,0,0,1,0,0,0,0,-6.0,38,Unicorn_Absent,-1,-1.0,0,Unicorn_Absent,115,24.0,38,0.0,64,0.0,0.40625,RS,32.0,0.3829787234042553,0.0,0.0,RS
0,9516260202,9,951626,Absent,27,0,0,0,0,1,0,1,1,0,1,1,0,1,1,1,0,1,0,0,1,0,0,1,0,0,1,0,0,0,1,1,0,1,0,0,1,0,1,1,0,0,1,0,0,1,0,1,1,0,0,0,1,1,0,1,0,0,0,0,1,0,0,1,0,24.0,8,Unicorn_Absent,-1,-1.0,0,Unicorn_Absent,139,32.0,27,0.3829787234042553,46,0.03889627659574468,0.59375,RS,-6.0,0.0,38.0,0.0,NOTHING
0,9516260202,10,951626,Absent,0,0,0,0,0,0,0,0,0,0,0,0,0,0,0,0,0,0,0,0,0,0,0,0,0,0,0,0,0,0,0,0,0,0,0,0,0,0,0,0,0,0,0,0,0,0,0,0,0,0,0,0,0,0,0,0,0,0,0,0,0,0,0,0,0,32.0,0,Unicorn_Absent,-1,-1.0,2,Unicorn_Absent,171,32.0,0,0.0,45,0.2857142857142857,0.703125,NOTHING,24.0,1.0,8.0,0.03889627659574468,NOTHING
0,9516260202,16,951626,Absent,0,0,0,0,0,0,0,0,0,0,0,0,0,0,0,0,0,0,0,0,0,0,0,0,0,0,0,0,0,0,0,0,0,0,0,0,0,0,0,0,0,0,0,0,0,0,0,0,0,0,0,0,0,0,0,0,0,0,0,0,0,0,0,0,0,32.0,0,Unicorn_Absent,-1,-1.0,2,Unicorn_Absent,363,32.0,0,1.0,32,0.0,0.5,NOTHING,32.0,1.0,0.0,0.7380952380952381,NOTHING
0,9516260202,29,951626,Absent,64,1,1,1,1,1,1,1,1,1,1,1,1,1,1,1,1,1,1,1,1,1,1,1,1,1,1,1,1,1,1,1,1,1,1,1,1,1,1,1,1,1,1,1,1,1,1,1,1,1,1,1,1,1,1,1,1,1,1,1,1,1,1,1,1,32.0,0,Unicorn_Absent,-1,-1.0,1,Unicorn_Absent,683,32.0,64,1.0,64,0.0,1.0,ALL,32.0,1.0,0.0,0.0,ALL
0,9516260202,38,951626,Absent,64,1,1,1,1,1,1,1,1,1,1,1,1,1,1,1,1,1,1,1,1,1,1,1,1,1,1,1,1,1,1,1,1,1,1,1,1,1,1,1,1,1,1,1,1,1,1,1,1,1,1,1,1,1,1,1,1,1,1,1,1,1,1,1,1,32.0,0,Unicorn_Absent,-1,-1.0,1,Unicorn_Absent,971,32.0,64,1.0,64,0.0,1.0,ALL,32.0,1.0,0.0,0.0,ALL
0,9516260202,39,951626,Absent,64,1,1,1,1,1,1,1,1,1,1,1,1,1,1,1,1,1,1,1,1,1,1,1,1,1,1,1,1,1,1,1,1,1,1,1,1,1,1,1,1,1,1,1,1,1,1,1,1,1,1,1,1,1,1,1,1,1,1,1,1,1,1,1,1,32.0,0,Unicorn_Absent,-1,-1.0,1,Unicorn_Absent,1003,32.0,64,1.0,64,0.0,1.0,ALL,32.0,1.0,0.0,0.0,ALL
0,9516260202,40,951626,Absent,64,1,1,1,1,1,1,1,1,1,1,1,1,1,1,1,1,1,1,1,1,1,1,1,1,1,1,1,1,1,1,1,1,1,1,1,1,1,1,1,1,1,1,1,1,1,1,1,1,1,1,1,1,1,1,1,1,1,1,1,1,1,1,1,1,32.0,0,Unicorn_Absent,-1,-1.0,1,Unicorn_Absent,1035,32.0,64,1.0,64,0.0,1.0,ALL,32.0,1.0,0.0,0.0,ALL
0,9516260202,41,951626,Absent,64,1,1,1,1,1,1,1,1,1,1,1,1,1,1,1,1,1,1,1,1,1,1,1,1,1,1,1,1,1,1,1,1,1,1,1,1,1,1,1,1,1,1,1,1,1,1,1,1,1,1,1,1,1,1,1,1,1,1,1,1,1,1,1,1,32.0,0,Unicorn_Absent,-1,-1.0,1,Unicorn_Absent,1067,32.0,64,1.0,64,0.0,1.0,ALL,32.0,1.0,0.0,0.0,ALL
0,9516260202,42,951626,Absent,64,1,1,1,1,1,1,1,1,1,1,1,1,1,1,1,1,1,1,1,1,1,1,1,1,1,1,1,1,1,1,1,1,1,1,1,1,1,1,1,1,1,1,1,1,1,1,1,1,1,1,1,1,1,1,1,1,1,1,1,1,1,1,1,1,32.0,0,Unicorn_Absent,-1,-1.0,1,Unicorn_Absent,1099,32.0,64,1.0,64,0.0,1.0,ALL,32.0,1.0,0.0,0.0,ALL
0,9516260202,56,951626,Absent,64,1,1,1,1,1,1,1,1,1,1,1,1,1,1,1,1,1,1,1,1,1,1,1,1,1,1,1,1,1,1,1,1,1,1,1,1,1,1,1,1,1,1,1,1,1,1,1,1,1,1,1,1,1,1,1,1,1,1,1,1,1,1,1,1,32.0,0,Unicorn_Absent,-1,-1.0,1,Unicorn_Absent,1547,32.0,64,1.0,64,0.0,1.0,ALL,32.0,1.0,0.0,0.0,ALL
0,9516260202,57,951626,Absent,64,1,1,1,1,1,1,1,1,1,1,1,1,1,1,1,1,1,1,1,1,1,1,1,1,1,1,1,1,1,1,1,1,1,1,1,1,1,1,1,1,1,1,1,1,1,1,1,1,1,1,1,1,1,1,1,1,1,1,1,1,1,1,1,1,32.0,0,Unicorn_Absent,-1,-1.0,1,Unicorn_Absent,1579,32.0,64,1.0,64,0.0,1.0,ALL,32.0,1.0,0.0,0.0,ALL
0,9516260202,58,951626,Absent,64,1,1,1,1,1,1,1,1,1,1,1,1,1,1,1,1,1,1,1,1,1,1,1,1,1,1,1,1,1,1,1,1,1,1,1,1,1,1,1,1,1,1,1,1,1,1,1,1,1,1,1,1,1,1,1,1,1,1,1,1,1,1,1,1,32.0,0,Unicorn_Absent,-1,-1.0,1,Unicorn_Absent,1611,32.0,64,1.0,64,0.0,1.0,ALL,32.0,1.0,0.0,0.0,ALL
0,9736553617,1,536175,Absent,20,0,0,1,0,0,0,0,0,1,1,0,0,0,1,0,0,0,0,0,1,0,0,0,0,0,0,1,0,1,0,1,0,1,0,0,0,1,0,1,0,1,0,0,1,1,1,0,1,0,1,0,0,1,0,0,0,0,0,0,0,1,0,0,1,25.0,7,Unicorn_Absent,-1,-1.0,0,Unicorn_Absent,25,3.0,20,,35,,0.4375,RS,,0.2830188679245283,,,RS
0,9736553617,6,536175,Absent,32,0,0,0,0,0,0,0,0,0,0,0,0,0,0,0,0,0,0,0,0,0,0,0,0,0,0,0,0,0,0,0,0,1,1,1,1,1,1,1,1,1,1,1,1,1,1,1,1,1,1,1,1,1,1,1,1,1,1,1,1,1,1,1,1,16.0,16,Unicorn_Absent,-1,-1.0,3,Unicorn_Absent,108,16.0,32,0.45454545454545453,48,0.0623885918003565,0.5,BOTTOM,3.0,1.0,29.0,0.01218553459119498,BOTTOM
0,9736553617,7,536175,Absent,32,0,0,0,0,0,0,0,0,0,0,0,0,0,0,0,0,0,0,0,0,0,0,0,0,0,0,0,0,0,0,0,0,1,1,1,1,1,1,1,1,1,1,1,1,1,1,1,1,1,1,1,1,1,1,1,1,1,1,1,1,1,1,1,1,16.0,16,Unicorn_Absent,-1,-1.0,3,Unicorn_Absent,124,16.0,32,1.0,48,0.0,0.5,BOTTOM,16.0,1.0,16.0,0.0623885918003565,BOTTOM
0,9736553617,8,536175,Absent,32,0,0,0,0,0,0,0,0,0,0,0,0,0,0,0,0,0,0,0,0,0,0,0,0,0,0,0,0,0,0,0,0,1,1,1,1,1,1,1,1,1,1,1,1,1,1,1,1,1,1,1,1,1,1,1,1,1,1,1,1,1,1,1,1,16.0,16,Unicorn_Absent,-1,-1.0,3,Unicorn_Absent,140,16.0,32,1.0,48,0.0,0.5,BOTTOM,16.0,1.0,16.0,0.0,BOTTOM
0,9736553617,23,536175,Absent,32,0,0,0,0,0,0,0,0,0,0,0,0,0,0,0,0,0,0,0,0,0,0,0,0,0,0,0,0,0,0,0,0,1,1,1,1,1,1,1,1,1,1,1,1,1,1,1,1,1,1,1,1,1,1,1,1,1,1,1,1,1,1,1,1,16.0,16,Unicorn_Absent,-1,-1.0,3,Unicorn_Absent,212,16.0,32,1.0,48,0.0,0.5,BOTTOM,16.0,1.0,16.0,0.10377358490566035,BOTTOM
0,9736553617,24,536175,Absent,32,0,0,0,0,0,0,0,0,0,0,0,0,0,0,0,0,0,0,0,0,0,0,0,0,0,0,0,0,0,0,0,0,1,1,1,1,1,1,1,1,1,1,1,1,1,1,1,1,1,1,1,1,1,1,1,1,1,1,1,1,1,1,1,1,16.0,16,Unicorn_Absent,-1,-1.0,3,Unicorn_Absent,228,16.0,32,1.0,48,0.0,0.5,BOTTOM,16.0,1.0,16.0,0.0,BOTTOM
0,9736553617,38,536175,Absent,32,1,1,1,1,0,0,0,0,1,1,1,1,0,0,0,0,1,1,1,1,0,0,0,0,1,1,1,1,0,0,0,0,1,1,1,1,0,0,0,0,1,1,1,1,0,0,0,0,1,1,1,1,0,0,0,0,1,1,1,1,0,0,0,0,0.0,32,Unicorn_Absent,-1,-1.0,5,Unicorn_Absent,132,31.0,32,0.36,64,0.14,0.5,LEFT,14.0,0.30434782608695654,18.0,0.6585365853658536,OUT
0,9736553617,43,536175,Absent,32,0,0,0,0,1,1,1,1,0,0,0,0,1,1,1,1,0,0,0,0,1,1,1,1,0,0,0,0,1,1,1,1,0,0,0,0,1,1,1,1,0,0,0,0,1,1,1,1,0,0,0,0,1,1,1,1,0,0,0,0,1,1,1,1,32.0,0,Unicorn_Absent,-1,-1.0,6,Unicorn_Absent,171,32.0,32,1.0,64,0.7142857142857143,1.0,RIGHT,8.0,1.0,24.0,0.2376811594202899,RIGHT
0,9736553617,44,536175,Absent,32,0,0,0,0,1,1,1,1,0,0,0,0,1,1,1,1,0,0,0,0,1,1,1,1,0,0,0,0,1,1,1,1,0,0,0,0,1,1,1,1,0,0,0,0,1,1,1,1,0,0,0,0,1,1,1,1,0,0,0,0,1,1,1,1,32.0,0,Unicorn_Absent,-1,-1.0,6,Unicorn_Absent,203,32.0,32,1.0,64,0.0,1.0,RIGHT,32.0,1.0,0.0,0.7142857142857143,RIGHT
0,9736553617,47,536175,Absent,0,0,0,0,0,0,0,0,0,0,0,0,0,0,0,0,0,0,0,0,0,0,0,0,0,0,0,0,0,0,0,0,0,0,0,0,0,0,0,0,0,0,0,0,0,0,0,0,0,0,0,0,0,0,0,0,0,0,0,0,0,0,0,0,0,32.0,0,Unicorn_Absent,-1,-1.0,2,Unicorn_Absent,299,32.0,0,0.0,32,1.0,0.5,NOTHING,32.0,1.0,0.0,0.0,NOTHING
0,9736553617,48,536175,Absent,0,0,0,0,0,0,0,0,0,0,0,0,0,0,0,0,0,0,0,0,0,0,0,0,0,0,0,0,0,0,0,0,0,0,0,0,0,0,0,0,0,0,0,0,0,0,0,0,0,0,0,0,0,0,0,0,0,0,0,0,0,0,0,0,0,32.0,0,Unicorn_Absent,-1,-1.0,2,Unicorn_Absent,331,32.0,0,1.0,32,0.0,0.5,NOTHING,32.0,1.0,0.0,1.0,NOTHING
0,9736553617,51,536175,Absent,0,0,0,0,0,0,0,0,0,0,0,0,0,0,0,0,0,0,0,0,0,0,0,0,0,0,0,0,0,0,0,0,0,0,0,0,0,0,0,0,0,0,0,0,0,0,0,0,0,0,0,0,0,0,0,0,0,0,0,0,0,0,0,0,0,32.0,0,Unicorn_Absent,-1,-1.0,2,Unicorn_Absent,427,32.0,0,1.0,32,0.0,0.5,NOTHING,32.0,1.0,0.0,0.0,NOTHING
0,9736553617,55,536175,Absent,28,1,1,1,1,1,1,1,1,1,0,0,0,0,0,0,1,1,0,0,0,0,0,0,1,1,0,0,0,0,0,0,1,1,0,0,0,0,0,0,1,1,0,0,0,0,0,0,1,1,0,0,0,0,0,0,1,1,1,1,1,1,1,1,1,32.0,0,Unicorn_Absent,-1,-1.0,8,Unicorn_Absent,459,32.0,28,0.0,64,0.36,1.0,OUT,32.0,1.0,0.0,0.0,OUT
0,9736553617,1,973650,Absent,22,1,0,0,1,0,1,0,1,0,0,1,1,0,0,0,1,0,0,0,0,1,1,0,0,1,0,1,0,0,1,1,0,1,0,0,0,0,0,0,0,0,0,0,1,0,0,0,0,1,1,0,0,0,0,1,0,0,0,1,0,1,0,1,1,25.0,7,Unicorn_Absent,-1,-1.0,0,Unicorn_Absent,25,3.0,22,,35,,0.4375,RS,,0.2708333333333333,,,RS
0,9736553617,6,973650,Absent,32,0,0,0,0,1,1,1,1,0,0,0,0,1,1,1,1,0,0,0,0,1,1,1,1,0,0,0,0,1,1,1,1,0,0,0,0,1,1,1,1,0,0,0,0,1,1,1,1,0,0,0,0,1,1,1,1,0,0,0,0,1,1,1,1,16.0,16,Unicorn_Absent,-1,-1.0,6,Unicorn_Absent,108,16.0,32,0.39215686274509803,48,0.0623885918003565,0.5,RIGHT,3.0,1.0,29.0,0.01218553459119498,RIGHT
0,9736553617,7,973650,Absent,32,0,0,0,0,1,1,1,1,0,0,0,0,1,1,1,1,0,0,0,0,1,1,1,1,0,0,0,0,1,1,1,1,0,0,0,0,1,1,1,1,0,0,0,0,1,1,1,1,0,0,0,0,1,1,1,1,0,0,0,0,1,1,1,1,16.0,16,Unicorn_Absent,-1,-1.0,6,Unicorn_Absent,124,16.0,32,1.0,48,0.0,0.5,RIGHT,16.0,1.0,16.0,0.0623885918003565,RIGHT
0,9736553617,8,973650,Absent,32,0,0,0,0,1,1,1,1,0,0,0,0,1,1,1,1,0,0,0,0,1,1,1,1,0,0,0,0,1,1,1,1,0,0,0,0,1,1,1,1,0,0,0,0,1,1,1,1,0,0,0,0,1,1,1,1,0,0,0,0,1,1,1,1,16.0,16,Unicorn_Absent,-1,-1.0,6,Unicorn_Absent,140,16.0,32,1.0,48,0.0,0.5,RIGHT,16.0,1.0,16.0,0.0,RIGHT
0,9736553617,23,973650,Absent,32,1,1,1,1,0,0,0,0,1,1,1,1,0,0,0,0,1,1,1,1,0,0,0,0,1,1,1,1,0,0,0,0,1,1,1,1,0,0,0,0,1,1,1,1,0,0,0,0,1,1,1,1,0,0,0,0,1,1,1,1,0,0,0,0,16.0,16,Unicorn_Absent,-1,-1.0,5,Unicorn_Absent,212,16.0,32,1.0,48,0.0,0.5,LEFT,16.0,1.0,16.0,0.10377358490566035,LEFT
0,9736553617,24,973650,Absent,32,1,1,1,1,0,0,0,0,1,1,1,1,0,0,0,0,1,1,1,1,0,0,0,0,1,1,1,1,0,0,0,0,1,1,1,1,0,0,0,0,1,1,1,1,0,0,0,0,1,1,1,1,0,0,0,0,1,1,1,1,0,0,0,0,16.0,16,Unicorn_Absent,-1,-1.0,5,Unicorn_Absent,228,16.0,32,1.0,48,0.0,0.5,LEFT,16.0,1.0,16.0,0.0,LEFT
0,9736553617,38,973650,Absent,64,1,1,1,1,1,1,1,1,1,1,1,1,1,1,1,1,1,1,1,1,1,1,1,1,1,1,1,1,1,1,1,1,1,1,1,1,1,1,1,1,1,1,1,1,1,1,1,1,1,1,1,1,1,1,1,1,1,1,1,1,1,1,1,1,0.0,32,Unicorn_Absent,-1,-1.0,1,Unicorn_Absent,132,31.0,64,0.5,64,0.14,0.5,ALL,14.0,0.125,18.0,0.6585365853658536,RS
0,9736553617,43,973650,Absent,32,1,1,1,1,0,0,0,0,1,1,1,1,0,0,0,0,1,1,1,1,0,0,0,0,1,1,1,1,0,0,0,0,1,1,1,1,0,0,0,0,1,1,1,1,0,0,0,0,1,1,1,1,0,0,0,0,1,1,1,1,0,0,0,0,32.0,0,Unicorn_Absent,-1,-1.0,5,Unicorn_Absent,171,32.0,32,0.2857142857142857,64,0.7142857142857143,1.0,LEFT,8.0,1.0,24.0,0.2376811594202899,LEFT
0,9736553617,44,973650,Absent,32,1,1,1,1,0,0,0,0,1,1,1,1,0,0,0,0,1,1,1,1,0,0,0,0,1,1,1,1,0,0,0,0,1,1,1,1,0,0,0,0,1,1,1,1,0,0,0,0,1,1,1,1,0,0,0,0,1,1,1,1,0,0,0,0,32.0,0,Unicorn_Absent,-1,-1.0,5,Unicorn_Absent,203,32.0,32,1.0,64,0.0,1.0,LEFT,32.0,1.0,0.0,0.7142857142857143,LEFT
0,9736553617,47,973650,Absent,32,1,1,1,1,0,0,0,0,1,1,1,1,0,0,0,0,1,1,1,1,0,0,0,0,1,1,1,1,0,0,0,0,1,1,1,1,0,0,0,0,1,1,1,1,0,0,0,0,1,1,1,1,0,0,0,0,1,1,1,1,0,0,0,0,32.0,0,Unicorn_Absent,-1,-1.0,5,Unicorn_Absent,299,32.0,32,1.0,32,1.0,0.5,LEFT,32.0,1.0,0.0,0.0,LEFT
0,9736553617,48,973650,Absent,32,1,1,1,1,0,0,0,0,1,1,1,1,0,0,0,0,1,1,1,1,0,0,0,0,1,1,1,1,0,0,0,0,1,1,1,1,0,0,0,0,1,1,1,1,0,0,0,0,1,1,1,1,0,0,0,0,1,1,1,1,0,0,0,0,32.0,0,Unicorn_Absent,-1,-1.0,5,Unicorn_Absent,331,32.0,32,1.0,32,0.0,0.5,LEFT,32.0,1.0,0.0,1.0,LEFT
0,9736553617,51,973650,Absent,32,1,1,1,1,0,0,0,0,1,1,1,1,0,0,0,0,1,1,1,1,0,0,0,0,1,1,1,1,0,0,0,0,1,1,1,1,0,0,0,0,1,1,1,1,0,0,0,0,1,1,1,1,0,0,0,0,1,1,1,1,0,0,0,0,32.0,0,Unicorn_Absent,-1,-1.0,5,Unicorn_Absent,427,32.0,32,1.0,32,0.0,0.5,LEFT,32.0,1.0,0.0,0.0,LEFT
0,9736553617,55,973650,Absent,36,0,0,0,0,0,0,0,0,0,1,1,1,1,1,1,0,0,1,1,1,1,1,1,0,0,1,1,1,1,1,1,0,0,1,1,1,1,1,1,0,0,1,1,1,1,1,1,0,0,1,1,1,1,1,1,0,0,0,0,0,0,0,0,0,32.0,0,Unicorn_Absent,-1,-1.0,7,Unicorn_Absent,459,32.0,36,0.36,64,0.36,1.0,IN,32.0,1.0,0.0,0.0,IN
0,9790518398,1,18398,Absent,14,0,0,0,0,0,0,0,0,1,1,1,0,0,0,0,0,0,1,0,0,0,0,0,0,0,1,0,0,0,1,0,0,1,0,0,0,0,0,0,0,1,0,0,0,0,0,0,0,0,0,0,0,1,0,1,0,1,0,1,0,1,0,1,0,31.0,1,Unicorn_Absent,-1,-1.0,0,Unicorn_Absent,31,32.0,14,,19,,0.28125,RS,,0.21875,,,ALL
0,9790518398,4,18398,Absent,64,1,1,1,1,1,1,1,1,1,1,1,1,1,1,1,1,1,1,1,1,1,1,1,1,1,1,1,1,1,1,1,1,1,1,1,1,1,1,1,1,1,1,1,1,1,1,1,1,1,1,1,1,1,1,1,1,1,1,1,1,1,1,1,1,32.0,0,Unicorn_Absent,-1,-1.0,1,Unicorn_Absent,127,32.0,64,1.0,64,0.0,1.0,ALL,32.0,1.0,0.0,0.21875,ALL
0,9790518398,5,18398,Absent,64,1,1,1,1,1,1,1,1,1,1,1,1,1,1,1,1,1,1,1,1,1,1,1,1,1,1,1,1,1,1,1,1,1,1,1,1,1,1,1,1,1,1,1,1,1,1,1,1,1,1,1,1,1,1,1,1,1,1,1,1,1,1,1,1,32.0,0,Unicorn_Absent,-1,-1.0,1,Unicorn_Absent,159,32.0,64,1.0,64,0.0,1.0,ALL,32.0,1.0,0.0,0.0,ALL
0,9790518398,6,18398,Absent,64,1,1,1,1,1,1,1,1,1,1,1,1,1,1,1,1,1,1,1,1,1,1,1,1,1,1,1,1,1,1,1,1,1,1,1,1,1,1,1,1,1,1,1,1,1,1,1,1,1,1,1,1,1,1,1,1,1,1,1,1,1,1,1,1,32.0,0,Unicorn_Absent,-1,-1.0,1,Unicorn_Absent,191,32.0,64,1.0,64,0.0,1.0,ALL,32.0,1.0,0.0,0.0,ALL
0,9790518398,9,18398,Absent,64,1,1,1,1,1,1,1,1,1,1,1,1,1,1,1,1,1,1,1,1,1,1,1,1,1,1,1,1,1,1,1,1,1,1,1,1,1,1,1,1,1,1,1,1,1,1,1,1,1,1,1,1,1,1,1,1,1,1,1,1,1,1,1,1,32.0,0,Unicorn_Absent,-1,-1.0,1,Unicorn_Absent,287,32.0,64,1.0,64,0.0,1.0,ALL,32.0,1.0,0.0,0.0,ALL
0,9790518398,10,18398,Absent,64,1,1,1,1,1,1,1,1,1,1,1,1,1,1,1,1,1,1,1,1,1,1,1,1,1,1,1,1,1,1,1,1,1,1,1,1,1,1,1,1,1,1,1,1,1,1,1,1,1,1,1,1,1,1,1,1,1,1,1,1,1,1,1,1,32.0,0,Unicorn_Absent,-1,-1.0,1,Unicorn_Absent,319,32.0,64,1.0,64,0.0,1.0,ALL,32.0,1.0,0.0,0.0,ALL
0,9790518398,11,18398,Absent,64,1,1,1,1,1,1,1,1,1,1,1,1,1,1,1,1,1,1,1,1,1,1,1,1,1,1,1,1,1,1,1,1,1,1,1,1,1,1,1,1,1,1,1,1,1,1,1,1,1,1,1,1,1,1,1,1,1,1,1,1,1,1,1,1,32.0,0,Unicorn_Absent,-1,-1.0,1,Unicorn_Absent,351,32.0,64,1.0,64,0.0,1.0,ALL,32.0,1.0,0.0,0.0,ALL
0,9790518398,17,18398,Absent,64,1,1,1,1,1,1,1,1,1,1,1,1,1,1,1,1,1,1,1,1,1,1,1,1,1,1,1,1,1,1,1,1,1,1,1,1,1,1,1,1,1,1,1,1,1,1,1,1,1,1,1,1,1,1,1,1,1,1,1,1,1,1,1,1,-4.0,36,Unicorn_Absent,-1,-1.0,1,Unicorn_Absent,465,32.0,64,1.0,64,1.0,0.4375,ALL,32.0,0.0,0.0,0.0,NOTHING
0,9790518398,18,18398,Absent,0,0,0,0,0,0,0,0,0,0,0,0,0,0,0,0,0,0,0,0,0,0,0,0,0,0,0,0,0,0,0,0,0,0,0,0,0,0,0,0,0,0,0,0,0,0,0,0,0,0,0,0,0,0,0,0,0,0,0,0,0,0,0,0,0,32.0,0,Unicorn_Absent,-1,-1.0,2,Unicorn_Absent,497,32.0,0,0.0,9,0.15384615384615385,0.140625,NOTHING,-4.0,1.0,36.0,1.0,NOTHING
0,9790518398,19,18398,Absent,0,0,0,0,0,0,0,0,0,0,0,0,0,0,0,0,0,0,0,0,0,0,0,0,0,0,0,0,0,0,0,0,0,0,0,0,0,0,0,0,0,0,0,0,0,0,0,0,0,0,0,0,0,0,0,0,0,0,0,0,0,0,0,0,0,32.0,0,Unicorn_Absent,-1,-1.0,2,Unicorn_Absent,529,32.0,0,1.0,32,0.7941176470588236,0.5,NOTHING,32.0,1.0,0.0,0.15384615384615385,NOTHING
0,9790518398,22,18398,Absent,55,1,1,1,1,1,1,1,1,1,1,1,1,1,1,1,1,1,0,1,1,1,1,0,1,1,1,1,1,1,0,1,1,1,1,1,1,1,1,0,1,0,1,1,0,1,1,0,1,1,1,0,0,1,1,1,1,1,1,1,1,1,1,1,1,6.0,26,Unicorn_Absent,-1,-1.0,0,Unicorn_Absent,503,32.0,55,0.0,61,0.3333333333333333,0.546875,RS,32.0,0.5,0.0,0.0,TOP
0,9790518398,37,18398,Absent,32,1,1,1,1,0,0,0,0,1,1,1,1,0,0,0,0,1,1,1,1,0,0,0,0,1,1,1,1,0,0,0,0,1,1,1,1,0,0,0,0,1,1,1,1,0,0,0,0,1,1,1,1,0,0,0,0,1,1,1,1,0,0,0,0,16.0,16,Unicorn_Absent,-1,-1.0,5,Unicorn_Absent,801,16.0,32,0.3333333333333333,48,0.16666666666666669,0.5,LEFT,0.0,1.0,32.0,0.5,LEFT
0,9790518398,40,18398,Absent,56,1,1,1,1,1,1,1,1,1,1,1,1,0,1,0,1,1,1,1,1,1,1,0,1,1,1,1,0,0,1,1,1,1,1,1,0,1,1,1,1,1,1,0,1,1,1,1,1,1,1,1,1,1,1,1,1,1,1,0,1,1,1,1,1,-10.0,42,Unicorn_Absent,-1,-1.0,0,Unicorn_Absent,727,21.0,56,0.4666666666666667,62,0.11073446327683617,0.3125,RS,16.0,0.3333333333333333,16.0,0.0,RS
0,9790518398,50,18398,Absent,36,0,0,0,0,0,0,0,0,0,1,1,1,1,1,1,0,0,1,1,1,1,1,1,0,0,1,1,1,1,1,1,0,0,1,1,1,1,1,1,0,0,1,1,1,1,1,1,0,0,1,1,1,1,1,1,0,0,0,0,0,0,0,0,0,-4.0,36,Unicorn_Absent,-1,-1.0,7,Unicorn_Absent,825,7.0,36,0.0,64,0.5,0.4375,IN,18.0,0.3125,14.0,0.0,RS
0,9790518398,51,18398,Absent,27,1,0,0,0,0,1,1,1,0,1,0,0,1,0,1,0,1,1,1,1,1,0,0,0,1,0,1,0,1,0,0,0,1,0,0,0,1,1,0,0,0,0,0,0,1,1,0,1,1,0,0,1,0,0,1,1,1,0,1,0,0,0,0,0,7.0,25,Unicorn_Absent,-1,-1.0,0,Unicorn_Absent,832,32.0,27,0.3125,58,0.5625,0.515625,RS,-4.0,0.2826086956521739,36.0,0.5,LEFT
0,9790518398,52,18398,Absent,32,1,1,1,1,0,0,0,0,1,1,1,1,0,0,0,0,1,1,1,1,0,0,0,0,1,1,1,1,0,0,0,0,1,1,1,1,0,0,0,0,1,1,1,1,0,0,0,0,1,1,1,1,0,0,0,0,1,1,1,1,0,0,0,0,32.0,0,Unicorn_Absent,-1,-1.0,5,Unicorn_Absent,864,32.0,32,0.2826086956521739,64,0.2089167280766397,1.0,LEFT,7.0,1.0,25.0,0.5625,LEFT
0,9790518398,53,18398,Absent,32,1,1,1,1,0,0,0,0,1,1,1,1,0,0,0,0,1,1,1,1,0,0,0,0,1,1,1,1,0,0,0,0,1,1,1,1,0,0,0,0,1,1,1,1,0,0,0,0,1,1,1,1,0,0,0,0,1,1,1,1,0,0,0,0,32.0,0,Unicorn_Absent,-1,-1.0,5,Unicorn_Absent,896,32.0,32,1.0,64,0.0,1.0,LEFT,32.0,1.0,0.0,0.2089167280766397,LEFT
0,9790518398,1,979056,Absent,6,0,0,1,0,0,1,0,0,0,0,0,0,0,0,0,0,0,0,0,0,0,0,0,0,0,0,0,0,0,0,0,0,0,1,0,0,0,1,0,0,0,0,0,0,0,0,0,0,0,0,0,0,0,0,0,1,0,0,0,0,0,0,1,0,31.0,1,Unicorn_Absent,-1,-1.0,0,Unicorn_Absent,31,32.0,6,,19,,0.28125,RS,,0.0,,,NOTHING
0,9790518398,4,979056,Absent,0,0,0,0,0,0,0,0,0,0,0,0,0,0,0,0,0,0,0,0,0,0,0,0,0,0,0,0,0,0,0,0,0,0,0,0,0,0,0,0,0,0,0,0,0,0,0,0,0,0,0,0,0,0,0,0,0,0,0,0,0,0,0,0,0,32.0,0,Unicorn_Absent,-1,-1.0,2,Unicorn_Absent,127,32.0,0,1.0,64,0.0,1.0,NOTHING,32.0,1.0,0.0,0.21875,NOTHING
0,9790518398,5,979056,Absent,0,0,0,0,0,0,0,0,0,0,0,0,0,0,0,0,0,0,0,0,0,0,0,0,0,0,0,0,0,0,0,0,0,0,0,0,0,0,0,0,0,0,0,0,0,0,0,0,0,0,0,0,0,0,0,0,0,0,0,0,0,0,0,0,0,32.0,0,Unicorn_Absent,-1,-1.0,2,Unicorn_Absent,159,32.0,0,1.0,64,0.0,1.0,NOTHING,32.0,1.0,0.0,0.0,NOTHING
0,9790518398,6,979056,Absent,0,0,0,0,0,0,0,0,0,0,0,0,0,0,0,0,0,0,0,0,0,0,0,0,0,0,0,0,0,0,0,0,0,0,0,0,0,0,0,0,0,0,0,0,0,0,0,0,0,0,0,0,0,0,0,0,0,0,0,0,0,0,0,0,0,32.0,0,Unicorn_Absent,-1,-1.0,2,Unicorn_Absent,191,32.0,0,1.0,64,0.0,1.0,NOTHING,32.0,1.0,0.0,0.0,NOTHING
0,9790518398,9,979056,Absent,0,0,0,0,0,0,0,0,0,0,0,0,0,0,0,0,0,0,0,0,0,0,0,0,0,0,0,0,0,0,0,0,0,0,0,0,0,0,0,0,0,0,0,0,0,0,0,0,0,0,0,0,0,0,0,0,0,0,0,0,0,0,0,0,0,32.0,0,Unicorn_Absent,-1,-1.0,2,Unicorn_Absent,287,32.0,0,1.0,64,0.0,1.0,NOTHING,32.0,1.0,0.0,0.0,NOTHING
0,9790518398,10,979056,Absent,0,0,0,0,0,0,0,0,0,0,0,0,0,0,0,0,0,0,0,0,0,0,0,0,0,0,0,0,0,0,0,0,0,0,0,0,0,0,0,0,0,0,0,0,0,0,0,0,0,0,0,0,0,0,0,0,0,0,0,0,0,0,0,0,0,32.0,0,Unicorn_Absent,-1,-1.0,2,Unicorn_Absent,319,32.0,0,1.0,64,0.0,1.0,NOTHING,32.0,1.0,0.0,0.0,NOTHING
0,9790518398,11,979056,Absent,0,0,0,0,0,0,0,0,0,0,0,0,0,0,0,0,0,0,0,0,0,0,0,0,0,0,0,0,0,0,0,0,0,0,0,0,0,0,0,0,0,0,0,0,0,0,0,0,0,0,0,0,0,0,0,0,0,0,0,0,0,0,0,0,0,32.0,0,Unicorn_Absent,-1,-1.0,2,Unicorn_Absent,351,32.0,0,1.0,64,0.0,1.0,NOTHING,32.0,1.0,0.0,0.0,NOTHING
0,9790518398,17,979056,Absent,36,0,0,0,0,0,0,0,0,0,1,1,1,1,1,1,0,0,1,1,1,1,1,1,0,0,1,1,1,1,1,1,0,0,1,1,1,1,1,1,0,0,1,1,1,1,1,1,0,0,1,1,1,1,1,1,0,0,0,0,0,0,0,0,0,-4.0,36,Unicorn_Absent,-1,-1.0,7,Unicorn_Absent,465,32.0,36,0.0,64,1.0,0.4375,IN,32.0,0.15384615384615385,0.0,0.0,RS
0,9790518398,18,979056,Absent,9,1,0,0,0,0,0,1,0,0,0,0,0,0,0,0,0,0,0,0,0,1,1,0,0,0,0,0,0,1,0,1,1,0,0,0,0,1,0,0,0,0,0,0,0,0,0,0,0,0,0,1,0,0,0,0,0,0,0,0,0,0,0,0,0,32.0,0,Unicorn_Absent,-1,-1.0,0,Unicorn_Absent,497,32.0,9,0.15384615384615385,9,0.15384615384615385,0.140625,RS,-4.0,0.20588235294117646,36.0,1.0,RIGHT
0,9790518398,19,979056,Absent,32,0,0,0,0,1,1,1,1,0,0,0,0,1,1,1,1,0,0,0,0,1,1,1,1,0,0,0,0,1,1,1,1,0,0,0,0,1,1,1,1,0,0,0,0,1,1,1,1,0,0,0,0,1,1,1,1,0,0,0,0,1,1,1,1,32.0,0,Unicorn_Absent,-1,-1.0,6,Unicorn_Absent,529,32.0,32,0.20588235294117646,32,0.7941176470588236,0.5,RIGHT,32.0,1.0,0.0,0.15384615384615385,RIGHT
0,9790518398,22,979056,Absent,32,0,0,0,0,0,0,0,0,0,0,0,0,0,0,0,0,0,0,0,0,0,0,0,0,0,0,0,0,0,0,0,0,1,1,1,1,1,1,1,1,1,1,1,1,1,1,1,1,1,1,1,1,1,1,1,1,1,1,1,1,1,1,1,1,6.0,26,Unicorn_Absent,-1,-1.0,3,Unicorn_Absent,503,32.0,32,0.3333333333333333,61,0.3333333333333333,0.546875,BOTTOM,32.0,1.0,0.0,0.0,BOTTOM
0,9790518398,37,979056,Absent,32,0,0,0,0,0,0,0,0,0,0,0,0,0,0,0,0,0,0,0,0,0,0,0,0,0,0,0,0,0,0,0,0,1,1,1,1,1,1,1,1,1,1,1,1,1,1,1,1,1,1,1,1,1,1,1,1,1,1,1,1,1,1,1,1,16.0,16,Unicorn_Absent,-1,-1.0,3,Unicorn_Absent,801,16.0,32,0.5,48,0.16666666666666669,0.5,BOTTOM,0.0,1.0,32.0,0.5,BOTTOM
0,9790518398,40,979056,Absent,48,1,1,1,1,1,1,1,1,0,1,1,1,1,1,1,1,1,1,1,1,1,0,1,1,0,1,0,0,1,1,1,1,1,1,0,0,1,1,1,1,1,1,1,0,1,1,1,1,0,1,1,0,0,0,0,1,0,1,1,1,1,1,0,0,-10.0,42,Unicorn_Absent,-1,-1.0,0,Unicorn_Absent,727,21.0,48,0.3559322033898305,62,0.11073446327683617,0.3125,RS,16.0,0.3888888888888889,16.0,0.0,RS
0,9790518398,50,979056,Absent,64,1,1,1,1,1,1,1,1,1,1,1,1,1,1,1,1,1,1,1,1,1,1,1,1,1,1,1,1,1,1,1,1,1,1,1,1,1,1,1,1,1,1,1,1,1,1,1,1,1,1,1,1,1,1,1,1,1,1,1,1,1,1,1,1,-4.0,36,Unicorn_Absent,-1,-1.0,1,Unicorn_Absent,825,7.0,64,0.5,64,0.5,0.4375,ALL,18.0,0.875,14.0,0.0,RS
0,9790518398,51,979056,Absent,56,1,0,1,1,1,1,1,1,1,1,1,1,1,1,1,1,1,1,1,1,0,1,0,1,1,1,1,0,1,1,1,1,1,0,1,0,1,1,1,0,1,1,1,1,1,1,1,1,0,1,1,1,1,1,1,1,1,1,1,1,1,1,1,1,7.0,25,Unicorn_Absent,-1,-1.0,0,Unicorn_Absent,832,32.0,56,0.875,58,0.5625,0.515625,RS,-4.0,0.4915254237288136,36.0,0.5,RIGHT
0,9790518398,52,979056,Absent,32,0,0,0,0,1,1,1,1,0,0,0,0,1,1,1,1,0,0,0,0,1,1,1,1,0,0,0,0,1,1,1,1,0,0,0,0,1,1,1,1,0,0,0,0,1,1,1,1,0,0,0,0,1,1,1,1,0,0,0,0,1,1,1,1,32.0,0,Unicorn_Absent,-1,-1.0,6,Unicorn_Absent,864,32.0,32,0.4915254237288136,64,0.2089167280766397,1.0,RIGHT,7.0,1.0,25.0,0.5625,RIGHT
0,9790518398,53,979056,Absent,32,0,0,0,0,1,1,1,1,0,0,0,0,1,1,1,1,0,0,0,0,1,1,1,1,0,0,0,0,1,1,1,1,0,0,0,0,1,1,1,1,0,0,0,0,1,1,1,1,0,0,0,0,1,1,1,1,0,0,0,0,1,1,1,1,32.0,0,Unicorn_Absent,-1,-1.0,6,Unicorn_Absent,896,32.0,32,1.0,64,0.0,1.0,RIGHT,32.0,1.0,0.0,0.2089167280766397,RIGHT
0,9940943491,2,99409,Absent,32,1,1,1,1,0,0,0,0,1,1,1,1,0,0,0,0,1,1,1,1,0,0,0,0,1,1,1,1,0,0,0,0,1,1,1,1,0,0,0,0,1,1,1,1,0,0,0,0,1,1,1,1,0,0,0,0,1,1,1,1,0,0,0,0,16.0,16,Unicorn_Absent,-1,-1.0,5,Unicorn_Absent,-60,16.0,32,,48,,0.5,LEFT,,1.0,,,LEFT
0,9940943491,5,99409,Absent,32,1,1,1,1,0,0,0,0,1,1,1,1,0,0,0,0,1,1,1,1,0,0,0,0,1,1,1,1,0,0,0,0,1,1,1,1,0,0,0,0,1,1,1,1,0,0,0,0,1,1,1,1,0,0,0,0,1,1,1,1,0,0,0,0,16.0,16,Unicorn_Absent,-1,-1.0,5,Unicorn_Absent,4,16.0,32,1.0,48,0.0,0.5,LEFT,16.0,1.0,16.0,0.0,LEFT
0,9940943491,6,99409,Absent,32,1,1,1,1,0,0,0,0,1,1,1,1,0,0,0,0,1,1,1,1,0,0,0,0,1,1,1,1,0,0,0,0,1,1,1,1,0,0,0,0,1,1,1,1,0,0,0,0,1,1,1,1,0,0,0,0,1,1,1,1,0,0,0,0,16.0,16,Unicorn_Absent,-1,-1.0,5,Unicorn_Absent,20,16.0,32,1.0,48,0.0,0.5,LEFT,16.0,1.0,16.0,0.0,LEFT
0,9940943491,11,99409,Absent,19,1,1,1,0,0,0,1,0,0,1,1,1,0,0,1,0,0,0,0,0,0,0,0,0,0,1,0,1,0,1,0,0,0,0,0,1,0,0,0,0,0,0,0,0,0,0,0,0,0,1,0,0,1,1,0,0,1,1,1,0,0,0,0,1,13.0,19,Unicorn_Absent,-1,-1.0,0,Unicorn_Absent,-76,-4.0,19,0.34210526315789475,64,0.15789473684210525,0.703125,RS,16.0,0.25,16.0,0.0,IN
0,9940943491,15,99409,Absent,32,1,1,1,1,0,0,0,0,1,1,1,1,0,0,0,0,1,1,1,1,0,0,0,0,1,1,1,1,0,0,0,0,1,1,1,1,0,0,0,0,1,1,1,1,0,0,0,0,1,1,1,1,0,0,0,0,1,1,1,1,0,0,0,0,32.0,0,Unicorn_Absent,-1,-1.0,5,Unicorn_Absent,16,32.0,32,0.36,32,0.36,0.5,LEFT,-4.0,1.0,36.0,0.75,LEFT
0,9940943491,26,99409,Absent,0,0,0,0,0,0,0,0,0,0,0,0,0,0,0,0,0,0,0,0,0,0,0,0,0,0,0,0,0,0,0,0,0,0,0,0,0,0,0,0,0,0,0,0,0,0,0,0,0,0,0,0,0,0,0,0,0,0,0,0,0,0,0,0,0,32.0,0,Unicorn_Absent,-1,-1.0,2,Unicorn_Absent,-128,32.0,0,0.0,32,1.0,0.5,NOTHING,0.0,1.0,32.0,0.27564858490566035,NOTHING
0,9940943491,32,99409,Absent,34,1,0,0,0,1,0,0,1,0,1,1,1,1,0,1,1,0,1,1,0,0,1,1,0,1,0,0,1,1,0,0,1,1,1,0,0,1,1,1,1,1,0,1,0,1,1,0,0,0,0,0,1,0,0,0,0,0,1,0,1,1,1,1,1,25.0,7,Unicorn_Absent,-1,-1.0,0,Unicorn_Absent,-39,-19.0,34,0.0,42,0.175,0.546875,RS,32.0,0.49122807017543857,0.0,0.0,RS
0,9940943491,33,99409,Absent,51,1,1,1,1,1,1,1,1,1,0,1,1,1,1,1,1,1,1,1,1,1,1,1,1,1,0,1,1,1,1,1,1,1,1,0,0,1,1,0,0,1,1,0,1,1,1,1,1,0,1,1,0,0,1,1,0,1,1,0,0,1,1,1,1,-19.0,51,Unicorn_Absent,-1,-1.0,0,Unicorn_Absent,-58,3.0,51,0.49122807017543857,64,0.25685307017543857,0.203125,RS,25.0,0.6875,7.0,0.175,RS
0,9940943491,37,99409,Absent,32,0,0,0,1,1,0,1,0,0,0,0,1,0,0,1,0,1,1,1,0,1,1,0,1,1,1,1,1,0,1,0,0,0,0,1,1,1,1,0,1,1,0,1,0,0,1,0,1,1,1,1,0,1,1,0,0,0,0,1,0,1,0,0,0,0.0,32,Unicorn_Absent,-1,-1.0,0,Unicorn_Absent,-98,11.0,32,0.43548387096774194,64,0.06451612903225806,0.5,RS,3.0,0.4166666666666667,29.0,0.1875,IN
0,9940943491,48,99409,Absent,36,0,0,0,0,0,0,0,0,0,1,1,1,1,1,1,0,0,1,1,1,1,1,1,0,0,1,1,1,1,1,1,0,0,1,1,1,1,1,1,0,0,1,1,1,1,1,1,0,0,1,1,1,1,1,1,0,0,0,0,0,0,0,0,0,-1.0,33,Unicorn_Absent,-1,-1.0,7,Unicorn_Absent,84,27.0,36,1.0,61,0.5245901639344263,0.4375,IN,14.0,0.36,18.0,0.0,BOTTOM
0,9940943491,54,99409,Absent,32,0,0,0,0,0,0,0,0,0,0,0,0,0,0,0,0,0,0,0,0,0,0,0,0,0,0,0,0,0,0,0,0,1,1,1,1,1,1,1,1,1,1,1,1,1,1,1,1,1,1,1,1,1,1,1,1,1,1,1,1,1,1,1,1,32.0,0,Unicorn_Absent,-1,-1.0,3,Unicorn_Absent,270,32.0,32,1.0,64,0.0,1.0,BOTTOM,32.0,1.0,0.0,0.8648648648648649,BOTTOM
0,9940943491,58,99409,Absent,32,0,0,0,0,0,0,0,0,0,0,0,0,0,0,0,0,0,0,0,0,0,0,0,0,0,0,0,0,0,0,0,0,1,1,1,1,1,1,1,1,1,1,1,1,1,1,1,1,1,1,1,1,1,1,1,1,1,1,1,1,1,1,1,1,32.0,0,Unicorn_Absent,-1,-1.0,3,Unicorn_Absent,398,32.0,32,1.0,64,0.0,1.0,BOTTOM,32.0,1.0,0.0,0.0,BOTTOM
0,9940943491,2,434916,Absent,32,0,0,0,0,0,0,0,0,0,0,0,0,0,0,0,0,0,0,0,0,0,0,0,0,0,0,0,0,0,0,0,0,1,1,1,1,1,1,1,1,1,1,1,1,1,1,1,1,1,1,1,1,1,1,1,1,1,1,1,1,1,1,1,1,16.0,16,Unicorn_Absent,-1,-1.0,3,Unicorn_Absent,-60,16.0,32,,48,,0.5,BOTTOM,,1.0,,,BOTTOM
0,9940943491,5,434916,Absent,32,0,0,0,0,0,0,0,0,0,0,0,0,0,0,0,0,0,0,0,0,0,0,0,0,0,0,0,0,0,0,0,0,1,1,1,1,1,1,1,1,1,1,1,1,1,1,1,1,1,1,1,1,1,1,1,1,1,1,1,1,1,1,1,1,16.0,16,Unicorn_Absent,-1,-1.0,3,Unicorn_Absent,4,16.0,32,1.0,48,0.0,0.5,BOTTOM,16.0,1.0,16.0,0.0,BOTTOM
0,9940943491,6,434916,Absent,32,0,0,0,0,0,0,0,0,0,0,0,0,0,0,0,0,0,0,0,0,0,0,0,0,0,0,0,0,0,0,0,0,1,1,1,1,1,1,1,1,1,1,1,1,1,1,1,1,1,1,1,1,1,1,1,1,1,1,1,1,1,1,1,1,16.0,16,Unicorn_Absent,-1,-1.0,3,Unicorn_Absent,20,16.0,32,1.0,48,0.0,0.5,BOTTOM,16.0,1.0,16.0,0.0,BOTTOM
0,9940943491,11,434916,Absent,64,1,1,1,1,1,1,1,1,1,1,1,1,1,1,1,1,1,1,1,1,1,1,1,1,1,1,1,1,1,1,1,1,1,1,1,1,1,1,1,1,1,1,1,1,1,1,1,1,1,1,1,1,1,1,1,1,1,1,1,1,1,1,1,1,13.0,19,Unicorn_Absent,-1,-1.0,1,Unicorn_Absent,-76,-4.0,64,0.5,64,0.15789473684210525,0.703125,ALL,16.0,1.0,16.0,0.0,ALL
0,9940943491,15,434916,Absent,0,0,0,0,0,0,0,0,0,0,0,0,0,0,0,0,0,0,0,0,0,0,0,0,0,0,0,0,0,0,0,0,0,0,0,0,0,0,0,0,0,0,0,0,0,0,0,0,0,0,0,0,0,0,0,0,0,0,0,0,0,0,0,0,0,32.0,0,Unicorn_Absent,-1,-1.0,2,Unicorn_Absent,16,32.0,0,0.0,32,0.36,0.5,NOTHING,-4.0,1.0,36.0,0.75,NOTHING
0,9940943491,26,434916,Absent,32,0,0,0,0,0,0,0,0,0,0,0,0,0,0,0,0,0,0,0,0,0,0,0,0,0,0,0,0,0,0,0,0,1,1,1,1,1,1,1,1,1,1,1,1,1,1,1,1,1,1,1,1,1,1,1,1,1,1,1,1,1,1,1,1,32.0,0,Unicorn_Absent,-1,-1.0,3,Unicorn_Absent,-128,32.0,32,1.0,32,1.0,0.5,BOTTOM,0.0,1.0,32.0,0.27564858490566035,BOTTOM
0,9940943491,32,434916,Absent,15,0,1,0,1,0,1,1,0,0,0,0,0,0,0,0,1,0,0,0,0,1,1,0,0,0,0,0,0,0,0,1,0,0,0,0,1,1,0,0,1,0,0,0,0,1,1,1,0,0,0,0,1,0,0,0,0,0,0,0,0,0,0,0,0,25.0,7,Unicorn_Absent,-1,-1.0,0,Unicorn_Absent,-39,-19.0,15,0.175,42,0.175,0.546875,RS,32.0,0.234375,0.0,0.0,ALL
0,9940943491,33,434916,Absent,64,1,1,1,1,1,1,1,1,1,1,1,1,1,1,1,1,1,1,1,1,1,1,1,1,1,1,1,1,1,1,1,1,1,1,1,1,1,1,1,1,1,1,1,1,1,1,1,1,1,1,1,1,1,1,1,1,1,1,1,1,1,1,1,1,-19.0,51,Unicorn_Absent,-1,-1.0,1,Unicorn_Absent,-58,3.0,64,0.234375,64,0.25685307017543857,0.203125,ALL,25.0,0.5,7.0,0.175,LEFT
0,9940943491,37,434916,Absent,64,1,1,1,1,1,1,1,1,1,1,1,1,1,1,1,1,1,1,1,1,1,1,1,1,1,1,1,1,1,1,1,1,1,1,1,1,1,1,1,1,1,1,1,1,1,1,1,1,1,1,1,1,1,1,1,1,1,1,1,1,1,1,1,1,0.0,32,Unicorn_Absent,-1,-1.0,1,Unicorn_Absent,-98,11.0,64,0.5,64,0.06451612903225806,0.5,ALL,3.0,0.546875,29.0,0.1875,RS
0,9940943491,48,434916,Absent,58,1,1,1,1,1,1,1,1,1,1,1,1,1,1,1,0,1,1,1,1,1,1,1,1,0,1,1,1,1,1,1,1,1,1,1,0,1,1,1,1,1,1,1,1,0,1,1,1,1,1,1,1,1,1,0,1,1,1,0,1,1,1,1,1,-1.0,33,Unicorn_Absent,-1,-1.0,0,Unicorn_Absent,84,27.0,58,0.47540983606557374,61,0.5245901639344263,0.4375,RS,14.0,0.15254237288135594,18.0,0.0,RS
0,9940943491,54,434916,Absent,32,1,1,1,1,1,1,1,1,1,1,1,1,1,1,1,1,1,1,1,1,1,1,1,1,1,1,1,1,1,1,1,1,0,0,0,0,0,0,0,0,0,0,0,0,0,0,0,0,0,0,0,0,0,0,0,0,0,0,0,0,0,0,0,0,32.0,0,Unicorn_Absent,-1,-1.0,4,Unicorn_Absent,270,32.0,32,1.0,64,0.0,1.0,TOP,32.0,1.0,0.0,0.8648648648648649,TOP
0,9940943491,58,434916,Absent,32,1,1,1,1,1,1,1,1,1,1,1,1,1,1,1,1,1,1,1,1,1,1,1,1,1,1,1,1,1,1,1,1,0,0,0,0,0,0,0,0,0,0,0,0,0,0,0,0,0,0,0,0,0,0,0,0,0,0,0,0,0,0,0,0,32.0,0,Unicorn_Absent,-1,-1.0,4,Unicorn_Absent,398,32.0,32,1.0,64,0.0,1.0,TOP,32.0,1.0,0.0,0.0,TOP
