index,Dyad,Round,Player,Answer,Time,a11,a12,a13,a14,a15,a16,a17,a18,a21,a22,a23,a24,a25,a26,a27,a28,a31,a32,a33,a34,a35,a36,a37,a38,a41,a42,a43,a44,a45,a46,a47,a48,a51,a52,a53,a54,a55,a56,a57,a58,a61,a62,a63,a64,a65,a66,a67,a68,a71,a72,a73,a74,a75,a76,a77,a78,a81,a82,a83,a84,a85,a86,a87,a88,Score,Joint,Is_there,where_x,where_y,Strategy,Is_there_LEAD,Ac_Score,ScoreLEAD,Size_visited,Consistency,Total_visited_dyad,Dif_consist,DLIndex,Category,Score_LAG1,Consistency_LEAD1,Joint_LAG1,Dif_consist_LAG1,RegionGo
0,2029836657,2,202983,Absent,3,0,0,0,0,0,0,0,0,0,0,0,0,0,0,0,0,0,0,0,0,0,0,1,0,0,0,0,0,0,0,0,0,0,0,0,0,0,0,0,0,0,0,0,0,1,0,0,0,0,0,0,0,0,0,0,0,0,0,0,0,0,0,0,1,31.0,1,Unicorn_Absent,-1,-1.0,0,Unicorn_Absent,59,32.0,3,,30,,0.453125,RS,,0.0,,,NOTHING
0,2029836657,11,202983,Absent,32,1,1,1,1,0,0,0,0,1,1,1,1,0,0,0,0,1,1,1,1,0,0,0,0,1,1,1,1,0,0,0,0,1,1,1,1,0,0,0,0,1,1,1,1,0,0,0,0,1,1,1,1,0,0,0,0,1,1,1,1,0,0,0,0,0.0,32,Unicorn_Absent,-1,-1.0,5,Unicorn_Absent,216,8.0,32,0.0,64,0.71875,0.5,LEFT,32.0,0.38333333333333336,0.0,0.6785714285714286,RS
0,2029836657,23,202983,Absent,0,0,0,0,0,0,0,0,0,0,0,0,0,0,0,0,0,0,0,0,0,0,0,0,0,0,0,0,0,0,0,0,0,0,0,0,0,0,0,0,0,0,0,0,0,0,0,0,0,0,0,0,0,0,0,0,0,0,0,0,0,0,0,0,0,32.0,0,Unicorn_Absent,-1,-1.0,2,Unicorn_Absent,320,32.0,0,0.0,28,0.30434782608695654,0.4375,NOTHING,0.0,1.0,32.0,0.5,NOTHING
0,2029836657,24,202983,Absent,0,0,0,0,0,0,0,0,0,0,0,0,0,0,0,0,0,0,0,0,0,0,0,0,0,0,0,0,0,0,0,0,0,0,0,0,0,0,0,0,0,0,0,0,0,0,0,0,0,0,0,0,0,0,0,0,0,0,0,0,0,0,0,0,0,32.0,0,Unicorn_Absent,-1,-1.0,2,Unicorn_Absent,352,32.0,0,1.0,32,0.6956521739130435,0.5,NOTHING,32.0,1.0,0.0,0.30434782608695654,NOTHING
0,2029836657,27,202983,Absent,64,1,1,1,1,1,1,1,1,1,1,1,1,1,1,1,1,1,1,1,1,1,1,1,1,1,1,1,1,1,1,1,1,1,1,1,1,1,1,1,1,1,1,1,1,1,1,1,1,1,1,1,1,1,1,1,1,1,1,1,1,1,1,1,1,10.0,22,Unicorn_Absent,-1,-1.0,1,Unicorn_Absent,330,-32.0,64,0.0,64,0.17391304347826086,0.65625,ALL,32.0,1.0,0.0,0.0,ALL
0,2029836657,39,202983,Absent,0,0,0,0,0,0,0,0,0,0,0,0,0,0,0,0,0,0,0,0,0,0,0,0,0,0,0,0,0,0,0,0,0,0,0,0,0,0,0,0,0,0,0,0,0,0,0,0,0,0,0,0,0,0,0,0,0,0,0,0,0,0,0,0,0,32.0,0,Unicorn_Absent,-1,-1.0,2,Unicorn_Absent,268,32.0,0,1.0,36,0.64,0.5625,NOTHING,32.0,1.0,0.0,0.5,NOTHING
0,2029836657,45,202983,Absent,32,1,1,1,1,0,0,0,0,1,1,1,1,0,0,0,0,1,1,1,1,0,0,0,0,1,1,1,1,0,0,0,0,1,1,1,1,0,0,0,0,1,1,1,1,0,0,0,0,1,1,1,1,0,0,0,0,1,1,1,1,0,0,0,0,16.0,16,Unicorn_Absent,-1,-1.0,5,Unicorn_Absent,316,16.0,32,0.5,48,0.5,0.5,LEFT,0.0,1.0,32.0,0.36,LEFT
0,2029836657,48,202983,Absent,0,0,0,0,0,0,0,0,0,0,0,0,0,0,0,0,0,0,0,0,0,0,0,0,0,0,0,0,0,0,0,0,0,0,0,0,0,0,0,0,0,0,0,0,0,0,0,0,0,0,0,0,0,0,0,0,0,0,0,0,0,0,0,0,0,32.0,0,Unicorn_Absent,-1,-1.0,2,Unicorn_Absent,396,32.0,0,0.0,32,1.0,0.5,NOTHING,16.0,1.0,16.0,0.0,NOTHING
0,2029836657,51,202983,Absent,32,0,0,0,0,0,0,0,0,0,0,0,0,0,0,0,0,0,0,0,0,0,0,0,0,0,0,0,0,0,0,0,0,1,1,1,1,1,1,1,1,1,1,1,1,1,1,1,1,1,1,1,1,1,1,1,1,1,1,1,1,1,1,1,1,18.0,14,Unicorn_Absent,-1,-1.0,3,Unicorn_Absent,382,18.0,32,0.0,46,0.30434782608695654,0.5,BOTTOM,32.0,1.0,0.0,0.0,BOTTOM
0,2029836657,2,366573,Absent,28,1,1,1,1,1,1,1,1,1,0,0,0,0,0,0,1,1,0,0,0,0,0,0,1,1,0,0,0,0,0,0,1,1,0,0,0,0,0,0,1,1,0,0,0,0,0,0,1,1,0,0,0,0,0,0,1,1,1,1,1,1,1,1,1,31.0,1,Unicorn_Absent,-1,-1.0,8,Unicorn_Absent,59,32.0,28,,30,,0.453125,OUT,,1.0,,,OUT
0,2029836657,11,366573,Absent,64,1,1,1,1,1,1,1,1,1,1,1,1,1,1,1,1,1,1,1,1,1,1,1,1,1,1,1,1,1,1,1,1,1,1,1,1,1,1,1,1,1,1,1,1,1,1,1,1,1,1,1,1,1,1,1,1,1,1,1,1,1,1,1,1,0.0,32,Unicorn_Absent,-1,-1.0,1,Unicorn_Absent,216,8.0,64,0.71875,64,0.71875,0.5,ALL,32.0,0.4375,0.0,0.6785714285714286,OUT
0,2029836657,23,366573,Absent,28,1,1,1,1,1,1,1,1,1,0,0,0,0,0,0,1,1,0,0,0,0,0,0,1,1,0,0,0,0,0,0,1,1,0,0,0,0,0,0,1,1,0,0,0,0,0,0,1,1,0,0,0,0,0,0,1,1,1,1,1,1,1,1,1,32.0,0,Unicorn_Absent,-1,-1.0,8,Unicorn_Absent,320,32.0,28,0.30434782608695654,28,0.30434782608695654,0.4375,OUT,0.0,0.30434782608695654,32.0,0.5,TOP
0,2029836657,24,366573,Absent,32,1,1,1,1,1,1,1,1,1,1,1,1,1,1,1,1,1,1,1,1,1,1,1,1,1,1,1,1,1,1,1,1,0,0,0,0,0,0,0,0,0,0,0,0,0,0,0,0,0,0,0,0,0,0,0,0,0,0,0,0,0,0,0,0,32.0,0,Unicorn_Absent,-1,-1.0,4,Unicorn_Absent,352,32.0,32,0.30434782608695654,32,0.6956521739130435,0.5,TOP,32.0,1.0,0.0,0.30434782608695654,TOP
0,2029836657,27,366573,Absent,22,0,0,0,0,0,0,0,0,1,1,0,1,0,0,0,1,0,1,1,0,0,0,0,0,0,0,0,0,1,0,0,1,0,0,1,0,1,0,0,1,1,0,1,0,0,1,0,1,0,1,1,1,1,1,0,0,0,0,0,0,0,1,1,0,10.0,22,Unicorn_Absent,-1,-1.0,0,Unicorn_Absent,330,-32.0,22,0.17391304347826086,64,0.17391304347826086,0.65625,RS,32.0,0.34375,0.0,0.0,ALL
0,2029836657,39,366573,Absent,36,0,0,0,0,0,0,0,0,0,1,1,1,1,1,1,0,0,1,1,1,1,1,1,0,0,1,1,1,1,1,1,0,0,1,1,1,1,1,1,0,0,1,1,1,1,1,1,0,0,1,1,1,1,1,1,0,0,0,0,0,0,0,0,0,32.0,0,Unicorn_Absent,-1,-1.0,7,Unicorn_Absent,268,32.0,36,0.36,36,0.64,0.5625,IN,32.0,1.0,0.0,0.5,IN
0,2029836657,45,366573,Absent,32,0,0,0,0,0,0,0,0,0,0,0,0,0,0,0,0,0,0,0,0,0,0,0,0,0,0,0,0,0,0,0,0,1,1,1,1,1,1,1,1,1,1,1,1,1,1,1,1,1,1,1,1,1,1,1,1,1,1,1,1,1,1,1,1,16.0,16,Unicorn_Absent,-1,-1.0,3,Unicorn_Absent,316,16.0,32,1.0,48,0.5,0.5,BOTTOM,0.0,1.0,32.0,0.36,BOTTOM
0,2029836657,48,366573,Absent,32,0,0,0,0,0,0,0,0,0,0,0,0,0,0,0,0,0,0,0,0,0,0,0,0,0,0,0,0,0,0,0,0,1,1,1,1,1,1,1,1,1,1,1,1,1,1,1,1,1,1,1,1,1,1,1,1,1,1,1,1,1,1,1,1,32.0,0,Unicorn_Absent,-1,-1.0,3,Unicorn_Absent,396,32.0,32,1.0,32,1.0,0.5,BOTTOM,16.0,1.0,16.0,0.0,BOTTOM
0,2029836657,51,366573,Absent,28,1,1,1,1,1,1,1,1,1,0,0,0,0,0,0,1,1,0,0,0,0,0,0,1,1,0,0,0,0,0,0,1,1,0,0,0,0,0,0,1,1,0,0,0,0,0,0,1,1,0,0,0,0,0,0,1,1,1,1,1,1,1,1,1,18.0,14,Unicorn_Absent,-1,-1.0,8,Unicorn_Absent,382,18.0,28,0.30434782608695654,46,0.30434782608695654,0.5,OUT,32.0,1.0,0.0,0.0,OUT
0,2194482488,3,21944,Absent,32,1,1,1,1,1,1,1,1,1,1,1,1,1,1,1,1,1,1,1,1,1,1,1,1,1,1,1,1,1,1,1,1,0,0,0,0,0,0,0,0,0,0,0,0,0,0,0,0,0,0,0,0,0,0,0,0,0,0,0,0,0,0,0,0,14.0,18,Unicorn_Absent,-1,-1.0,4,Unicorn_Absent,65,14.0,32,,50,,0.5,TOP,,1.0,,,TOP
0,2194482488,8,21944,Absent,32,0,0,0,0,1,1,1,1,0,0,0,0,1,1,1,1,0,0,0,0,1,1,1,1,0,0,0,0,1,1,1,1,0,0,0,0,1,1,1,1,0,0,0,0,1,1,1,1,0,0,0,0,1,1,1,1,0,0,0,0,1,1,1,1,16.0,16,Unicorn_Absent,-1,-1.0,6,Unicorn_Absent,141,16.0,32,0.3333333333333333,48,0.026666666666666672,0.5,RIGHT,14.0,1.0,18.0,0.0,RIGHT
0,2194482488,13,21944,Absent,32,0,0,0,0,1,1,1,1,0,0,0,0,1,1,1,1,0,0,0,0,1,1,1,1,0,0,0,0,1,1,1,1,0,0,0,0,1,1,1,1,0,0,0,0,1,1,1,1,0,0,0,0,1,1,1,1,0,0,0,0,1,1,1,1,16.0,16,Unicorn_Absent,-1,-1.0,6,Unicorn_Absent,253,16.0,32,1.0,48,0.0,0.5,RIGHT,16.0,1.0,16.0,0.0,RIGHT
0,2194482488,14,21944,Absent,32,0,0,0,0,1,1,1,1,0,0,0,0,1,1,1,1,0,0,0,0,1,1,1,1,0,0,0,0,1,1,1,1,0,0,0,0,1,1,1,1,0,0,0,0,1,1,1,1,0,0,0,0,1,1,1,1,0,0,0,0,1,1,1,1,16.0,16,Unicorn_Absent,-1,-1.0,6,Unicorn_Absent,269,16.0,32,1.0,48,0.0,0.5,RIGHT,16.0,1.0,16.0,0.0,RIGHT
0,2194482488,15,21944,Absent,32,0,0,0,0,1,1,1,1,0,0,0,0,1,1,1,1,0,0,0,0,1,1,1,1,0,0,0,0,1,1,1,1,0,0,0,0,1,1,1,1,0,0,0,0,1,1,1,1,0,0,0,0,1,1,1,1,0,0,0,0,1,1,1,1,16.0,16,Unicorn_Absent,-1,-1.0,6,Unicorn_Absent,285,16.0,32,1.0,48,0.0,0.5,RIGHT,16.0,1.0,16.0,0.0,RIGHT
0,2194482488,16,21944,Absent,32,0,0,0,0,1,1,1,1,0,0,0,0,1,1,1,1,0,0,0,0,1,1,1,1,0,0,0,0,1,1,1,1,0,0,0,0,1,1,1,1,0,0,0,0,1,1,1,1,0,0,0,0,1,1,1,1,0,0,0,0,1,1,1,1,16.0,16,Unicorn_Absent,-1,-1.0,6,Unicorn_Absent,301,16.0,32,1.0,48,0.0,0.5,RIGHT,16.0,1.0,16.0,0.0,RIGHT
0,2194482488,20,21944,Absent,28,1,1,1,1,1,1,1,1,1,0,0,0,0,0,0,1,1,0,0,0,0,0,0,1,1,0,0,0,0,0,0,1,1,0,0,0,0,0,0,1,1,0,0,0,0,0,0,1,1,0,0,0,0,0,0,1,1,1,1,1,1,1,1,1,18.0,14,Unicorn_Absent,-1,-1.0,8,Unicorn_Absent,287,18.0,28,0.30434782608695654,46,0.028985507246376774,0.5,OUT,16.0,1.0,16.0,0.0,OUT
0,2194482488,23,21944,Absent,28,1,1,1,1,1,1,1,1,1,0,0,0,0,0,0,1,1,0,0,0,0,0,0,1,1,0,0,0,0,0,0,1,1,0,0,0,0,0,0,1,1,0,0,0,0,0,0,1,1,0,0,0,0,0,0,1,1,1,1,1,1,1,1,1,18.0,14,Unicorn_Absent,-1,-1.0,8,Unicorn_Absent,355,18.0,28,1.0,46,0.0,0.5,OUT,18.0,1.0,14.0,0.0,OUT
0,2194482488,24,21944,Absent,28,1,1,1,1,1,1,1,1,1,0,0,0,0,0,0,1,1,0,0,0,0,0,0,1,1,0,0,0,0,0,0,1,1,0,0,0,0,0,0,1,1,0,0,0,0,0,0,1,1,0,0,0,0,0,0,1,1,1,1,1,1,1,1,1,18.0,14,Unicorn_Absent,-1,-1.0,8,Unicorn_Absent,373,18.0,28,1.0,46,0.0,0.5,OUT,18.0,1.0,14.0,0.0,OUT
0,2194482488,25,21944,Absent,28,1,1,1,1,1,1,1,1,1,0,0,0,0,0,0,1,1,0,0,0,0,0,0,1,1,0,0,0,0,0,0,1,1,0,0,0,0,0,0,1,1,0,0,0,0,0,0,1,1,0,0,0,0,0,0,1,1,1,1,1,1,1,1,1,18.0,14,Unicorn_Absent,-1,-1.0,8,Unicorn_Absent,391,18.0,28,1.0,46,0.0,0.5,OUT,18.0,1.0,14.0,0.0,OUT
0,2194482488,26,21944,Absent,28,1,1,1,1,1,1,1,1,1,0,0,0,0,0,0,1,1,0,0,0,0,0,0,1,1,0,0,0,0,0,0,1,1,0,0,0,0,0,0,1,1,0,0,0,0,0,0,1,1,0,0,0,0,0,0,1,1,1,1,1,1,1,1,1,18.0,14,Unicorn_Absent,-1,-1.0,8,Unicorn_Absent,409,18.0,28,1.0,46,0.0,0.5,OUT,18.0,1.0,14.0,0.0,OUT
0,2194482488,27,21944,Absent,28,1,1,1,1,1,1,1,1,1,0,0,0,0,0,0,1,1,0,0,0,0,0,0,1,1,0,0,0,0,0,0,1,1,0,0,0,0,0,0,1,1,0,0,0,0,0,0,1,1,0,0,0,0,0,0,1,1,1,1,1,1,1,1,1,18.0,14,Unicorn_Absent,-1,-1.0,8,Unicorn_Absent,427,18.0,28,1.0,46,0.0,0.5,OUT,18.0,1.0,14.0,0.0,OUT
0,2194482488,37,21944,Absent,32,0,0,0,0,0,0,0,0,0,0,0,0,0,0,0,0,0,0,0,0,0,0,0,0,0,0,0,0,0,0,0,0,1,1,1,1,1,1,1,1,1,1,1,1,1,1,1,1,1,1,1,1,1,1,1,1,1,1,1,1,1,1,1,1,32.0,0,Unicorn_Absent,-1,-1.0,3,Unicorn_Absent,623,32.0,32,1.0,64,0.0,1.0,BOTTOM,32.0,1.0,0.0,0.0,BOTTOM
0,2194482488,42,21944,Absent,32,0,0,0,0,0,0,0,0,0,0,0,0,0,0,0,0,0,0,0,0,0,0,0,0,0,0,0,0,0,0,0,0,1,1,1,1,1,1,1,1,1,1,1,1,1,1,1,1,1,1,1,1,1,1,1,1,1,1,1,1,1,1,1,1,32.0,0,Unicorn_Absent,-1,-1.0,3,Unicorn_Absent,783,32.0,32,1.0,64,0.0,1.0,BOTTOM,32.0,1.0,0.0,0.0,BOTTOM
0,2194482488,43,21944,Absent,32,0,0,0,0,0,0,0,0,0,0,0,0,0,0,0,0,0,0,0,0,0,0,0,0,0,0,0,0,0,0,0,0,1,1,1,1,1,1,1,1,1,1,1,1,1,1,1,1,1,1,1,1,1,1,1,1,1,1,1,1,1,1,1,1,32.0,0,Unicorn_Absent,-1,-1.0,3,Unicorn_Absent,815,32.0,32,1.0,64,0.0,1.0,BOTTOM,32.0,1.0,0.0,0.0,BOTTOM
0,2194482488,44,21944,Absent,32,0,0,0,0,0,0,0,0,0,0,0,0,0,0,0,0,0,0,0,0,0,0,0,0,0,0,0,0,0,0,0,0,1,1,1,1,1,1,1,1,1,1,1,1,1,1,1,1,1,1,1,1,1,1,1,1,1,1,1,1,1,1,1,1,32.0,0,Unicorn_Absent,-1,-1.0,3,Unicorn_Absent,847,32.0,32,1.0,64,0.0,1.0,BOTTOM,32.0,1.0,0.0,0.0,BOTTOM
0,2194482488,45,21944,Absent,32,0,0,0,0,0,0,0,0,0,0,0,0,0,0,0,0,0,0,0,0,0,0,0,0,0,0,0,0,0,0,0,0,1,1,1,1,1,1,1,1,1,1,1,1,1,1,1,1,1,1,1,1,1,1,1,1,1,1,1,1,1,1,1,1,32.0,0,Unicorn_Absent,-1,-1.0,3,Unicorn_Absent,879,32.0,32,1.0,64,0.0,1.0,BOTTOM,32.0,1.0,0.0,0.0,BOTTOM
0,2194482488,46,21944,Absent,32,0,0,0,0,0,0,0,0,0,0,0,0,0,0,0,0,0,0,0,0,0,0,0,0,0,0,0,0,0,0,0,0,1,1,1,1,1,1,1,1,1,1,1,1,1,1,1,1,1,1,1,1,1,1,1,1,1,1,1,1,1,1,1,1,32.0,0,Unicorn_Absent,-1,-1.0,3,Unicorn_Absent,911,32.0,32,1.0,64,0.0,1.0,BOTTOM,32.0,1.0,0.0,0.0,BOTTOM
0,2194482488,47,21944,Absent,32,0,0,0,0,0,0,0,0,0,0,0,0,0,0,0,0,0,0,0,0,0,0,0,0,0,0,0,0,0,0,0,0,1,1,1,1,1,1,1,1,1,1,1,1,1,1,1,1,1,1,1,1,1,1,1,1,1,1,1,1,1,1,1,1,32.0,0,Unicorn_Absent,-1,-1.0,3,Unicorn_Absent,943,32.0,32,1.0,64,0.0,1.0,BOTTOM,32.0,1.0,0.0,0.0,BOTTOM
0,2194482488,55,21944,Absent,64,1,1,1,1,1,1,1,1,1,1,1,1,1,1,1,1,1,1,1,1,1,1,1,1,1,1,1,1,1,1,1,1,1,1,1,1,1,1,1,1,1,1,1,1,1,1,1,1,1,1,1,1,1,1,1,1,1,1,1,1,1,1,1,1,0.0,32,Unicorn_Absent,-1,-1.0,1,Unicorn_Absent,1167,18.0,64,0.5,64,0.5,0.5,ALL,32.0,0.5,0.0,0.0,TOP
0,2194482488,59,21944,Absent,36,0,0,0,0,0,0,0,0,0,1,1,1,1,1,1,0,0,1,1,1,1,1,1,0,0,1,1,1,1,1,1,0,0,1,1,1,1,1,1,0,0,1,1,1,1,1,1,0,0,1,1,1,1,1,1,0,0,0,0,0,0,0,0,0,28.0,4,Unicorn_Absent,-1,-1.0,7,Unicorn_Absent,1156,32.0,36,0.36,41,0.20375,0.578125,IN,18.0,1.0,14.0,0.19565217391304346,IN
0,2194482488,3,824882,Absent,36,0,0,0,0,0,0,0,0,0,1,1,1,1,1,1,0,0,1,1,1,1,1,1,0,0,1,1,1,1,1,1,0,0,1,1,1,1,1,1,0,0,1,1,1,1,1,1,0,0,1,1,1,1,1,1,0,0,0,0,0,0,0,0,0,14.0,18,Unicorn_Absent,-1,-1.0,7,Unicorn_Absent,65,14.0,36,,50,,0.5,IN,,1.0,,,IN
0,2194482488,8,824882,Absent,32,0,0,0,0,0,0,0,0,0,0,0,0,0,0,0,0,0,0,0,0,0,0,0,0,0,0,0,0,0,0,0,0,1,1,1,1,1,1,1,1,1,1,1,1,1,1,1,1,1,1,1,1,1,1,1,1,1,1,1,1,1,1,1,1,16.0,16,Unicorn_Absent,-1,-1.0,3,Unicorn_Absent,141,16.0,32,0.36,48,0.026666666666666672,0.5,BOTTOM,14.0,1.0,18.0,0.0,BOTTOM
0,2194482488,13,824882,Absent,32,0,0,0,0,0,0,0,0,0,0,0,0,0,0,0,0,0,0,0,0,0,0,0,0,0,0,0,0,0,0,0,0,1,1,1,1,1,1,1,1,1,1,1,1,1,1,1,1,1,1,1,1,1,1,1,1,1,1,1,1,1,1,1,1,16.0,16,Unicorn_Absent,-1,-1.0,3,Unicorn_Absent,253,16.0,32,1.0,48,0.0,0.5,BOTTOM,16.0,1.0,16.0,0.0,BOTTOM
0,2194482488,14,824882,Absent,32,0,0,0,0,0,0,0,0,0,0,0,0,0,0,0,0,0,0,0,0,0,0,0,0,0,0,0,0,0,0,0,0,1,1,1,1,1,1,1,1,1,1,1,1,1,1,1,1,1,1,1,1,1,1,1,1,1,1,1,1,1,1,1,1,16.0,16,Unicorn_Absent,-1,-1.0,3,Unicorn_Absent,269,16.0,32,1.0,48,0.0,0.5,BOTTOM,16.0,1.0,16.0,0.0,BOTTOM
0,2194482488,15,824882,Absent,32,0,0,0,0,0,0,0,0,0,0,0,0,0,0,0,0,0,0,0,0,0,0,0,0,0,0,0,0,0,0,0,0,1,1,1,1,1,1,1,1,1,1,1,1,1,1,1,1,1,1,1,1,1,1,1,1,1,1,1,1,1,1,1,1,16.0,16,Unicorn_Absent,-1,-1.0,3,Unicorn_Absent,285,16.0,32,1.0,48,0.0,0.5,BOTTOM,16.0,1.0,16.0,0.0,BOTTOM
0,2194482488,16,824882,Absent,32,0,0,0,0,0,0,0,0,0,0,0,0,0,0,0,0,0,0,0,0,0,0,0,0,0,0,0,0,0,0,0,0,1,1,1,1,1,1,1,1,1,1,1,1,1,1,1,1,1,1,1,1,1,1,1,1,1,1,1,1,1,1,1,1,16.0,16,Unicorn_Absent,-1,-1.0,3,Unicorn_Absent,301,16.0,32,1.0,48,0.0,0.5,BOTTOM,16.0,1.0,16.0,0.0,BOTTOM
0,2194482488,20,824882,Absent,32,0,0,0,0,1,1,1,1,0,0,0,0,1,1,1,1,0,0,0,0,1,1,1,1,0,0,0,0,1,1,1,1,0,0,0,0,1,1,1,1,0,0,0,0,1,1,1,1,0,0,0,0,1,1,1,1,0,0,0,0,1,1,1,1,18.0,14,Unicorn_Absent,-1,-1.0,6,Unicorn_Absent,287,18.0,32,0.3333333333333333,46,0.028985507246376774,0.5,RIGHT,16.0,1.0,16.0,0.0,RIGHT
0,2194482488,23,824882,Absent,32,0,0,0,0,1,1,1,1,0,0,0,0,1,1,1,1,0,0,0,0,1,1,1,1,0,0,0,0,1,1,1,1,0,0,0,0,1,1,1,1,0,0,0,0,1,1,1,1,0,0,0,0,1,1,1,1,0,0,0,0,1,1,1,1,18.0,14,Unicorn_Absent,-1,-1.0,6,Unicorn_Absent,355,18.0,32,1.0,46,0.0,0.5,RIGHT,18.0,1.0,14.0,0.0,RIGHT
0,2194482488,24,824882,Absent,32,0,0,0,0,1,1,1,1,0,0,0,0,1,1,1,1,0,0,0,0,1,1,1,1,0,0,0,0,1,1,1,1,0,0,0,0,1,1,1,1,0,0,0,0,1,1,1,1,0,0,0,0,1,1,1,1,0,0,0,0,1,1,1,1,18.0,14,Unicorn_Absent,-1,-1.0,6,Unicorn_Absent,373,18.0,32,1.0,46,0.0,0.5,RIGHT,18.0,1.0,14.0,0.0,RIGHT
0,2194482488,25,824882,Absent,32,0,0,0,0,1,1,1,1,0,0,0,0,1,1,1,1,0,0,0,0,1,1,1,1,0,0,0,0,1,1,1,1,0,0,0,0,1,1,1,1,0,0,0,0,1,1,1,1,0,0,0,0,1,1,1,1,0,0,0,0,1,1,1,1,18.0,14,Unicorn_Absent,-1,-1.0,6,Unicorn_Absent,391,18.0,32,1.0,46,0.0,0.5,RIGHT,18.0,1.0,14.0,0.0,RIGHT
0,2194482488,26,824882,Absent,32,0,0,0,0,1,1,1,1,0,0,0,0,1,1,1,1,0,0,0,0,1,1,1,1,0,0,0,0,1,1,1,1,0,0,0,0,1,1,1,1,0,0,0,0,1,1,1,1,0,0,0,0,1,1,1,1,0,0,0,0,1,1,1,1,18.0,14,Unicorn_Absent,-1,-1.0,6,Unicorn_Absent,409,18.0,32,1.0,46,0.0,0.5,RIGHT,18.0,1.0,14.0,0.0,RIGHT
0,2194482488,27,824882,Absent,32,0,0,0,0,1,1,1,1,0,0,0,0,1,1,1,1,0,0,0,0,1,1,1,1,0,0,0,0,1,1,1,1,0,0,0,0,1,1,1,1,0,0,0,0,1,1,1,1,0,0,0,0,1,1,1,1,0,0,0,0,1,1,1,1,18.0,14,Unicorn_Absent,-1,-1.0,6,Unicorn_Absent,427,18.0,32,1.0,46,0.0,0.5,RIGHT,18.0,1.0,14.0,0.0,RIGHT
0,2194482488,37,824882,Absent,32,1,1,1,1,1,1,1,1,1,1,1,1,1,1,1,1,1,1,1,1,1,1,1,1,1,1,1,1,1,1,1,1,0,0,0,0,0,0,0,0,0,0,0,0,0,0,0,0,0,0,0,0,0,0,0,0,0,0,0,0,0,0,0,0,32.0,0,Unicorn_Absent,-1,-1.0,4,Unicorn_Absent,623,32.0,32,1.0,64,0.0,1.0,TOP,32.0,1.0,0.0,0.0,TOP
0,2194482488,42,824882,Absent,32,1,1,1,1,1,1,1,1,1,1,1,1,1,1,1,1,1,1,1,1,1,1,1,1,1,1,1,1,1,1,1,1,0,0,0,0,0,0,0,0,0,0,0,0,0,0,0,0,0,0,0,0,0,0,0,0,0,0,0,0,0,0,0,0,32.0,0,Unicorn_Absent,-1,-1.0,4,Unicorn_Absent,783,32.0,32,1.0,64,0.0,1.0,TOP,32.0,1.0,0.0,0.0,TOP
0,2194482488,43,824882,Absent,32,1,1,1,1,1,1,1,1,1,1,1,1,1,1,1,1,1,1,1,1,1,1,1,1,1,1,1,1,1,1,1,1,0,0,0,0,0,0,0,0,0,0,0,0,0,0,0,0,0,0,0,0,0,0,0,0,0,0,0,0,0,0,0,0,32.0,0,Unicorn_Absent,-1,-1.0,4,Unicorn_Absent,815,32.0,32,1.0,64,0.0,1.0,TOP,32.0,1.0,0.0,0.0,TOP
0,2194482488,44,824882,Absent,32,1,1,1,1,1,1,1,1,1,1,1,1,1,1,1,1,1,1,1,1,1,1,1,1,1,1,1,1,1,1,1,1,0,0,0,0,0,0,0,0,0,0,0,0,0,0,0,0,0,0,0,0,0,0,0,0,0,0,0,0,0,0,0,0,32.0,0,Unicorn_Absent,-1,-1.0,4,Unicorn_Absent,847,32.0,32,1.0,64,0.0,1.0,TOP,32.0,1.0,0.0,0.0,TOP
0,2194482488,45,824882,Absent,32,1,1,1,1,1,1,1,1,1,1,1,1,1,1,1,1,1,1,1,1,1,1,1,1,1,1,1,1,1,1,1,1,0,0,0,0,0,0,0,0,0,0,0,0,0,0,0,0,0,0,0,0,0,0,0,0,0,0,0,0,0,0,0,0,32.0,0,Unicorn_Absent,-1,-1.0,4,Unicorn_Absent,879,32.0,32,1.0,64,0.0,1.0,TOP,32.0,1.0,0.0,0.0,TOP
0,2194482488,46,824882,Absent,32,1,1,1,1,1,1,1,1,1,1,1,1,1,1,1,1,1,1,1,1,1,1,1,1,1,1,1,1,1,1,1,1,0,0,0,0,0,0,0,0,0,0,0,0,0,0,0,0,0,0,0,0,0,0,0,0,0,0,0,0,0,0,0,0,32.0,0,Unicorn_Absent,-1,-1.0,4,Unicorn_Absent,911,32.0,32,1.0,64,0.0,1.0,TOP,32.0,1.0,0.0,0.0,TOP
0,2194482488,47,824882,Absent,32,1,1,1,1,1,1,1,1,1,1,1,1,1,1,1,1,1,1,1,1,1,1,1,1,1,1,1,1,1,1,1,1,0,0,0,0,0,0,0,0,0,0,0,0,0,0,0,0,0,0,0,0,0,0,0,0,0,0,0,0,0,0,0,0,32.0,0,Unicorn_Absent,-1,-1.0,4,Unicorn_Absent,943,32.0,32,1.0,64,0.0,1.0,TOP,32.0,1.0,0.0,0.0,TOP
0,2194482488,55,824882,Absent,32,1,1,1,1,1,1,1,1,1,1,1,1,1,1,1,1,1,1,1,1,1,1,1,1,1,1,1,1,1,1,1,1,0,0,0,0,0,0,0,0,0,0,0,0,0,0,0,0,0,0,0,0,0,0,0,0,0,0,0,0,0,0,0,0,0.0,32,Unicorn_Absent,-1,-1.0,4,Unicorn_Absent,1167,18.0,32,1.0,64,0.5,0.5,TOP,32.0,0.30434782608695654,0.0,0.0,OUT
0,2194482488,59,824882,Absent,9,0,1,0,0,0,0,0,0,0,0,0,1,0,0,0,1,1,0,0,0,0,0,0,1,0,0,0,0,0,0,0,0,0,1,0,0,0,0,0,0,0,0,0,0,1,0,0,0,0,0,0,0,1,0,0,0,1,0,0,0,0,0,0,0,28.0,4,Unicorn_Absent,-1,-1.0,0,Unicorn_Absent,1156,32.0,9,0.15625,41,0.20375,0.578125,RS,18.0,0.15625,14.0,0.19565217391304346,OUT
0,2257355767,4,225731,Absent,32,1,1,1,1,0,0,0,0,1,1,1,1,0,0,0,0,1,1,1,1,0,0,0,0,1,1,1,1,0,0,0,0,1,1,1,1,0,0,0,0,1,1,1,1,0,0,0,0,1,1,1,1,0,0,0,0,1,1,1,1,0,0,0,0,14.0,18,Unicorn_Absent,-1,-1.0,5,Unicorn_Absent,83,14.0,32,1.0,50,0.6862745098039216,0.5,LEFT,15.0,1.0,17.0,,LEFT
0,2257355767,12,225731,Absent,32,1,1,1,1,0,0,0,0,1,1,1,1,0,0,0,0,1,1,1,1,0,0,0,0,1,1,1,1,0,0,0,0,1,1,1,1,0,0,0,0,1,1,1,1,0,0,0,0,1,1,1,1,0,0,0,0,1,1,1,1,0,0,0,0,32.0,0,Unicorn_Absent,-1,-1.0,5,Unicorn_Absent,312,32.0,32,1.0,64,0.0,1.0,LEFT,32.0,1.0,0.0,0.64,LEFT
0,2257355767,29,225731,Absent,0,0,0,0,0,0,0,0,0,0,0,0,0,0,0,0,0,0,0,0,0,0,0,0,0,0,0,0,0,0,0,0,0,0,0,0,0,0,0,0,0,0,0,0,0,0,0,0,0,0,0,0,0,0,0,0,0,0,0,0,0,0,0,0,0,32.0,0,Unicorn_Absent,-1,-1.0,2,Unicorn_Absent,574,32.0,0,0.0,9,0.1388888888888889,0.140625,NOTHING,16.0,1.0,16.0,0.6956521739130435,NOTHING
0,2257355767,30,225731,Absent,0,0,0,0,0,0,0,0,0,0,0,0,0,0,0,0,0,0,0,0,0,0,0,0,0,0,0,0,0,0,0,0,0,0,0,0,0,0,0,0,0,0,0,0,0,0,0,0,0,0,0,0,0,0,0,0,0,0,0,0,0,0,0,0,0,32.0,0,Unicorn_Absent,-1,-1.0,2,Unicorn_Absent,606,32.0,0,1.0,36,0.8461538461538461,0.5625,NOTHING,32.0,1.0,0.0,0.1388888888888889,NOTHING
0,2257355767,36,225731,Absent,54,1,1,1,1,1,1,1,0,0,1,1,1,1,1,1,1,1,1,0,1,1,0,1,1,1,1,1,1,1,1,1,1,1,1,1,1,0,1,1,1,1,1,1,1,1,0,1,1,1,1,1,1,1,1,1,0,0,1,1,0,1,1,1,0,4.0,28,Unicorn_Absent,-1,-1.0,0,Unicorn_Absent,482,16.0,54,0.0,58,0.36,0.46875,RS,32.0,0.4827586206896552,0.0,0.0,TOP
0,2257355767,37,225731,Absent,32,1,1,1,1,1,1,1,1,1,1,1,1,1,1,1,1,1,1,1,1,1,1,1,1,1,1,1,1,1,1,1,1,0,0,0,0,0,0,0,0,0,0,0,0,0,0,0,0,0,0,0,0,0,0,0,0,0,0,0,0,0,0,0,0,16.0,16,Unicorn_Absent,-1,-1.0,4,Unicorn_Absent,498,16.0,32,0.4827586206896552,48,0.5172413793103448,0.5,TOP,4.0,1.0,28.0,0.36,TOP
0,2257355767,38,225731,Absent,32,1,1,1,1,1,1,1,1,1,1,1,1,1,1,1,1,1,1,1,1,1,1,1,1,1,1,1,1,1,1,1,1,0,0,0,0,0,0,0,0,0,0,0,0,0,0,0,0,0,0,0,0,0,0,0,0,0,0,0,0,0,0,0,0,16.0,16,Unicorn_Absent,-1,-1.0,4,Unicorn_Absent,514,16.0,32,1.0,48,0.0,0.5,TOP,16.0,1.0,16.0,0.5172413793103448,TOP
0,2257355767,47,225731,Absent,64,1,1,1,1,1,1,1,1,1,1,1,1,1,1,1,1,1,1,1,1,1,1,1,1,1,1,1,1,1,1,1,1,1,1,1,1,1,1,1,1,1,1,1,1,1,1,1,1,1,1,1,1,1,1,1,1,1,1,1,1,1,1,1,1,-4.0,36,Unicorn_Absent,-1,-1.0,1,Unicorn_Absent,561,0.0,64,0.5,64,0.14,0.4375,ALL,16.0,0.5,16.0,0.0,LEFT
0,2257355767,48,225731,Absent,32,1,1,1,1,0,0,0,0,1,1,1,1,0,0,0,0,1,1,1,1,0,0,0,0,1,1,1,1,0,0,0,0,1,1,1,1,0,0,0,0,1,1,1,1,0,0,0,0,1,1,1,1,0,0,0,0,1,1,1,1,0,0,0,0,0.0,32,Unicorn_Absent,-1,-1.0,5,Unicorn_Absent,561,0.0,32,0.5,64,0.0625,0.5,LEFT,-4.0,1.0,36.0,0.14,LEFT
0,2257355767,49,225731,Absent,32,1,1,1,1,0,0,0,0,1,1,1,1,0,0,0,0,1,1,1,1,0,0,0,0,1,1,1,1,0,0,0,0,1,1,1,1,0,0,0,0,1,1,1,1,0,0,0,0,1,1,1,1,0,0,0,0,1,1,1,1,0,0,0,0,0.0,32,Unicorn_Absent,-1,-1.0,5,Unicorn_Absent,561,16.0,32,1.0,64,0.0,0.5,LEFT,0.0,0.3333333333333333,32.0,0.0625,BOTTOM
0,2257355767,50,225731,Absent,32,0,0,0,0,0,0,0,0,0,0,0,0,0,0,0,0,0,0,0,0,0,0,0,0,0,0,0,0,0,0,0,0,1,1,1,1,1,1,1,1,1,1,1,1,1,1,1,1,1,1,1,1,1,1,1,1,1,1,1,1,1,1,1,1,16.0,16,Unicorn_Absent,-1,-1.0,3,Unicorn_Absent,577,16.0,32,0.3333333333333333,48,0.16666666666666669,0.5,BOTTOM,0.0,1.0,32.0,0.0,BOTTOM
0,2257355767,51,225731,Absent,32,0,0,0,0,0,0,0,0,0,0,0,0,0,0,0,0,0,0,0,0,0,0,0,0,0,0,0,0,0,0,0,0,1,1,1,1,1,1,1,1,1,1,1,1,1,1,1,1,1,1,1,1,1,1,1,1,1,1,1,1,1,1,1,1,16.0,16,Unicorn_Absent,-1,-1.0,3,Unicorn_Absent,593,16.0,32,1.0,48,0.0,0.5,BOTTOM,16.0,1.0,16.0,0.16666666666666669,BOTTOM
0,2257355767,4,557672,Absent,36,0,0,0,0,0,0,0,0,0,1,1,1,1,1,1,0,0,1,1,1,1,1,1,0,0,1,1,1,1,1,1,0,0,1,1,1,1,1,1,0,0,1,1,1,1,1,1,0,0,1,1,1,1,1,1,0,0,0,0,0,0,0,0,0,14.0,18,Unicorn_Absent,-1,-1.0,7,Unicorn_Absent,83,14.0,36,0.3137254901960784,50,0.6862745098039216,0.5,IN,15.0,1.0,17.0,,IN
0,2257355767,12,557672,Absent,32,0,0,0,0,1,1,1,1,0,0,0,0,1,1,1,1,0,0,0,0,1,1,1,1,0,0,0,0,1,1,1,1,0,0,0,0,1,1,1,1,0,0,0,0,1,1,1,1,0,0,0,0,1,1,1,1,0,0,0,0,1,1,1,1,32.0,0,Unicorn_Absent,-1,-1.0,6,Unicorn_Absent,312,32.0,32,1.0,64,0.0,1.0,RIGHT,32.0,1.0,0.0,0.64,RIGHT
0,2257355767,29,557672,Absent,9,0,0,1,0,0,0,0,0,1,0,0,0,0,0,0,0,0,0,0,0,0,0,0,0,0,0,0,0,1,0,1,1,0,0,0,0,1,0,0,0,0,1,0,0,0,0,0,0,0,0,0,1,0,0,1,0,0,0,0,0,0,0,0,0,32.0,0,Unicorn_Absent,-1,-1.0,0,Unicorn_Absent,574,32.0,9,0.1388888888888889,9,0.1388888888888889,0.140625,RS,16.0,0.15384615384615385,16.0,0.6956521739130435,IN
0,2257355767,30,557672,Absent,36,0,0,0,0,0,0,0,0,0,1,1,1,1,1,1,0,0,1,1,1,1,1,1,0,0,1,1,1,1,1,1,0,0,1,1,1,1,1,1,0,0,1,1,1,1,1,1,0,0,1,1,1,1,1,1,0,0,0,0,0,0,0,0,0,32.0,0,Unicorn_Absent,-1,-1.0,7,Unicorn_Absent,606,32.0,36,0.15384615384615385,36,0.8461538461538461,0.5625,IN,32.0,1.0,0.0,0.1388888888888889,IN
0,2257355767,36,557672,Absent,32,1,1,1,1,0,0,0,0,1,1,1,1,0,0,0,0,1,1,1,1,0,0,0,0,1,1,1,1,0,0,0,0,1,1,1,1,0,0,0,0,1,1,1,1,0,0,0,0,1,1,1,1,0,0,0,0,1,1,1,1,0,0,0,0,4.0,28,Unicorn_Absent,-1,-1.0,5,Unicorn_Absent,482,16.0,32,0.36,58,0.36,0.46875,LEFT,32.0,1.0,0.0,0.0,LEFT
0,2257355767,37,557672,Absent,32,1,1,1,1,0,0,0,0,1,1,1,1,0,0,0,0,1,1,1,1,0,0,0,0,1,1,1,1,0,0,0,0,1,1,1,1,0,0,0,0,1,1,1,1,0,0,0,0,1,1,1,1,0,0,0,0,1,1,1,1,0,0,0,0,16.0,16,Unicorn_Absent,-1,-1.0,5,Unicorn_Absent,498,16.0,32,1.0,48,0.5172413793103448,0.5,LEFT,4.0,1.0,28.0,0.36,LEFT
0,2257355767,38,557672,Absent,32,1,1,1,1,0,0,0,0,1,1,1,1,0,0,0,0,1,1,1,1,0,0,0,0,1,1,1,1,0,0,0,0,1,1,1,1,0,0,0,0,1,1,1,1,0,0,0,0,1,1,1,1,0,0,0,0,1,1,1,1,0,0,0,0,16.0,16,Unicorn_Absent,-1,-1.0,5,Unicorn_Absent,514,16.0,32,1.0,48,0.0,0.5,LEFT,16.0,1.0,16.0,0.5172413793103448,LEFT
0,2257355767,47,557672,Absent,36,0,0,0,0,0,0,0,0,0,1,1,1,1,1,1,0,0,1,1,1,1,1,1,0,0,1,1,1,1,1,1,0,0,1,1,1,1,1,1,0,0,1,1,1,1,1,1,0,0,1,1,1,1,1,1,0,0,0,0,0,0,0,0,0,-4.0,36,Unicorn_Absent,-1,-1.0,7,Unicorn_Absent,561,0.0,36,0.36,64,0.14,0.4375,IN,16.0,0.5625,16.0,0.0,ALL
0,2257355767,48,557672,Absent,64,1,1,1,1,1,1,1,1,1,1,1,1,1,1,1,1,1,1,1,1,1,1,1,1,1,1,1,1,1,1,1,1,1,1,1,1,1,1,1,1,1,1,1,1,1,1,1,1,1,1,1,1,1,1,1,1,1,1,1,1,1,1,1,1,0.0,32,Unicorn_Absent,-1,-1.0,1,Unicorn_Absent,561,0.0,64,0.5625,64,0.0625,0.5,ALL,-4.0,1.0,36.0,0.14,ALL
0,2257355767,49,557672,Absent,64,1,1,1,1,1,1,1,1,1,1,1,1,1,1,1,1,1,1,1,1,1,1,1,1,1,1,1,1,1,1,1,1,1,1,1,1,1,1,1,1,1,1,1,1,1,1,1,1,1,1,1,1,1,1,1,1,1,1,1,1,1,1,1,1,0.0,32,Unicorn_Absent,-1,-1.0,1,Unicorn_Absent,561,16.0,64,1.0,64,0.0,0.5,ALL,0.0,0.5,32.0,0.0625,LEFT
0,2257355767,50,557672,Absent,32,1,1,1,1,0,0,0,0,1,1,1,1,0,0,0,0,1,1,1,1,0,0,0,0,1,1,1,1,0,0,0,0,1,1,1,1,0,0,0,0,1,1,1,1,0,0,0,0,1,1,1,1,0,0,0,0,1,1,1,1,0,0,0,0,16.0,16,Unicorn_Absent,-1,-1.0,5,Unicorn_Absent,577,16.0,32,0.5,48,0.16666666666666669,0.5,LEFT,0.0,1.0,32.0,0.0,LEFT
0,2257355767,51,557672,Absent,32,1,1,1,1,0,0,0,0,1,1,1,1,0,0,0,0,1,1,1,1,0,0,0,0,1,1,1,1,0,0,0,0,1,1,1,1,0,0,0,0,1,1,1,1,0,0,0,0,1,1,1,1,0,0,0,0,1,1,1,1,0,0,0,0,16.0,16,Unicorn_Absent,-1,-1.0,5,Unicorn_Absent,593,16.0,32,1.0,48,0.0,0.5,LEFT,16.0,1.0,16.0,0.16666666666666669,LEFT
0,2289465514,1,228949,Absent,11,0,0,0,1,1,0,0,0,1,0,0,0,0,0,0,1,0,0,0,0,0,1,0,0,0,0,0,0,0,0,0,0,0,0,0,0,0,1,1,1,0,0,0,0,0,0,0,0,0,0,0,1,0,0,0,0,0,0,1,0,1,0,0,0,27.0,5,Unicorn_Absent,-1,-1.0,0,Unicorn_Absent,27,20.0,11,,41,,0.5625,RS,,0.15625,,,RS
0,2289465514,5,228949,Absent,28,1,1,1,1,1,1,1,1,1,0,0,0,0,0,0,1,1,0,0,0,0,0,0,1,1,0,0,0,0,0,0,1,1,0,0,0,0,0,0,1,1,0,0,0,0,0,0,1,1,0,0,0,0,0,0,1,1,1,1,1,1,1,1,1,18.0,14,Unicorn_Absent,-1,-1.0,8,Unicorn_Absent,-3,18.0,28,0.2558139534883721,46,0.7441860465116279,0.5,OUT,20.0,1.0,12.0,0.30027173913043476,OUT
0,2289465514,6,228949,Absent,28,1,1,1,1,1,1,1,1,1,0,0,0,0,0,0,1,1,0,0,0,0,0,0,1,1,0,0,0,0,0,0,1,1,0,0,0,0,0,0,1,1,0,0,0,0,0,0,1,1,0,0,0,0,0,0,1,1,1,1,1,1,1,1,1,18.0,14,Unicorn_Absent,-1,-1.0,8,Unicorn_Absent,15,18.0,28,1.0,46,0.0,0.5,OUT,18.0,1.0,14.0,0.7441860465116279,OUT
0,2289465514,10,228949,Absent,32,1,1,1,1,1,1,1,1,1,1,1,1,1,1,1,1,1,1,1,1,1,1,1,1,1,1,1,1,1,1,1,1,0,0,0,0,0,0,0,0,0,0,0,0,0,0,0,0,0,0,0,0,0,0,0,0,0,0,0,0,0,0,0,0,32.0,0,Unicorn_Absent,-1,-1.0,4,Unicorn_Absent,19,32.0,32,0.30434782608695654,32,0.30434782608695654,0.5,TOP,18.0,1.0,14.0,0.0,TOP
0,2289465514,11,228949,Absent,32,1,1,1,1,1,1,1,1,1,1,1,1,1,1,1,1,1,1,1,1,1,1,1,1,1,1,1,1,1,1,1,1,0,0,0,0,0,0,0,0,0,0,0,0,0,0,0,0,0,0,0,0,0,0,0,0,0,0,0,0,0,0,0,0,32.0,0,Unicorn_Absent,-1,-1.0,4,Unicorn_Absent,51,32.0,32,1.0,32,0.0,0.5,TOP,32.0,1.0,0.0,0.30434782608695654,TOP
0,2289465514,12,228949,Absent,32,1,1,1,1,1,1,1,1,1,1,1,1,1,1,1,1,1,1,1,1,1,1,1,1,1,1,1,1,1,1,1,1,0,0,0,0,0,0,0,0,0,0,0,0,0,0,0,0,0,0,0,0,0,0,0,0,0,0,0,0,0,0,0,0,32.0,0,Unicorn_Absent,-1,-1.0,4,Unicorn_Absent,83,32.0,32,1.0,32,0.0,0.5,TOP,32.0,1.0,0.0,0.0,TOP
0,2289465514,13,228949,Absent,32,1,1,1,1,1,1,1,1,1,1,1,1,1,1,1,1,1,1,1,1,1,1,1,1,1,1,1,1,1,1,1,1,0,0,0,0,0,0,0,0,0,0,0,0,0,0,0,0,0,0,0,0,0,0,0,0,0,0,0,0,0,0,0,0,32.0,0,Unicorn_Absent,-1,-1.0,4,Unicorn_Absent,115,32.0,32,1.0,32,0.0,0.5,TOP,32.0,0.3333333333333333,0.0,0.0,LEFT
0,2289465514,14,228949,Absent,32,1,1,1,1,0,0,0,0,1,1,1,1,0,0,0,0,1,1,1,1,0,0,0,0,1,1,1,1,0,0,0,0,1,1,1,1,0,0,0,0,1,1,1,1,0,0,0,0,1,1,1,1,0,0,0,0,1,1,1,1,0,0,0,0,32.0,0,Unicorn_Absent,-1,-1.0,5,Unicorn_Absent,147,32.0,32,0.3333333333333333,32,0.6666666666666667,0.5,LEFT,32.0,1.0,0.0,0.0,LEFT
0,2289465514,17,228949,Absent,32,1,1,1,1,0,0,0,0,1,1,1,1,0,0,0,0,1,1,1,1,0,0,0,0,1,1,1,1,0,0,0,0,1,1,1,1,0,0,0,0,1,1,1,1,0,0,0,0,1,1,1,1,0,0,0,0,1,1,1,1,0,0,0,0,32.0,0,Unicorn_Absent,-1,-1.0,5,Unicorn_Absent,243,32.0,32,1.0,32,0.0,0.5,LEFT,32.0,1.0,0.0,0.0,LEFT
0,2289465514,18,228949,Absent,32,1,1,1,1,0,0,0,0,1,1,1,1,0,0,0,0,1,1,1,1,0,0,0,0,1,1,1,1,0,0,0,0,1,1,1,1,0,0,0,0,1,1,1,1,0,0,0,0,1,1,1,1,0,0,0,0,1,1,1,1,0,0,0,0,32.0,0,Unicorn_Absent,-1,-1.0,5,Unicorn_Absent,275,32.0,32,1.0,32,0.0,0.5,LEFT,32.0,1.0,0.0,0.0,LEFT
0,2289465514,19,228949,Absent,32,1,1,1,1,0,0,0,0,1,1,1,1,0,0,0,0,1,1,1,1,0,0,0,0,1,1,1,1,0,0,0,0,1,1,1,1,0,0,0,0,1,1,1,1,0,0,0,0,1,1,1,1,0,0,0,0,1,1,1,1,0,0,0,0,32.0,0,Unicorn_Absent,-1,-1.0,5,Unicorn_Absent,307,32.0,32,1.0,32,0.0,0.5,LEFT,32.0,1.0,0.0,0.0,LEFT
0,2289465514,20,228949,Absent,32,1,1,1,1,0,0,0,0,1,1,1,1,0,0,0,0,1,1,1,1,0,0,0,0,1,1,1,1,0,0,0,0,1,1,1,1,0,0,0,0,1,1,1,1,0,0,0,0,1,1,1,1,0,0,0,0,1,1,1,1,0,0,0,0,32.0,0,Unicorn_Absent,-1,-1.0,5,Unicorn_Absent,339,32.0,32,1.0,32,0.0,0.5,LEFT,32.0,1.0,0.0,0.0,LEFT
0,2289465514,28,228949,Absent,32,1,1,1,1,0,0,0,0,1,1,1,1,0,0,0,0,1,1,1,1,0,0,0,0,1,1,1,1,0,0,0,0,1,1,1,1,0,0,0,0,1,1,1,1,0,0,0,0,1,1,1,1,0,0,0,0,1,1,1,1,0,0,0,0,32.0,0,Unicorn_Absent,-1,-1.0,5,Unicorn_Absent,595,32.0,32,1.0,32,0.0,0.5,LEFT,32.0,1.0,0.0,0.0,LEFT
0,2289465514,29,228949,Absent,32,1,1,1,1,0,0,0,0,1,1,1,1,0,0,0,0,1,1,1,1,0,0,0,0,1,1,1,1,0,0,0,0,1,1,1,1,0,0,0,0,1,1,1,1,0,0,0,0,1,1,1,1,0,0,0,0,1,1,1,1,0,0,0,0,32.0,0,Unicorn_Absent,-1,-1.0,5,Unicorn_Absent,627,32.0,32,1.0,32,0.0,0.5,LEFT,32.0,1.0,0.0,0.0,LEFT
0,2289465514,43,228949,Absent,36,0,0,0,0,0,0,0,0,0,1,1,1,1,1,1,0,0,1,1,1,1,1,1,0,0,1,1,1,1,1,1,0,0,1,1,1,1,1,1,0,0,1,1,1,1,1,1,0,0,1,1,1,1,1,1,0,0,0,0,0,0,0,0,0,14.0,18,Unicorn_Absent,-1,-1.0,7,Unicorn_Absent,621,14.0,36,1.0,50,0.8461538461538461,0.5,IN,25.0,1.0,7.0,0.17578947368421052,IN
0,2289465514,52,228949,Absent,28,1,1,1,1,1,1,1,1,1,0,0,0,0,0,0,1,1,0,0,0,0,0,0,1,1,0,0,0,0,0,0,1,1,0,0,0,0,0,0,1,1,0,0,0,0,0,0,1,1,0,0,0,0,0,0,1,1,1,1,1,1,1,1,1,18.0,14,Unicorn_Absent,-1,-1.0,8,Unicorn_Absent,794,18.0,28,0.30434782608695654,46,0.19565217391304346,0.5,OUT,0.0,1.0,32.0,0.14,OUT
0,2289465514,1,655141,Absent,35,1,1,1,0,1,1,0,0,0,1,1,0,1,0,0,0,0,1,1,0,0,1,0,1,1,1,1,0,0,0,1,1,1,1,1,1,0,0,1,0,1,1,1,0,0,1,0,0,0,0,1,1,0,1,1,0,0,1,0,1,1,1,0,1,27.0,5,Unicorn_Absent,-1,-1.0,0,Unicorn_Absent,27,20.0,35,,41,,0.5625,RS,,0.45652173913043476,,,LEFT
0,2289465514,5,655141,Absent,32,1,1,1,1,0,0,0,0,1,1,1,1,0,0,0,0,1,1,1,1,0,0,0,0,1,1,1,1,0,0,0,0,1,1,1,1,0,0,0,0,1,1,1,1,0,0,0,0,1,1,1,1,0,0,0,0,1,1,1,1,0,0,0,0,18.0,14,Unicorn_Absent,-1,-1.0,5,Unicorn_Absent,-3,18.0,32,1.0,46,0.7441860465116279,0.5,LEFT,20.0,1.0,12.0,0.30027173913043476,LEFT
0,2289465514,6,655141,Absent,32,1,1,1,1,0,0,0,0,1,1,1,1,0,0,0,0,1,1,1,1,0,0,0,0,1,1,1,1,0,0,0,0,1,1,1,1,0,0,0,0,1,1,1,1,0,0,0,0,1,1,1,1,0,0,0,0,1,1,1,1,0,0,0,0,18.0,14,Unicorn_Absent,-1,-1.0,5,Unicorn_Absent,15,18.0,32,1.0,46,0.0,0.5,LEFT,18.0,1.0,14.0,0.7441860465116279,LEFT
0,2289465514,10,655141,Absent,0,0,0,0,0,0,0,0,0,0,0,0,0,0,0,0,0,0,0,0,0,0,0,0,0,0,0,0,0,0,0,0,0,0,0,0,0,0,0,0,0,0,0,0,0,0,0,0,0,0,0,0,0,0,0,0,0,0,0,0,0,0,0,0,0,32.0,0,Unicorn_Absent,-1,-1.0,2,Unicorn_Absent,19,32.0,0,0.0,32,0.30434782608695654,0.5,NOTHING,18.0,1.0,14.0,0.0,NOTHING
0,2289465514,11,655141,Absent,0,0,0,0,0,0,0,0,0,0,0,0,0,0,0,0,0,0,0,0,0,0,0,0,0,0,0,0,0,0,0,0,0,0,0,0,0,0,0,0,0,0,0,0,0,0,0,0,0,0,0,0,0,0,0,0,0,0,0,0,0,0,0,0,0,32.0,0,Unicorn_Absent,-1,-1.0,2,Unicorn_Absent,51,32.0,0,1.0,32,0.0,0.5,NOTHING,32.0,1.0,0.0,0.30434782608695654,NOTHING
0,2289465514,12,655141,Absent,0,0,0,0,0,0,0,0,0,0,0,0,0,0,0,0,0,0,0,0,0,0,0,0,0,0,0,0,0,0,0,0,0,0,0,0,0,0,0,0,0,0,0,0,0,0,0,0,0,0,0,0,0,0,0,0,0,0,0,0,0,0,0,0,0,32.0,0,Unicorn_Absent,-1,-1.0,2,Unicorn_Absent,83,32.0,0,1.0,32,0.0,0.5,NOTHING,32.0,1.0,0.0,0.0,NOTHING
0,2289465514,13,655141,Absent,0,0,0,0,0,0,0,0,0,0,0,0,0,0,0,0,0,0,0,0,0,0,0,0,0,0,0,0,0,0,0,0,0,0,0,0,0,0,0,0,0,0,0,0,0,0,0,0,0,0,0,0,0,0,0,0,0,0,0,0,0,0,0,0,0,32.0,0,Unicorn_Absent,-1,-1.0,2,Unicorn_Absent,115,32.0,0,1.0,32,0.0,0.5,NOTHING,32.0,1.0,0.0,0.0,NOTHING
0,2289465514,14,655141,Absent,0,0,0,0,0,0,0,0,0,0,0,0,0,0,0,0,0,0,0,0,0,0,0,0,0,0,0,0,0,0,0,0,0,0,0,0,0,0,0,0,0,0,0,0,0,0,0,0,0,0,0,0,0,0,0,0,0,0,0,0,0,0,0,0,0,32.0,0,Unicorn_Absent,-1,-1.0,2,Unicorn_Absent,147,32.0,0,1.0,32,0.6666666666666667,0.5,NOTHING,32.0,1.0,0.0,0.0,NOTHING
0,2289465514,17,655141,Absent,0,0,0,0,0,0,0,0,0,0,0,0,0,0,0,0,0,0,0,0,0,0,0,0,0,0,0,0,0,0,0,0,0,0,0,0,0,0,0,0,0,0,0,0,0,0,0,0,0,0,0,0,0,0,0,0,0,0,0,0,0,0,0,0,0,32.0,0,Unicorn_Absent,-1,-1.0,2,Unicorn_Absent,243,32.0,0,1.0,32,0.0,0.5,NOTHING,32.0,1.0,0.0,0.0,NOTHING
0,2289465514,18,655141,Absent,0,0,0,0,0,0,0,0,0,0,0,0,0,0,0,0,0,0,0,0,0,0,0,0,0,0,0,0,0,0,0,0,0,0,0,0,0,0,0,0,0,0,0,0,0,0,0,0,0,0,0,0,0,0,0,0,0,0,0,0,0,0,0,0,0,32.0,0,Unicorn_Absent,-1,-1.0,2,Unicorn_Absent,275,32.0,0,1.0,32,0.0,0.5,NOTHING,32.0,1.0,0.0,0.0,NOTHING
0,2289465514,19,655141,Absent,0,0,0,0,0,0,0,0,0,0,0,0,0,0,0,0,0,0,0,0,0,0,0,0,0,0,0,0,0,0,0,0,0,0,0,0,0,0,0,0,0,0,0,0,0,0,0,0,0,0,0,0,0,0,0,0,0,0,0,0,0,0,0,0,0,32.0,0,Unicorn_Absent,-1,-1.0,2,Unicorn_Absent,307,32.0,0,1.0,32,0.0,0.5,NOTHING,32.0,1.0,0.0,0.0,NOTHING
0,2289465514,20,655141,Absent,0,0,0,0,0,0,0,0,0,0,0,0,0,0,0,0,0,0,0,0,0,0,0,0,0,0,0,0,0,0,0,0,0,0,0,0,0,0,0,0,0,0,0,0,0,0,0,0,0,0,0,0,0,0,0,0,0,0,0,0,0,0,0,0,0,32.0,0,Unicorn_Absent,-1,-1.0,2,Unicorn_Absent,339,32.0,0,1.0,32,0.0,0.5,NOTHING,32.0,1.0,0.0,0.0,NOTHING
0,2289465514,28,655141,Absent,0,0,0,0,0,0,0,0,0,0,0,0,0,0,0,0,0,0,0,0,0,0,0,0,0,0,0,0,0,0,0,0,0,0,0,0,0,0,0,0,0,0,0,0,0,0,0,0,0,0,0,0,0,0,0,0,0,0,0,0,0,0,0,0,0,32.0,0,Unicorn_Absent,-1,-1.0,2,Unicorn_Absent,595,32.0,0,1.0,32,0.0,0.5,NOTHING,32.0,1.0,0.0,0.0,NOTHING
0,2289465514,29,655141,Absent,0,0,0,0,0,0,0,0,0,0,0,0,0,0,0,0,0,0,0,0,0,0,0,0,0,0,0,0,0,0,0,0,0,0,0,0,0,0,0,0,0,0,0,0,0,0,0,0,0,0,0,0,0,0,0,0,0,0,0,0,0,0,0,0,0,32.0,0,Unicorn_Absent,-1,-1.0,2,Unicorn_Absent,627,32.0,0,1.0,32,0.0,0.5,NOTHING,32.0,1.0,0.0,0.0,NOTHING
0,2289465514,43,655141,Absent,32,0,0,0,0,1,1,1,1,0,0,0,0,1,1,1,1,0,0,0,0,1,1,1,1,0,0,0,0,1,1,1,1,0,0,0,0,1,1,1,1,0,0,0,0,1,1,1,1,0,0,0,0,1,1,1,1,0,0,0,0,1,1,1,1,14.0,18,Unicorn_Absent,-1,-1.0,6,Unicorn_Absent,621,14.0,32,0.15384615384615385,50,0.8461538461538461,0.5,RIGHT,25.0,1.0,7.0,0.17578947368421052,RIGHT
0,2289465514,52,655141,Absent,32,1,1,1,1,1,1,1,1,1,1,1,1,1,1,1,1,1,1,1,1,1,1,1,1,1,1,1,1,1,1,1,1,0,0,0,0,0,0,0,0,0,0,0,0,0,0,0,0,0,0,0,0,0,0,0,0,0,0,0,0,0,0,0,0,18.0,14,Unicorn_Absent,-1,-1.0,4,Unicorn_Absent,794,18.0,32,0.5,46,0.19565217391304346,0.5,TOP,0.0,1.0,32.0,0.14,TOP
0,2555175512,1,255513,Absent,49,1,1,1,0,0,1,1,1,1,1,0,1,0,1,1,1,1,1,1,1,1,0,1,1,1,1,1,1,1,1,0,1,1,1,1,1,0,1,1,0,0,1,1,1,1,1,1,1,1,1,1,1,0,1,0,1,1,0,0,1,0,1,1,0,24.0,8,Unicorn_Absent,-1,-1.0,0,Unicorn_Absent,24,14.0,49,,49,,0.640625,RS,,0.5178571428571429,,,IN
0,2555175512,2,255513,Absent,36,0,0,0,0,0,0,0,0,0,1,1,1,1,1,1,0,0,1,1,1,1,1,1,0,0,1,1,1,1,1,1,0,0,1,1,1,1,1,1,0,0,1,1,1,1,1,1,0,0,1,1,1,1,1,1,0,0,0,0,0,0,0,0,0,14.0,18,Unicorn_Absent,-1,-1.0,7,Unicorn_Absent,38,14.0,36,0.5178571428571429,50,0.37500000000000006,0.5,IN,24.0,1.0,8.0,,IN
0,2555175512,3,255513,Absent,36,0,0,0,0,0,0,0,0,0,1,1,1,1,1,1,0,0,1,1,1,1,1,1,0,0,1,1,1,1,1,1,0,0,1,1,1,1,1,1,0,0,1,1,1,1,1,1,0,0,1,1,1,1,1,1,0,0,0,0,0,0,0,0,0,14.0,18,Unicorn_Absent,-1,-1.0,7,Unicorn_Absent,52,14.0,36,1.0,50,0.0,0.5,IN,14.0,1.0,18.0,0.37500000000000006,IN
0,2555175512,4,255513,Absent,36,0,0,0,0,0,0,0,0,0,1,1,1,1,1,1,0,0,1,1,1,1,1,1,0,0,1,1,1,1,1,1,0,0,1,1,1,1,1,1,0,0,1,1,1,1,1,1,0,0,1,1,1,1,1,1,0,0,0,0,0,0,0,0,0,14.0,18,Unicorn_Absent,-1,-1.0,7,Unicorn_Absent,66,14.0,36,1.0,50,0.0,0.5,IN,14.0,1.0,18.0,0.0,IN
0,2555175512,5,255513,Absent,36,0,0,0,0,0,0,0,0,0,1,1,1,1,1,1,0,0,1,1,1,1,1,1,0,0,1,1,1,1,1,1,0,0,1,1,1,1,1,1,0,0,1,1,1,1,1,1,0,0,1,1,1,1,1,1,0,0,0,0,0,0,0,0,0,14.0,18,Unicorn_Absent,-1,-1.0,7,Unicorn_Absent,80,14.0,36,1.0,50,0.0,0.5,IN,14.0,1.0,18.0,0.0,IN
0,2555175512,8,255513,Absent,36,0,0,0,0,0,0,0,0,0,1,1,1,1,1,1,0,0,1,1,1,1,1,1,0,0,1,1,1,1,1,1,0,0,1,1,1,1,1,1,0,0,1,1,1,1,1,1,0,0,1,1,1,1,1,1,0,0,0,0,0,0,0,0,0,-4.0,36,Unicorn_Absent,-1,-1.0,7,Unicorn_Absent,122,32.0,36,1.0,36,0.64,0.0,IN,14.0,0.36,18.0,0.0,RIGHT
0,2555175512,21,255513,Absent,32,1,1,1,1,0,0,0,0,1,1,1,1,0,0,0,0,1,1,1,1,0,0,0,0,1,1,1,1,0,0,0,0,1,1,1,1,0,0,0,0,1,1,1,1,0,0,0,0,1,1,1,1,0,0,0,0,1,1,1,1,0,0,0,0,32.0,0,Unicorn_Absent,-1,-1.0,5,Unicorn_Absent,150,32.0,32,0.0,64,0.30434782608695654,1.0,LEFT,18.0,1.0,14.0,0.0,LEFT
0,2555175512,22,255513,Absent,32,1,1,1,1,0,0,0,0,1,1,1,1,0,0,0,0,1,1,1,1,0,0,0,0,1,1,1,1,0,0,0,0,1,1,1,1,0,0,0,0,1,1,1,1,0,0,0,0,1,1,1,1,0,0,0,0,1,1,1,1,0,0,0,0,32.0,0,Unicorn_Absent,-1,-1.0,5,Unicorn_Absent,182,32.0,32,1.0,64,0.0,1.0,LEFT,32.0,1.0,0.0,0.30434782608695654,LEFT
0,2555175512,23,255513,Absent,32,1,1,1,1,0,0,0,0,1,1,1,1,0,0,0,0,1,1,1,1,0,0,0,0,1,1,1,1,0,0,0,0,1,1,1,1,0,0,0,0,1,1,1,1,0,0,0,0,1,1,1,1,0,0,0,0,1,1,1,1,0,0,0,0,32.0,0,Unicorn_Absent,-1,-1.0,5,Unicorn_Absent,214,32.0,32,1.0,64,0.0,1.0,LEFT,32.0,1.0,0.0,0.0,LEFT
0,2555175512,37,255513,Absent,32,1,1,1,1,1,1,1,1,1,1,1,1,1,1,1,1,1,1,1,1,1,1,1,1,1,1,1,1,1,1,1,1,0,0,0,0,0,0,0,0,0,0,0,0,0,0,0,0,0,0,0,0,0,0,0,0,0,0,0,0,0,0,0,0,32.0,0,Unicorn_Absent,-1,-1.0,4,Unicorn_Absent,445,32.0,32,0.3333333333333333,32,0.3333333333333333,0.5,TOP,0.0,1.0,32.0,0.5,TOP
0,2555175512,41,255513,Absent,64,1,1,1,1,1,1,1,1,1,1,1,1,1,1,1,1,1,1,1,1,1,1,1,1,1,1,1,1,1,1,1,1,1,1,1,1,1,1,1,1,1,1,1,1,1,1,1,1,1,1,1,1,1,1,1,1,1,1,1,1,1,1,1,1,0.0,32,Unicorn_Absent,-1,-1.0,1,Unicorn_Absent,443,18.0,64,0.5,64,0.5,0.5,ALL,32.0,0.5,0.0,0.0,LEFT
0,2555175512,42,255513,Absent,32,1,1,1,1,0,0,0,0,1,1,1,1,0,0,0,0,1,1,1,1,0,0,0,0,1,1,1,1,0,0,0,0,1,1,1,1,0,0,0,0,1,1,1,1,0,0,0,0,1,1,1,1,0,0,0,0,1,1,1,1,0,0,0,0,18.0,14,Unicorn_Absent,-1,-1.0,5,Unicorn_Absent,461,18.0,32,0.5,46,0.19565217391304346,0.5,LEFT,0.0,1.0,32.0,0.5,LEFT
0,2555175512,43,255513,Absent,32,1,1,1,1,0,0,0,0,1,1,1,1,0,0,0,0,1,1,1,1,0,0,0,0,1,1,1,1,0,0,0,0,1,1,1,1,0,0,0,0,1,1,1,1,0,0,0,0,1,1,1,1,0,0,0,0,1,1,1,1,0,0,0,0,18.0,14,Unicorn_Absent,-1,-1.0,5,Unicorn_Absent,479,18.0,32,1.0,46,0.0,0.5,LEFT,18.0,1.0,14.0,0.19565217391304346,LEFT
0,2555175512,44,255513,Absent,32,1,1,1,1,0,0,0,0,1,1,1,1,0,0,0,0,1,1,1,1,0,0,0,0,1,1,1,1,0,0,0,0,1,1,1,1,0,0,0,0,1,1,1,1,0,0,0,0,1,1,1,1,0,0,0,0,1,1,1,1,0,0,0,0,18.0,14,Unicorn_Absent,-1,-1.0,5,Unicorn_Absent,497,18.0,32,1.0,46,0.0,0.5,LEFT,18.0,1.0,14.0,0.0,LEFT
0,2555175512,51,255513,Absent,32,0,0,0,0,1,1,1,1,0,0,0,0,1,1,1,1,0,0,0,0,1,1,1,1,0,0,0,0,1,1,1,1,0,0,0,0,1,1,1,1,0,0,0,0,1,1,1,1,0,0,0,0,1,1,1,1,0,0,0,0,1,1,1,1,32.0,0,Unicorn_Absent,-1,-1.0,6,Unicorn_Absent,354,32.0,32,0.3333333333333333,32,0.3333333333333333,0.5,RIGHT,18.0,1.0,14.0,0.6666666666666667,RIGHT
0,2555175512,1,755129,Absent,8,0,0,0,0,0,0,0,0,0,0,0,0,0,1,0,0,0,0,0,0,0,0,0,0,0,0,1,0,0,1,0,0,0,1,0,0,0,0,0,0,0,0,1,0,1,0,1,1,0,0,0,0,0,0,0,0,0,0,0,0,0,0,0,0,24.0,8,Unicorn_Absent,-1,-1.0,0,Unicorn_Absent,24,14.0,8,,49,,0.640625,RS,,0.14285714285714285,,,BOTTOM
0,2555175512,2,755129,Absent,32,0,0,0,0,0,0,0,0,0,0,0,0,0,0,0,0,0,0,0,0,0,0,0,0,0,0,0,0,0,0,0,0,1,1,1,1,1,1,1,1,1,1,1,1,1,1,1,1,1,1,1,1,1,1,1,1,1,1,1,1,1,1,1,1,14.0,18,Unicorn_Absent,-1,-1.0,3,Unicorn_Absent,38,14.0,32,0.14285714285714285,50,0.37500000000000006,0.5,BOTTOM,24.0,1.0,8.0,,BOTTOM
0,2555175512,3,755129,Absent,32,0,0,0,0,0,0,0,0,0,0,0,0,0,0,0,0,0,0,0,0,0,0,0,0,0,0,0,0,0,0,0,0,1,1,1,1,1,1,1,1,1,1,1,1,1,1,1,1,1,1,1,1,1,1,1,1,1,1,1,1,1,1,1,1,14.0,18,Unicorn_Absent,-1,-1.0,3,Unicorn_Absent,52,14.0,32,1.0,50,0.0,0.5,BOTTOM,14.0,1.0,18.0,0.37500000000000006,BOTTOM
0,2555175512,4,755129,Absent,32,0,0,0,0,0,0,0,0,0,0,0,0,0,0,0,0,0,0,0,0,0,0,0,0,0,0,0,0,0,0,0,0,1,1,1,1,1,1,1,1,1,1,1,1,1,1,1,1,1,1,1,1,1,1,1,1,1,1,1,1,1,1,1,1,14.0,18,Unicorn_Absent,-1,-1.0,3,Unicorn_Absent,66,14.0,32,1.0,50,0.0,0.5,BOTTOM,14.0,1.0,18.0,0.0,BOTTOM
0,2555175512,5,755129,Absent,32,0,0,0,0,0,0,0,0,0,0,0,0,0,0,0,0,0,0,0,0,0,0,0,0,0,0,0,0,0,0,0,0,1,1,1,1,1,1,1,1,1,1,1,1,1,1,1,1,1,1,1,1,1,1,1,1,1,1,1,1,1,1,1,1,14.0,18,Unicorn_Absent,-1,-1.0,3,Unicorn_Absent,80,14.0,32,1.0,50,0.0,0.5,BOTTOM,14.0,1.0,18.0,0.0,BOTTOM
0,2555175512,8,755129,Absent,36,0,0,0,0,0,0,0,0,0,1,1,1,1,1,1,0,0,1,1,1,1,1,1,0,0,1,1,1,1,1,1,0,0,1,1,1,1,1,1,0,0,1,1,1,1,1,1,0,0,1,1,1,1,1,1,0,0,0,0,0,0,0,0,0,-4.0,36,Unicorn_Absent,-1,-1.0,7,Unicorn_Absent,122,32.0,36,0.36,36,0.64,0.0,IN,14.0,0.0,18.0,0.0,NOTHING
0,2555175512,21,755129,Absent,32,0,0,0,0,1,1,1,1,0,0,0,0,1,1,1,1,0,0,0,0,1,1,1,1,0,0,0,0,1,1,1,1,0,0,0,0,1,1,1,1,0,0,0,0,1,1,1,1,0,0,0,0,1,1,1,1,0,0,0,0,1,1,1,1,32.0,0,Unicorn_Absent,-1,-1.0,6,Unicorn_Absent,150,32.0,32,0.30434782608695654,64,0.30434782608695654,1.0,RIGHT,18.0,1.0,14.0,0.0,RIGHT
0,2555175512,22,755129,Absent,32,0,0,0,0,1,1,1,1,0,0,0,0,1,1,1,1,0,0,0,0,1,1,1,1,0,0,0,0,1,1,1,1,0,0,0,0,1,1,1,1,0,0,0,0,1,1,1,1,0,0,0,0,1,1,1,1,0,0,0,0,1,1,1,1,32.0,0,Unicorn_Absent,-1,-1.0,6,Unicorn_Absent,182,32.0,32,1.0,64,0.0,1.0,RIGHT,32.0,1.0,0.0,0.30434782608695654,RIGHT
0,2555175512,23,755129,Absent,32,0,0,0,0,1,1,1,1,0,0,0,0,1,1,1,1,0,0,0,0,1,1,1,1,0,0,0,0,1,1,1,1,0,0,0,0,1,1,1,1,0,0,0,0,1,1,1,1,0,0,0,0,1,1,1,1,0,0,0,0,1,1,1,1,32.0,0,Unicorn_Absent,-1,-1.0,6,Unicorn_Absent,214,32.0,32,1.0,64,0.0,1.0,RIGHT,32.0,1.0,0.0,0.0,RIGHT
0,2555175512,37,755129,Absent,0,0,0,0,0,0,0,0,0,0,0,0,0,0,0,0,0,0,0,0,0,0,0,0,0,0,0,0,0,0,0,0,0,0,0,0,0,0,0,0,0,0,0,0,0,0,0,0,0,0,0,0,0,0,0,0,0,0,0,0,0,0,0,0,0,32.0,0,Unicorn_Absent,-1,-1.0,2,Unicorn_Absent,445,32.0,0,0.0,32,0.3333333333333333,0.5,NOTHING,0.0,1.0,32.0,0.5,NOTHING
0,2555175512,41,755129,Absent,32,1,1,1,1,1,1,1,1,1,1,1,1,1,1,1,1,1,1,1,1,1,1,1,1,1,1,1,1,1,1,1,1,0,0,0,0,0,0,0,0,0,0,0,0,0,0,0,0,0,0,0,0,0,0,0,0,0,0,0,0,0,0,0,0,0.0,32,Unicorn_Absent,-1,-1.0,4,Unicorn_Absent,443,18.0,32,0.0,64,0.5,0.5,TOP,32.0,0.30434782608695654,0.0,0.0,OUT
0,2555175512,42,755129,Absent,28,1,1,1,1,1,1,1,1,1,0,0,0,0,0,0,1,1,0,0,0,0,0,0,1,1,0,0,0,0,0,0,1,1,0,0,0,0,0,0,1,1,0,0,0,0,0,0,1,1,0,0,0,0,0,0,1,1,1,1,1,1,1,1,1,18.0,14,Unicorn_Absent,-1,-1.0,8,Unicorn_Absent,461,18.0,28,0.30434782608695654,46,0.19565217391304346,0.5,OUT,0.0,1.0,32.0,0.5,OUT
0,2555175512,43,755129,Absent,28,1,1,1,1,1,1,1,1,1,0,0,0,0,0,0,1,1,0,0,0,0,0,0,1,1,0,0,0,0,0,0,1,1,0,0,0,0,0,0,1,1,0,0,0,0,0,0,1,1,0,0,0,0,0,0,1,1,1,1,1,1,1,1,1,18.0,14,Unicorn_Absent,-1,-1.0,8,Unicorn_Absent,479,18.0,28,1.0,46,0.0,0.5,OUT,18.0,1.0,14.0,0.19565217391304346,OUT
0,2555175512,44,755129,Absent,28,1,1,1,1,1,1,1,1,1,0,0,0,0,0,0,1,1,0,0,0,0,0,0,1,1,0,0,0,0,0,0,1,1,0,0,0,0,0,0,1,1,0,0,0,0,0,0,1,1,0,0,0,0,0,0,1,1,1,1,1,1,1,1,1,18.0,14,Unicorn_Absent,-1,-1.0,8,Unicorn_Absent,497,18.0,28,1.0,46,0.0,0.5,OUT,18.0,1.0,14.0,0.0,OUT
0,2555175512,51,755129,Absent,0,0,0,0,0,0,0,0,0,0,0,0,0,0,0,0,0,0,0,0,0,0,0,0,0,0,0,0,0,0,0,0,0,0,0,0,0,0,0,0,0,0,0,0,0,0,0,0,0,0,0,0,0,0,0,0,0,0,0,0,0,0,0,0,0,32.0,0,Unicorn_Absent,-1,-1.0,2,Unicorn_Absent,354,32.0,0,0.0,32,0.3333333333333333,0.5,NOTHING,18.0,1.0,14.0,0.6666666666666667,NOTHING
0,2734233888,3,273422,Absent,32,0,0,0,0,1,1,1,1,0,0,0,0,1,1,1,1,0,0,0,0,1,1,1,1,0,0,0,0,1,1,1,1,0,0,0,0,1,1,1,1,0,0,0,0,1,1,1,1,0,0,0,0,1,1,1,1,0,0,0,0,1,1,1,1,32.0,0,Unicorn_Absent,-1,-1.0,6,Unicorn_Absent,-10,32.0,32,,64,,1.0,RIGHT,,1.0,,,RIGHT
0,2734233888,4,273422,Absent,32,0,0,0,0,1,1,1,1,0,0,0,0,1,1,1,1,0,0,0,0,1,1,1,1,0,0,0,0,1,1,1,1,0,0,0,0,1,1,1,1,0,0,0,0,1,1,1,1,0,0,0,0,1,1,1,1,0,0,0,0,1,1,1,1,32.0,0,Unicorn_Absent,-1,-1.0,6,Unicorn_Absent,22,0.0,32,1.0,64,0.0,1.0,RIGHT,32.0,1.0,0.0,,RIGHT
0,2734233888,13,273422,Absent,32,1,1,1,1,1,1,1,1,1,1,1,1,1,1,1,1,1,1,1,1,1,1,1,1,1,1,1,1,1,1,1,1,0,0,0,0,0,0,0,0,0,0,0,0,0,0,0,0,0,0,0,0,0,0,0,0,0,0,0,0,0,0,0,0,14.0,18,Unicorn_Absent,-1,-1.0,4,Unicorn_Absent,117,14.0,32,0.3333333333333333,50,0.6666666666666667,0.5,TOP,14.0,1.0,18.0,0.6956521739130435,TOP
0,2734233888,14,273422,Absent,32,1,1,1,1,1,1,1,1,1,1,1,1,1,1,1,1,1,1,1,1,1,1,1,1,1,1,1,1,1,1,1,1,0,0,0,0,0,0,0,0,0,0,0,0,0,0,0,0,0,0,0,0,0,0,0,0,0,0,0,0,0,0,0,0,14.0,18,Unicorn_Absent,-1,-1.0,4,Unicorn_Absent,131,14.0,32,1.0,50,0.0,0.5,TOP,14.0,1.0,18.0,0.6666666666666667,TOP
0,2734233888,15,273422,Absent,32,1,1,1,1,1,1,1,1,1,1,1,1,1,1,1,1,1,1,1,1,1,1,1,1,1,1,1,1,1,1,1,1,0,0,0,0,0,0,0,0,0,0,0,0,0,0,0,0,0,0,0,0,0,0,0,0,0,0,0,0,0,0,0,0,14.0,18,Unicorn_Absent,-1,-1.0,4,Unicorn_Absent,145,14.0,32,1.0,50,0.0,0.5,TOP,14.0,1.0,18.0,0.0,TOP
0,2734233888,23,273422,Absent,32,1,1,1,1,1,1,1,1,1,1,1,1,1,1,1,1,1,1,1,1,1,1,1,1,1,1,1,1,1,1,1,1,0,0,0,0,0,0,0,0,0,0,0,0,0,0,0,0,0,0,0,0,0,0,0,0,0,0,0,0,0,0,0,0,14.0,18,Unicorn_Absent,-1,-1.0,4,Unicorn_Absent,325,-4.0,32,1.0,50,0.0,0.5,TOP,14.0,0.36,18.0,0.0,IN
0,2734233888,31,273422,Absent,64,1,1,1,1,1,1,1,1,1,1,1,1,1,1,1,1,1,1,1,1,1,1,1,1,1,1,1,1,1,1,1,1,1,1,1,1,1,1,1,1,1,1,1,1,1,1,1,1,1,1,1,1,1,1,1,1,1,1,1,1,1,1,1,1,-32.0,64,Unicorn_Absent,-1,-1.0,1,Unicorn_Absent,213,32.0,64,0.5,64,0.5,0.0,ALL,0.0,0.0,32.0,0.2025,NOTHING
0,2734233888,32,273422,Absent,0,0,0,0,0,0,0,0,0,0,0,0,0,0,0,0,0,0,0,0,0,0,0,0,0,0,0,0,0,0,0,0,0,0,0,0,0,0,0,0,0,0,0,0,0,0,0,0,0,0,0,0,0,0,0,0,0,0,0,0,0,0,0,0,0,32.0,0,Unicorn_Absent,-1,-1.0,2,Unicorn_Absent,245,32.0,0,0.0,32,0.5,0.5,NOTHING,-32.0,1.0,64.0,0.5,NOTHING
0,2734233888,33,273422,Absent,0,0,0,0,0,0,0,0,0,0,0,0,0,0,0,0,0,0,0,0,0,0,0,0,0,0,0,0,0,0,0,0,0,0,0,0,0,0,0,0,0,0,0,0,0,0,0,0,0,0,0,0,0,0,0,0,0,0,0,0,0,0,0,0,0,32.0,0,Unicorn_Absent,-1,-1.0,2,Unicorn_Absent,277,32.0,0,1.0,32,0.0,0.5,NOTHING,32.0,1.0,0.0,0.5,NOTHING
0,2734233888,40,273422,Absent,32,1,1,1,1,1,1,1,1,1,1,1,1,1,1,1,1,1,1,1,1,1,1,1,1,1,1,1,1,1,1,1,1,0,0,0,0,0,0,0,0,0,0,0,0,0,0,0,0,0,0,0,0,0,0,0,0,0,0,0,0,0,0,0,0,0.0,32,Unicorn_Absent,-1,-1.0,4,Unicorn_Absent,373,18.0,32,0.0,32,0.3333333333333333,0.0,TOP,32.0,0.30434782608695654,0.0,0.0,OUT
0,2734233888,43,273422,Absent,28,1,1,1,1,1,1,1,1,1,0,0,0,0,0,0,1,1,0,0,0,0,0,0,1,1,0,0,0,0,0,0,1,1,0,0,0,0,0,0,1,1,0,0,0,0,0,0,1,1,0,0,0,0,0,0,1,1,1,1,1,1,1,1,1,18.0,14,Unicorn_Absent,-1,-1.0,8,Unicorn_Absent,440,18.0,28,1.0,46,0.0,0.5,OUT,18.0,1.0,14.0,0.6956521739130435,OUT
0,2734233888,44,273422,Absent,28,1,1,1,1,1,1,1,1,1,0,0,0,0,0,0,1,1,0,0,0,0,0,0,1,1,0,0,0,0,0,0,1,1,0,0,0,0,0,0,1,1,0,0,0,0,0,0,1,1,0,0,0,0,0,0,1,1,1,1,1,1,1,1,1,18.0,14,Unicorn_Absent,-1,-1.0,8,Unicorn_Absent,458,18.0,28,1.0,46,0.0,0.5,OUT,18.0,1.0,14.0,0.0,OUT
0,2734233888,51,273422,Absent,32,0,0,0,0,0,0,0,0,0,0,0,0,0,0,0,0,0,0,0,0,0,0,0,0,0,0,0,0,0,0,0,0,1,1,1,1,1,1,1,1,1,1,1,1,1,1,1,1,1,1,1,1,1,1,1,1,1,1,1,1,1,1,1,1,14.0,18,Unicorn_Absent,-1,-1.0,3,Unicorn_Absent,399,14.0,32,0.30434782608695654,50,0.055652173913043446,0.5,BOTTOM,18.0,1.0,14.0,0.0,BOTTOM
0,2734233888,56,273422,Absent,0,0,0,0,0,0,0,0,0,0,0,0,0,0,0,0,0,0,0,0,0,0,0,0,0,0,0,0,0,0,0,0,0,0,0,0,0,0,0,0,0,0,0,0,0,0,0,0,0,0,0,0,0,0,0,0,0,0,0,0,0,0,0,0,0,32.0,0,Unicorn_Absent,-1,-1.0,2,Unicorn_Absent,331,32.0,0,0.0,64,0.5625,1.0,NOTHING,14.0,1.0,18.0,0.0,NOTHING
0,2734233888,3,338881,Absent,32,1,1,1,1,0,0,0,0,1,1,1,1,0,0,0,0,1,1,1,1,0,0,0,0,1,1,1,1,0,0,0,0,1,1,1,1,0,0,0,0,1,1,1,1,0,0,0,0,1,1,1,1,0,0,0,0,1,1,1,1,0,0,0,0,32.0,0,Unicorn_Absent,-1,-1.0,5,Unicorn_Absent,-10,32.0,32,,64,,1.0,LEFT,,1.0,,,LEFT
0,2734233888,4,338881,Absent,32,1,1,1,1,0,0,0,0,1,1,1,1,0,0,0,0,1,1,1,1,0,0,0,0,1,1,1,1,0,0,0,0,1,1,1,1,0,0,0,0,1,1,1,1,0,0,0,0,1,1,1,1,0,0,0,0,1,1,1,1,0,0,0,0,32.0,0,Unicorn_Absent,-1,-1.0,5,Unicorn_Absent,22,0.0,32,1.0,64,0.0,1.0,LEFT,32.0,0.0,0.0,,RIGHT
0,2734233888,13,338881,Absent,36,0,0,0,0,0,0,0,0,0,1,1,1,1,1,1,0,0,1,1,1,1,1,1,0,0,1,1,1,1,1,1,0,0,1,1,1,1,1,1,0,0,1,1,1,1,1,1,0,0,1,1,1,1,1,1,0,0,0,0,0,0,0,0,0,14.0,18,Unicorn_Absent,-1,-1.0,7,Unicorn_Absent,117,14.0,36,1.0,50,0.6666666666666667,0.5,IN,14.0,1.0,18.0,0.6956521739130435,IN
0,2734233888,14,338881,Absent,36,0,0,0,0,0,0,0,0,0,1,1,1,1,1,1,0,0,1,1,1,1,1,1,0,0,1,1,1,1,1,1,0,0,1,1,1,1,1,1,0,0,1,1,1,1,1,1,0,0,1,1,1,1,1,1,0,0,0,0,0,0,0,0,0,14.0,18,Unicorn_Absent,-1,-1.0,7,Unicorn_Absent,131,14.0,36,1.0,50,0.0,0.5,IN,14.0,1.0,18.0,0.6666666666666667,IN
0,2734233888,15,338881,Absent,36,0,0,0,0,0,0,0,0,0,1,1,1,1,1,1,0,0,1,1,1,1,1,1,0,0,1,1,1,1,1,1,0,0,1,1,1,1,1,1,0,0,1,1,1,1,1,1,0,0,1,1,1,1,1,1,0,0,0,0,0,0,0,0,0,14.0,18,Unicorn_Absent,-1,-1.0,7,Unicorn_Absent,145,14.0,36,1.0,50,0.0,0.5,IN,14.0,1.0,18.0,0.0,IN
0,2734233888,23,338881,Absent,36,0,0,0,0,0,0,0,0,0,1,1,1,1,1,1,0,0,1,1,1,1,1,1,0,0,1,1,1,1,1,1,0,0,1,1,1,1,1,1,0,0,1,1,1,1,1,1,0,0,1,1,1,1,1,1,0,0,0,0,0,0,0,0,0,14.0,18,Unicorn_Absent,-1,-1.0,7,Unicorn_Absent,325,-4.0,36,1.0,50,0.0,0.5,IN,14.0,1.0,18.0,0.0,IN
0,2734233888,31,338881,Absent,64,1,1,1,1,1,1,1,1,1,1,1,1,1,1,1,1,1,1,1,1,1,1,1,1,1,1,1,1,1,1,1,1,1,1,1,1,1,1,1,1,1,1,1,1,1,1,1,1,1,1,1,1,1,1,1,1,1,1,1,1,1,1,1,1,-32.0,64,Unicorn_Absent,-1,-1.0,1,Unicorn_Absent,213,32.0,64,1.0,64,0.5,0.0,ALL,0.0,0.5,32.0,0.2025,RIGHT
0,2734233888,32,338881,Absent,32,0,0,0,0,1,1,1,1,0,0,0,0,1,1,1,1,0,0,0,0,1,1,1,1,0,0,0,0,1,1,1,1,0,0,0,0,1,1,1,1,0,0,0,0,1,1,1,1,0,0,0,0,1,1,1,1,0,0,0,0,1,1,1,1,32.0,0,Unicorn_Absent,-1,-1.0,6,Unicorn_Absent,245,32.0,32,0.5,32,0.5,0.5,RIGHT,-32.0,1.0,64.0,0.5,RIGHT
0,2734233888,33,338881,Absent,32,0,0,0,0,1,1,1,1,0,0,0,0,1,1,1,1,0,0,0,0,1,1,1,1,0,0,0,0,1,1,1,1,0,0,0,0,1,1,1,1,0,0,0,0,1,1,1,1,0,0,0,0,1,1,1,1,0,0,0,0,1,1,1,1,32.0,0,Unicorn_Absent,-1,-1.0,6,Unicorn_Absent,277,32.0,32,1.0,32,0.0,0.5,RIGHT,32.0,1.0,0.0,0.5,RIGHT
0,2734233888,40,338881,Absent,32,1,1,1,1,1,1,1,1,1,1,1,1,1,1,1,1,1,1,1,1,1,1,1,1,1,1,1,1,1,1,1,1,0,0,0,0,0,0,0,0,0,0,0,0,0,0,0,0,0,0,0,0,0,0,0,0,0,0,0,0,0,0,0,0,0.0,32,Unicorn_Absent,-1,-1.0,4,Unicorn_Absent,373,18.0,32,0.3333333333333333,32,0.3333333333333333,0.0,TOP,32.0,1.0,0.0,0.0,TOP
0,2734233888,43,338881,Absent,32,1,1,1,1,1,1,1,1,1,1,1,1,1,1,1,1,1,1,1,1,1,1,1,1,1,1,1,1,1,1,1,1,0,0,0,0,0,0,0,0,0,0,0,0,0,0,0,0,0,0,0,0,0,0,0,0,0,0,0,0,0,0,0,0,18.0,14,Unicorn_Absent,-1,-1.0,4,Unicorn_Absent,440,18.0,32,1.0,46,0.0,0.5,TOP,18.0,1.0,14.0,0.6956521739130435,TOP
0,2734233888,44,338881,Absent,32,1,1,1,1,1,1,1,1,1,1,1,1,1,1,1,1,1,1,1,1,1,1,1,1,1,1,1,1,1,1,1,1,0,0,0,0,0,0,0,0,0,0,0,0,0,0,0,0,0,0,0,0,0,0,0,0,0,0,0,0,0,0,0,0,18.0,14,Unicorn_Absent,-1,-1.0,4,Unicorn_Absent,458,18.0,32,1.0,46,0.0,0.5,TOP,18.0,1.0,14.0,0.0,TOP
0,2734233888,51,338881,Absent,36,0,0,0,0,0,0,0,0,0,1,1,1,1,1,1,0,0,1,1,1,1,1,1,0,0,1,1,1,1,1,1,0,0,1,1,1,1,1,1,0,0,1,1,1,1,1,1,0,0,1,1,1,1,1,1,0,0,0,0,0,0,0,0,0,14.0,18,Unicorn_Absent,-1,-1.0,7,Unicorn_Absent,399,14.0,36,0.36,50,0.055652173913043446,0.5,IN,18.0,1.0,14.0,0.0,IN
0,2734233888,56,338881,Absent,64,1,1,1,1,1,1,1,1,1,1,1,1,1,1,1,1,1,1,1,1,1,1,1,1,1,1,1,1,1,1,1,1,1,1,1,1,1,1,1,1,1,1,1,1,1,1,1,1,1,1,1,1,1,1,1,1,1,1,1,1,1,1,1,1,32.0,0,Unicorn_Absent,-1,-1.0,1,Unicorn_Absent,331,32.0,64,0.5625,64,0.5625,1.0,ALL,14.0,1.0,18.0,0.0,ALL
0,3061195978,1,306111,Absent,44,0,0,1,1,1,0,1,0,1,0,1,1,0,0,0,1,1,1,1,0,1,1,1,1,1,1,0,1,0,1,1,1,1,0,1,1,1,1,1,1,1,1,1,1,0,1,1,0,1,0,0,0,1,0,1,1,1,1,1,1,1,0,1,0,-1.0,33,Unicorn_Absent,-1,-1.0,0,Unicorn_Absent,-1,8.0,44,,61,,0.4375,RS,,0.5967741935483871,,,RS
0,3061195978,2,306111,Absent,55,1,1,1,1,0,1,1,1,0,1,1,1,0,1,1,1,0,1,1,1,1,1,1,1,1,1,1,1,1,0,1,1,1,1,1,1,1,0,1,1,1,1,1,0,1,1,1,1,1,1,1,1,1,0,1,1,1,1,1,1,1,1,0,1,8.0,24,Unicorn_Absent,-1,-1.0,0,Unicorn_Absent,7,18.0,55,0.5967741935483871,59,0.20391705069124427,0.546875,RS,-1.0,0.45,33.0,,TOP
0,3061195978,3,306111,Absent,32,1,1,1,1,1,1,1,1,1,1,1,1,1,1,1,1,1,1,1,1,1,1,1,1,1,1,1,1,1,1,1,1,0,0,0,0,0,0,0,0,0,0,0,0,0,0,0,0,0,0,0,0,0,0,0,0,0,0,0,0,0,0,0,0,18.0,14,Unicorn_Absent,-1,-1.0,4,Unicorn_Absent,25,18.0,32,0.45,46,0.55,0.5,TOP,8.0,1.0,24.0,0.20391705069124427,TOP
0,3061195978,8,306111,Absent,32,1,1,1,1,1,1,1,1,1,1,1,1,1,1,1,1,1,1,1,1,1,1,1,1,1,1,1,1,1,1,1,1,0,0,0,0,0,0,0,0,0,0,0,0,0,0,0,0,0,0,0,0,0,0,0,0,0,0,0,0,0,0,0,0,18.0,14,Unicorn_Absent,-1,-1.0,4,Unicorn_Absent,126,18.0,32,1.0,46,0.0,0.5,TOP,18.0,1.0,14.0,0.0,TOP
0,3061195978,19,306111,Absent,2,1,0,0,0,0,0,0,0,0,0,0,0,0,0,0,0,0,0,0,0,0,0,0,0,0,0,0,0,0,0,0,0,0,0,0,0,0,0,0,0,0,0,0,0,0,0,0,0,0,0,0,1,0,0,0,0,0,0,0,0,0,0,0,0,30.0,2,Unicorn_Absent,-1,-1.0,0,Unicorn_Absent,128,0.0,2,0.0625,32,0.0625,0.46875,RS,32.0,0.0625,0.0,0.0,LEFT
0,3061195978,20,306111,Absent,32,1,1,1,1,0,0,0,0,1,1,1,1,0,0,0,0,1,1,1,1,0,0,0,0,1,1,1,1,0,0,0,0,1,1,1,1,0,0,0,0,1,1,1,1,0,0,0,0,1,1,1,1,0,0,0,0,1,1,1,1,0,0,0,0,0.0,32,Unicorn_Absent,-1,-1.0,5,Unicorn_Absent,128,16.0,32,0.0625,32,0.9375,0.0,LEFT,30.0,1.0,2.0,0.0625,LEFT
0,3061195978,33,306111,Absent,28,1,1,1,1,1,1,1,1,1,0,0,0,0,0,0,1,1,0,0,0,0,0,0,1,1,0,0,0,0,0,0,1,1,0,0,0,0,0,0,1,1,0,0,0,0,0,0,1,1,0,0,0,0,0,0,1,1,1,1,1,1,1,1,1,29.0,3,Unicorn_Absent,-1,-1.0,8,Unicorn_Absent,299,4.0,28,0.4375,31,0.3407258064516129,0.4375,OUT,4.0,1.0,28.0,0.19565217391304346,OUT
0,3061195978,34,306111,Absent,28,1,1,1,1,1,1,1,1,1,0,0,0,0,0,0,1,1,0,0,0,0,0,0,1,1,0,0,0,0,0,0,1,1,0,0,0,0,0,0,1,1,0,0,0,0,0,0,1,1,0,0,0,0,0,0,1,1,1,1,1,1,1,1,1,4.0,28,Unicorn_Absent,-1,-1.0,8,Unicorn_Absent,303,32.0,28,1.0,28,0.9032258064516129,0.0,OUT,29.0,0.0,3.0,0.3407258064516129,NOTHING
0,3061195978,39,306111,Absent,36,0,0,0,0,0,0,0,0,0,1,1,1,1,1,1,0,0,1,1,1,1,1,1,0,0,1,1,1,1,1,1,0,0,1,1,1,1,1,1,0,0,1,1,1,1,1,1,0,0,1,1,1,1,1,1,0,0,0,0,0,0,0,0,0,-4.0,36,Unicorn_Absent,-1,-1.0,7,Unicorn_Absent,267,32.0,36,0.5625,36,0.2025,0.0,IN,0.0,0.0,32.0,0.3333333333333333,NOTHING
0,3061195978,40,306111,Absent,0,0,0,0,0,0,0,0,0,0,0,0,0,0,0,0,0,0,0,0,0,0,0,0,0,0,0,0,0,0,0,0,0,0,0,0,0,0,0,0,0,0,0,0,0,0,0,0,0,0,0,0,0,0,0,0,0,0,0,0,0,0,0,0,0,32.0,0,Unicorn_Absent,-1,-1.0,2,Unicorn_Absent,299,32.0,0,0.0,32,0.36,0.5,NOTHING,-4.0,1.0,36.0,0.2025,NOTHING
0,3061195978,43,306111,Absent,32,0,0,0,0,0,0,0,0,0,0,0,0,0,0,0,0,0,0,0,0,0,0,0,0,0,0,0,0,0,0,0,0,1,1,1,1,1,1,1,1,1,1,1,1,1,1,1,1,1,1,1,1,1,1,1,1,1,1,1,1,1,1,1,1,8.0,24,Unicorn_Absent,-1,-1.0,3,Unicorn_Absent,275,4.0,32,0.0,60,0.5,0.5625,BOTTOM,32.0,1.0,0.0,0.0,BOTTOM
0,3061195978,44,306111,Absent,32,0,0,0,0,0,0,0,0,0,0,0,0,0,0,0,0,0,0,0,0,0,0,0,0,0,0,0,0,0,0,0,0,1,1,1,1,1,1,1,1,1,1,1,1,1,1,1,1,1,1,1,1,1,1,1,1,1,1,1,1,1,1,1,1,4.0,28,Unicorn_Absent,-1,-1.0,3,Unicorn_Absent,279,32.0,32,1.0,60,0.2857142857142857,0.5,BOTTOM,8.0,0.5,24.0,0.5,ALL
0,3061195978,45,306111,Absent,64,1,1,1,1,1,1,1,1,1,1,1,1,1,1,1,1,1,1,1,1,1,1,1,1,1,1,1,1,1,1,1,1,1,1,1,1,1,1,1,1,1,1,1,1,1,1,1,1,1,1,1,1,1,1,1,1,1,1,1,1,1,1,1,1,32.0,0,Unicorn_Absent,-1,-1.0,1,Unicorn_Absent,311,0.0,64,0.5,64,0.5,1.0,ALL,4.0,1.0,28.0,0.2857142857142857,ALL
0,3061195978,46,306111,Absent,64,1,1,1,1,1,1,1,1,1,1,1,1,1,1,1,1,1,1,1,1,1,1,1,1,1,1,1,1,1,1,1,1,1,1,1,1,1,1,1,1,1,1,1,1,1,1,1,1,1,1,1,1,1,1,1,1,1,1,1,1,1,1,1,1,0.0,32,Unicorn_Absent,-1,-1.0,1,Unicorn_Absent,311,4.0,64,1.0,64,1.0,0.5,ALL,32.0,1.0,0.0,0.5,ALL
0,3061195978,55,306111,Absent,32,0,0,0,0,1,1,1,1,0,0,0,0,1,1,1,1,0,0,0,0,1,1,1,1,0,0,0,0,1,1,1,1,0,0,0,0,1,1,1,1,0,0,0,0,1,1,1,1,0,0,0,0,1,1,1,1,0,0,0,0,1,1,1,1,18.0,14,Unicorn_Absent,-1,-1.0,6,Unicorn_Absent,494,18.0,32,1.0,46,0.6956521739130435,0.5,RIGHT,16.0,1.0,16.0,0.19565217391304346,RIGHT
0,3061195978,56,306111,Absent,32,0,0,0,0,1,1,1,1,0,0,0,0,1,1,1,1,0,0,0,0,1,1,1,1,0,0,0,0,1,1,1,1,0,0,0,0,1,1,1,1,0,0,0,0,1,1,1,1,0,0,0,0,1,1,1,1,0,0,0,0,1,1,1,1,18.0,14,Unicorn_Absent,-1,-1.0,6,Unicorn_Absent,512,18.0,32,1.0,46,0.0,0.5,RIGHT,18.0,1.0,14.0,0.6956521739130435,RIGHT
0,3061195978,57,306111,Absent,32,0,0,0,0,1,1,1,1,0,0,0,0,1,1,1,1,0,0,0,0,1,1,1,1,0,0,0,0,1,1,1,1,0,0,0,0,1,1,1,1,0,0,0,0,1,1,1,1,0,0,0,0,1,1,1,1,0,0,0,0,1,1,1,1,18.0,14,Unicorn_Absent,-1,-1.0,6,Unicorn_Absent,530,18.0,32,1.0,46,0.0,0.5,RIGHT,18.0,1.0,14.0,0.0,RIGHT
0,3061195978,58,306111,Absent,32,0,0,0,0,1,1,1,1,0,0,0,0,1,1,1,1,0,0,0,0,1,1,1,1,0,0,0,0,1,1,1,1,0,0,0,0,1,1,1,1,0,0,0,0,1,1,1,1,0,0,0,0,1,1,1,1,0,0,0,0,1,1,1,1,18.0,14,Unicorn_Absent,-1,-1.0,6,Unicorn_Absent,548,18.0,32,1.0,46,0.0,0.5,RIGHT,18.0,1.0,14.0,0.0,RIGHT
0,3061195978,1,959784,Absent,50,1,1,1,1,1,1,1,1,1,1,1,0,1,1,1,1,1,1,1,1,1,1,1,0,1,0,1,1,0,0,1,0,1,1,1,1,1,1,1,0,0,1,1,1,1,1,0,0,1,1,0,1,0,1,0,0,1,1,1,1,1,1,1,1,-1.0,33,Unicorn_Absent,-1,-1.0,0,Unicorn_Absent,-1,8.0,50,,61,,0.4375,RS,,0.39285714285714285,,,OUT
0,3061195978,2,959784,Absent,28,1,1,1,1,1,1,1,1,1,0,0,0,0,0,0,1,1,0,0,0,0,0,0,1,1,0,0,0,0,0,0,1,1,0,0,0,0,0,0,1,1,0,0,0,0,0,0,1,1,0,0,0,0,0,0,1,1,1,1,1,1,1,1,1,8.0,24,Unicorn_Absent,-1,-1.0,8,Unicorn_Absent,7,18.0,28,0.39285714285714285,59,0.20391705069124427,0.546875,OUT,-1.0,1.0,33.0,,OUT
0,3061195978,3,959784,Absent,28,1,1,1,1,1,1,1,1,1,0,0,0,0,0,0,1,1,0,0,0,0,0,0,1,1,0,0,0,0,0,0,1,1,0,0,0,0,0,0,1,1,0,0,0,0,0,0,1,1,0,0,0,0,0,0,1,1,1,1,1,1,1,1,1,18.0,14,Unicorn_Absent,-1,-1.0,8,Unicorn_Absent,25,18.0,28,1.0,46,0.55,0.5,OUT,8.0,1.0,24.0,0.20391705069124427,OUT
0,3061195978,8,959784,Absent,28,1,1,1,1,1,1,1,1,1,0,0,0,0,0,0,1,1,0,0,0,0,0,0,1,1,0,0,0,0,0,0,1,1,0,0,0,0,0,0,1,1,0,0,0,0,0,0,1,1,0,0,0,0,0,0,1,1,1,1,1,1,1,1,1,18.0,14,Unicorn_Absent,-1,-1.0,8,Unicorn_Absent,126,18.0,28,1.0,46,0.0,0.5,OUT,18.0,1.0,14.0,0.0,OUT
0,3061195978,19,959784,Absent,32,1,1,1,1,0,0,0,0,1,1,1,1,0,0,0,0,1,1,1,1,0,0,0,0,1,1,1,1,0,0,0,0,1,1,1,1,0,0,0,0,1,1,1,1,0,0,0,0,1,1,1,1,0,0,0,0,1,1,1,1,0,0,0,0,30.0,2,Unicorn_Absent,-1,-1.0,5,Unicorn_Absent,128,0.0,32,0.0,32,0.0625,0.46875,LEFT,32.0,1.0,0.0,0.0,LEFT
0,3061195978,20,959784,Absent,32,1,1,1,1,0,0,0,0,1,1,1,1,0,0,0,0,1,1,1,1,0,0,0,0,1,1,1,1,0,0,0,0,1,1,1,1,0,0,0,0,1,1,1,1,0,0,0,0,1,1,1,1,0,0,0,0,1,1,1,1,0,0,0,0,0.0,32,Unicorn_Absent,-1,-1.0,5,Unicorn_Absent,128,16.0,32,1.0,32,0.9375,0.0,LEFT,30.0,0.3333333333333333,2.0,0.0625,TOP
0,3061195978,33,959784,Absent,6,0,0,0,0,0,0,0,0,0,0,0,0,0,0,0,0,0,0,0,0,1,1,0,0,0,0,0,1,0,0,0,0,1,0,0,0,0,0,0,0,0,0,0,0,0,0,0,0,0,0,0,0,0,0,0,0,0,1,0,0,0,0,0,1,29.0,3,Unicorn_Absent,-1,-1.0,0,Unicorn_Absent,299,4.0,6,0.0967741935483871,31,0.3407258064516129,0.4375,RS,4.0,0.0967741935483871,28.0,0.19565217391304346,OUT
0,3061195978,34,959784,Absent,28,1,1,1,1,1,1,1,1,1,0,0,0,0,0,0,1,1,0,0,0,0,0,0,1,1,0,0,0,0,0,0,1,1,0,0,0,0,0,0,1,1,0,0,0,0,0,0,1,1,0,0,0,0,0,0,1,1,1,1,1,1,1,1,1,4.0,28,Unicorn_Absent,-1,-1.0,8,Unicorn_Absent,303,32.0,28,0.0967741935483871,28,0.9032258064516129,0.0,OUT,29.0,0.3,3.0,0.3407258064516129,RS
0,3061195978,39,959784,Absent,36,0,0,0,0,0,0,0,0,0,1,1,1,1,1,1,0,0,1,1,1,1,1,1,0,0,1,1,1,1,1,1,0,0,1,1,1,1,1,1,0,0,1,1,1,1,1,1,0,0,1,1,1,1,1,1,0,0,0,0,0,0,0,0,0,-4.0,36,Unicorn_Absent,-1,-1.0,7,Unicorn_Absent,267,32.0,36,0.36,36,0.2025,0.0,IN,0.0,0.36,32.0,0.3333333333333333,TOP
0,3061195978,40,959784,Absent,32,1,1,1,1,1,1,1,1,1,1,1,1,1,1,1,1,1,1,1,1,1,1,1,1,1,1,1,1,1,1,1,1,0,0,0,0,0,0,0,0,0,0,0,0,0,0,0,0,0,0,0,0,0,0,0,0,0,0,0,0,0,0,0,0,32.0,0,Unicorn_Absent,-1,-1.0,4,Unicorn_Absent,299,32.0,32,0.36,32,0.36,0.5,TOP,-4.0,1.0,36.0,0.2025,TOP
0,3061195978,43,959784,Absent,52,1,0,1,1,1,1,1,1,1,1,1,0,1,1,1,1,1,1,1,1,0,1,0,1,1,1,1,1,1,1,1,1,1,1,1,0,1,1,1,1,0,0,1,0,1,0,1,1,0,1,1,1,1,1,1,0,1,1,1,1,1,1,1,0,8.0,24,Unicorn_Absent,-1,-1.0,0,Unicorn_Absent,275,4.0,52,0.5,60,0.5,0.5625,RS,32.0,0.7142857142857143,0.0,0.0,RS
0,3061195978,44,959784,Absent,56,1,1,1,0,1,1,1,1,1,1,1,0,1,1,1,1,1,0,1,1,1,1,1,1,1,1,1,1,1,0,1,1,1,1,1,1,1,1,1,1,1,1,0,1,1,1,1,1,1,1,1,1,1,0,1,1,0,1,1,0,1,1,1,1,4.0,28,Unicorn_Absent,-1,-1.0,0,Unicorn_Absent,279,32.0,56,0.7142857142857143,60,0.2857142857142857,0.5,RS,8.0,0.0,24.0,0.5,NOTHING
0,3061195978,45,959784,Absent,0,0,0,0,0,0,0,0,0,0,0,0,0,0,0,0,0,0,0,0,0,0,0,0,0,0,0,0,0,0,0,0,0,0,0,0,0,0,0,0,0,0,0,0,0,0,0,0,0,0,0,0,0,0,0,0,0,0,0,0,0,0,0,0,0,32.0,0,Unicorn_Absent,-1,-1.0,2,Unicorn_Absent,311,0.0,0,0.0,64,0.5,1.0,NOTHING,4.0,0.0,28.0,0.2857142857142857,BOTTOM
0,3061195978,46,959784,Absent,32,0,0,0,0,0,0,0,0,0,0,0,0,0,0,0,0,0,0,0,0,0,0,0,0,0,0,0,0,0,0,0,0,1,1,1,1,1,1,1,1,1,1,1,1,1,1,1,1,1,1,1,1,1,1,1,1,1,1,1,1,1,1,1,1,0.0,32,Unicorn_Absent,-1,-1.0,3,Unicorn_Absent,311,4.0,32,0.0,64,1.0,0.5,BOTTOM,32.0,0.30434782608695654,0.0,0.5,OUT
0,3061195978,55,959784,Absent,28,1,1,1,1,1,1,1,1,1,0,0,0,0,0,0,1,1,0,0,0,0,0,0,1,1,0,0,0,0,0,0,1,1,0,0,0,0,0,0,1,1,0,0,0,0,0,0,1,1,0,0,0,0,0,0,1,1,1,1,1,1,1,1,1,18.0,14,Unicorn_Absent,-1,-1.0,8,Unicorn_Absent,494,18.0,28,0.30434782608695654,46,0.6956521739130435,0.5,OUT,16.0,1.0,16.0,0.19565217391304346,OUT
0,3061195978,56,959784,Absent,28,1,1,1,1,1,1,1,1,1,0,0,0,0,0,0,1,1,0,0,0,0,0,0,1,1,0,0,0,0,0,0,1,1,0,0,0,0,0,0,1,1,0,0,0,0,0,0,1,1,0,0,0,0,0,0,1,1,1,1,1,1,1,1,1,18.0,14,Unicorn_Absent,-1,-1.0,8,Unicorn_Absent,512,18.0,28,1.0,46,0.0,0.5,OUT,18.0,1.0,14.0,0.6956521739130435,OUT
0,3061195978,57,959784,Absent,28,1,1,1,1,1,1,1,1,1,0,0,0,0,0,0,1,1,0,0,0,0,0,0,1,1,0,0,0,0,0,0,1,1,0,0,0,0,0,0,1,1,0,0,0,0,0,0,1,1,0,0,0,0,0,0,1,1,1,1,1,1,1,1,1,18.0,14,Unicorn_Absent,-1,-1.0,8,Unicorn_Absent,530,18.0,28,1.0,46,0.0,0.5,OUT,18.0,1.0,14.0,0.0,OUT
0,3061195978,58,959784,Absent,28,1,1,1,1,1,1,1,1,1,0,0,0,0,0,0,1,1,0,0,0,0,0,0,1,1,0,0,0,0,0,0,1,1,0,0,0,0,0,0,1,1,0,0,0,0,0,0,1,1,0,0,0,0,0,0,1,1,1,1,1,1,1,1,1,18.0,14,Unicorn_Absent,-1,-1.0,8,Unicorn_Absent,548,18.0,28,1.0,46,0.0,0.5,OUT,18.0,1.0,14.0,0.0,OUT
0,3074344032,21,307437,Absent,32,1,1,1,1,0,0,0,0,1,1,1,1,0,0,0,0,1,1,1,1,0,0,0,0,1,1,1,1,0,0,0,0,1,1,1,1,0,0,0,0,1,1,1,1,0,0,0,0,1,1,1,1,0,0,0,0,1,1,1,1,0,0,0,0,32.0,0,Unicorn_Absent,-1,-1.0,5,Unicorn_Absent,396,32.0,32,0.0,32,0.0,0.5,LEFT,32.0,1.0,0.0,1.0,LEFT
0,3074344032,26,307437,Absent,64,1,1,1,1,1,1,1,1,1,1,1,1,1,1,1,1,1,1,1,1,1,1,1,1,1,1,1,1,1,1,1,1,1,1,1,1,1,1,1,1,1,1,1,1,1,1,1,1,1,1,1,1,1,1,1,1,1,1,1,1,1,1,1,1,0.0,32,Unicorn_Absent,-1,-1.0,1,Unicorn_Absent,400,16.0,64,0.5,64,0.05932203389830509,0.5,ALL,4.0,0.5,28.0,1.0,TOP
0,3074344032,27,307437,Absent,32,1,1,1,1,1,1,1,1,1,1,1,1,1,1,1,1,1,1,1,1,1,1,1,1,1,1,1,1,1,1,1,1,0,0,0,0,0,0,0,0,0,0,0,0,0,0,0,0,0,0,0,0,0,0,0,0,0,0,0,0,0,0,0,0,16.0,16,Unicorn_Absent,-1,-1.0,4,Unicorn_Absent,416,16.0,32,0.5,48,0.16666666666666669,0.5,TOP,0.0,1.0,32.0,0.05932203389830509,TOP
0,3074344032,32,307437,Absent,32,1,1,1,1,1,1,1,1,1,1,1,1,1,1,1,1,1,1,1,1,1,1,1,1,1,1,1,1,1,1,1,1,0,0,0,0,0,0,0,0,0,0,0,0,0,0,0,0,0,0,0,0,0,0,0,0,0,0,0,0,0,0,0,0,16.0,16,Unicorn_Absent,-1,-1.0,4,Unicorn_Absent,512,16.0,32,1.0,48,0.0,0.5,TOP,16.0,1.0,16.0,0.0,TOP
0,3074344032,42,307437,Absent,64,1,1,1,1,1,1,1,1,1,1,1,1,1,1,1,1,1,1,1,1,1,1,1,1,1,1,1,1,1,1,1,1,1,1,1,1,1,1,1,1,1,1,1,1,1,1,1,1,1,1,1,1,1,1,1,1,1,1,1,1,1,1,1,1,0.0,32,Unicorn_Absent,-1,-1.0,1,Unicorn_Absent,578,0.0,64,0.0,64,0.3333333333333333,0.5,ALL,32.0,0.5,0.0,1.0,RIGHT
0,3074344032,46,307437,Absent,32,1,1,1,1,1,1,1,1,1,1,1,1,1,1,1,1,1,1,1,1,1,1,1,1,1,1,1,1,1,1,1,1,0,0,0,0,0,0,0,0,0,0,0,0,0,0,0,0,0,0,0,0,0,0,0,0,0,0,0,0,0,0,0,0,32.0,0,Unicorn_Absent,-1,-1.0,4,Unicorn_Absent,674,32.0,32,0.3333333333333333,64,0.0,1.0,TOP,0.0,1.0,32.0,0.16666666666666669,TOP
0,3074344032,47,307437,Absent,32,1,1,1,1,1,1,1,1,1,1,1,1,1,1,1,1,1,1,1,1,1,1,1,1,1,1,1,1,1,1,1,1,0,0,0,0,0,0,0,0,0,0,0,0,0,0,0,0,0,0,0,0,0,0,0,0,0,0,0,0,0,0,0,0,32.0,0,Unicorn_Absent,-1,-1.0,4,Unicorn_Absent,706,32.0,32,1.0,64,0.0,1.0,TOP,32.0,1.0,0.0,0.0,TOP
0,3074344032,52,307437,Absent,32,1,1,1,1,1,1,1,1,1,1,1,1,1,1,1,1,1,1,1,1,1,1,1,1,1,1,1,1,1,1,1,1,0,0,0,0,0,0,0,0,0,0,0,0,0,0,0,0,0,0,0,0,0,0,0,0,0,0,0,0,0,0,0,0,32.0,0,Unicorn_Absent,-1,-1.0,4,Unicorn_Absent,866,32.0,32,1.0,64,0.0,1.0,TOP,32.0,1.0,0.0,0.0,TOP
0,3074344032,53,307437,Absent,32,1,1,1,1,1,1,1,1,1,1,1,1,1,1,1,1,1,1,1,1,1,1,1,1,1,1,1,1,1,1,1,1,0,0,0,0,0,0,0,0,0,0,0,0,0,0,0,0,0,0,0,0,0,0,0,0,0,0,0,0,0,0,0,0,32.0,0,Unicorn_Absent,-1,-1.0,4,Unicorn_Absent,898,32.0,32,1.0,64,0.0,1.0,TOP,32.0,1.0,0.0,0.0,TOP
0,3074344032,58,307437,Absent,32,1,1,1,1,1,1,1,1,1,1,1,1,1,1,1,1,1,1,1,1,1,1,1,1,1,1,1,1,1,1,1,1,0,0,0,0,0,0,0,0,0,0,0,0,0,0,0,0,0,0,0,0,0,0,0,0,0,0,0,0,0,0,0,0,32.0,0,Unicorn_Absent,-1,-1.0,4,Unicorn_Absent,1058,32.0,32,1.0,64,0.0,1.0,TOP,32.0,1.0,0.0,0.0,TOP
0,3074344032,59,307437,Absent,32,1,1,1,1,1,1,1,1,1,1,1,1,1,1,1,1,1,1,1,1,1,1,1,1,1,1,1,1,1,1,1,1,0,0,0,0,0,0,0,0,0,0,0,0,0,0,0,0,0,0,0,0,0,0,0,0,0,0,0,0,0,0,0,0,32.0,0,Unicorn_Absent,-1,-1.0,4,Unicorn_Absent,1090,32.0,32,1.0,64,0.0,1.0,TOP,32.0,1.0,0.0,0.0,TOP
0,3074344032,21,440328,Absent,0,0,0,0,0,0,0,0,0,0,0,0,0,0,0,0,0,0,0,0,0,0,0,0,0,0,0,0,0,0,0,0,0,0,0,0,0,0,0,0,0,0,0,0,0,0,0,0,0,0,0,0,0,0,0,0,0,0,0,0,0,0,0,0,0,32.0,0,Unicorn_Absent,-1,-1.0,2,Unicorn_Absent,396,32.0,0,0.0,32,0.0,0.5,NOTHING,32.0,1.0,0.0,1.0,NOTHING
0,3074344032,26,440328,Absent,32,0,0,0,0,0,0,0,0,0,0,0,0,0,0,0,0,0,0,0,0,0,0,0,0,0,0,0,0,0,0,0,0,1,1,1,1,1,1,1,1,1,1,1,1,1,1,1,1,1,1,1,1,1,1,1,1,1,1,1,1,1,1,1,1,0.0,32,Unicorn_Absent,-1,-1.0,3,Unicorn_Absent,400,16.0,32,0.4406779661016949,64,0.05932203389830509,0.5,BOTTOM,4.0,0.3333333333333333,28.0,1.0,LEFT
0,3074344032,27,440328,Absent,32,1,1,1,1,0,0,0,0,1,1,1,1,0,0,0,0,1,1,1,1,0,0,0,0,1,1,1,1,0,0,0,0,1,1,1,1,0,0,0,0,1,1,1,1,0,0,0,0,1,1,1,1,0,0,0,0,1,1,1,1,0,0,0,0,16.0,16,Unicorn_Absent,-1,-1.0,5,Unicorn_Absent,416,16.0,32,0.3333333333333333,48,0.16666666666666669,0.5,LEFT,0.0,1.0,32.0,0.05932203389830509,LEFT
0,3074344032,32,440328,Absent,32,1,1,1,1,0,0,0,0,1,1,1,1,0,0,0,0,1,1,1,1,0,0,0,0,1,1,1,1,0,0,0,0,1,1,1,1,0,0,0,0,1,1,1,1,0,0,0,0,1,1,1,1,0,0,0,0,1,1,1,1,0,0,0,0,16.0,16,Unicorn_Absent,-1,-1.0,5,Unicorn_Absent,512,16.0,32,1.0,48,0.0,0.5,LEFT,16.0,1.0,16.0,0.0,LEFT
0,3074344032,42,440328,Absent,32,1,1,1,1,1,1,1,1,1,1,1,1,1,1,1,1,1,1,1,1,1,1,1,1,1,1,1,1,1,1,1,1,0,0,0,0,0,0,0,0,0,0,0,0,0,0,0,0,0,0,0,0,0,0,0,0,0,0,0,0,0,0,0,0,0.0,32,Unicorn_Absent,-1,-1.0,4,Unicorn_Absent,578,0.0,32,0.3333333333333333,64,0.3333333333333333,0.5,TOP,32.0,0.3333333333333333,0.0,1.0,RIGHT
0,3074344032,46,440328,Absent,32,0,0,0,0,0,0,0,0,0,0,0,0,0,0,0,0,0,0,0,0,0,0,0,0,0,0,0,0,0,0,0,0,1,1,1,1,1,1,1,1,1,1,1,1,1,1,1,1,1,1,1,1,1,1,1,1,1,1,1,1,1,1,1,1,32.0,0,Unicorn_Absent,-1,-1.0,3,Unicorn_Absent,674,32.0,32,0.3333333333333333,64,0.0,1.0,BOTTOM,0.0,1.0,32.0,0.16666666666666669,BOTTOM
0,3074344032,47,440328,Absent,32,0,0,0,0,0,0,0,0,0,0,0,0,0,0,0,0,0,0,0,0,0,0,0,0,0,0,0,0,0,0,0,0,1,1,1,1,1,1,1,1,1,1,1,1,1,1,1,1,1,1,1,1,1,1,1,1,1,1,1,1,1,1,1,1,32.0,0,Unicorn_Absent,-1,-1.0,3,Unicorn_Absent,706,32.0,32,1.0,64,0.0,1.0,BOTTOM,32.0,1.0,0.0,0.0,BOTTOM
0,3074344032,52,440328,Absent,32,0,0,0,0,0,0,0,0,0,0,0,0,0,0,0,0,0,0,0,0,0,0,0,0,0,0,0,0,0,0,0,0,1,1,1,1,1,1,1,1,1,1,1,1,1,1,1,1,1,1,1,1,1,1,1,1,1,1,1,1,1,1,1,1,32.0,0,Unicorn_Absent,-1,-1.0,3,Unicorn_Absent,866,32.0,32,1.0,64,0.0,1.0,BOTTOM,32.0,1.0,0.0,0.0,BOTTOM
0,3074344032,53,440328,Absent,32,0,0,0,0,0,0,0,0,0,0,0,0,0,0,0,0,0,0,0,0,0,0,0,0,0,0,0,0,0,0,0,0,1,1,1,1,1,1,1,1,1,1,1,1,1,1,1,1,1,1,1,1,1,1,1,1,1,1,1,1,1,1,1,1,32.0,0,Unicorn_Absent,-1,-1.0,3,Unicorn_Absent,898,32.0,32,1.0,64,0.0,1.0,BOTTOM,32.0,1.0,0.0,0.0,BOTTOM
0,3074344032,58,440328,Absent,32,0,0,0,0,0,0,0,0,0,0,0,0,0,0,0,0,0,0,0,0,0,0,0,0,0,0,0,0,0,0,0,0,1,1,1,1,1,1,1,1,1,1,1,1,1,1,1,1,1,1,1,1,1,1,1,1,1,1,1,1,1,1,1,1,32.0,0,Unicorn_Absent,-1,-1.0,3,Unicorn_Absent,1058,32.0,32,1.0,64,0.0,1.0,BOTTOM,32.0,1.0,0.0,0.0,BOTTOM
0,3074344032,59,440328,Absent,32,0,0,0,0,0,0,0,0,0,0,0,0,0,0,0,0,0,0,0,0,0,0,0,0,0,0,0,0,0,0,0,0,1,1,1,1,1,1,1,1,1,1,1,1,1,1,1,1,1,1,1,1,1,1,1,1,1,1,1,1,1,1,1,1,32.0,0,Unicorn_Absent,-1,-1.0,3,Unicorn_Absent,1090,32.0,32,1.0,64,0.0,1.0,BOTTOM,32.0,1.0,0.0,0.0,BOTTOM
0,3239910991,9,109910,Absent,32,1,1,1,1,1,1,1,1,1,1,1,1,1,1,1,1,1,1,1,1,1,1,1,1,1,1,1,1,1,1,1,1,0,0,0,0,0,0,0,0,0,0,0,0,0,0,0,0,0,0,0,0,0,0,0,0,0,0,0,0,0,0,0,0,18.0,14,Unicorn_Absent,-1,-1.0,4,Unicorn_Absent,36,18.0,32,1.0,46,0.0,0.5,TOP,18.0,1.0,14.0,0.19565217391304346,TOP
0,3239910991,10,109910,Absent,32,1,1,1,1,1,1,1,1,1,1,1,1,1,1,1,1,1,1,1,1,1,1,1,1,1,1,1,1,1,1,1,1,0,0,0,0,0,0,0,0,0,0,0,0,0,0,0,0,0,0,0,0,0,0,0,0,0,0,0,0,0,0,0,0,18.0,14,Unicorn_Absent,-1,-1.0,4,Unicorn_Absent,54,14.0,32,1.0,46,0.0,0.5,TOP,18.0,1.0,14.0,0.0,TOP
0,3239910991,15,109910,Absent,36,0,0,0,0,0,0,0,0,0,1,1,1,1,1,1,0,0,1,1,1,1,1,1,0,0,1,1,1,1,1,1,0,0,1,1,1,1,1,1,0,0,1,1,1,1,1,1,0,0,1,1,1,1,1,1,0,0,0,0,0,0,0,0,0,14.0,18,Unicorn_Absent,-1,-1.0,7,Unicorn_Absent,52,14.0,36,0.36,50,0.0,0.5,IN,14.0,1.0,18.0,1.0,IN
0,3239910991,16,109910,Absent,36,0,0,0,0,0,0,0,0,0,1,1,1,1,1,1,0,0,1,1,1,1,1,1,0,0,1,1,1,1,1,1,0,0,1,1,1,1,1,1,0,0,1,1,1,1,1,1,0,0,1,1,1,1,1,1,0,0,0,0,0,0,0,0,0,14.0,18,Unicorn_Absent,-1,-1.0,7,Unicorn_Absent,66,14.0,36,1.0,50,0.0,0.5,IN,14.0,1.0,18.0,0.0,IN
0,3239910991,25,109910,Absent,36,0,0,0,0,0,0,0,0,0,1,1,1,1,1,1,0,0,1,1,1,1,1,1,0,0,1,1,1,1,1,1,0,0,1,1,1,1,1,1,0,0,1,1,1,1,1,1,0,0,1,1,1,1,1,1,0,0,0,0,0,0,0,0,0,14.0,18,Unicorn_Absent,-1,-1.0,7,Unicorn_Absent,245,14.0,36,1.0,50,0.0,0.5,IN,14.0,1.0,18.0,0.6666666666666667,IN
0,3239910991,34,109910,Absent,32,0,0,0,0,1,1,1,1,0,0,0,0,1,1,1,1,0,0,0,0,1,1,1,1,0,0,0,0,1,1,1,1,0,0,0,0,1,1,1,1,0,0,0,0,1,1,1,1,0,0,0,0,1,1,1,1,0,0,0,0,1,1,1,1,32.0,0,Unicorn_Absent,-1,-1.0,6,Unicorn_Absent,305,32.0,32,1.0,64,0.0,1.0,RIGHT,32.0,1.0,0.0,0.0,RIGHT
0,3239910991,35,109910,Absent,32,0,0,0,0,1,1,1,1,0,0,0,0,1,1,1,1,0,0,0,0,1,1,1,1,0,0,0,0,1,1,1,1,0,0,0,0,1,1,1,1,0,0,0,0,1,1,1,1,0,0,0,0,1,1,1,1,0,0,0,0,1,1,1,1,32.0,0,Unicorn_Absent,-1,-1.0,6,Unicorn_Absent,337,32.0,32,1.0,64,0.0,1.0,RIGHT,32.0,1.0,0.0,0.0,RIGHT
0,3239910991,36,109910,Absent,32,0,0,0,0,1,1,1,1,0,0,0,0,1,1,1,1,0,0,0,0,1,1,1,1,0,0,0,0,1,1,1,1,0,0,0,0,1,1,1,1,0,0,0,0,1,1,1,1,0,0,0,0,1,1,1,1,0,0,0,0,1,1,1,1,32.0,0,Unicorn_Absent,-1,-1.0,6,Unicorn_Absent,369,32.0,32,1.0,64,0.0,1.0,RIGHT,32.0,1.0,0.0,0.0,RIGHT
0,3239910991,37,109910,Absent,32,0,0,0,0,1,1,1,1,0,0,0,0,1,1,1,1,0,0,0,0,1,1,1,1,0,0,0,0,1,1,1,1,0,0,0,0,1,1,1,1,0,0,0,0,1,1,1,1,0,0,0,0,1,1,1,1,0,0,0,0,1,1,1,1,32.0,0,Unicorn_Absent,-1,-1.0,6,Unicorn_Absent,401,32.0,32,1.0,64,0.0,1.0,RIGHT,32.0,1.0,0.0,0.0,RIGHT
0,3239910991,38,109910,Absent,32,0,0,0,0,1,1,1,1,0,0,0,0,1,1,1,1,0,0,0,0,1,1,1,1,0,0,0,0,1,1,1,1,0,0,0,0,1,1,1,1,0,0,0,0,1,1,1,1,0,0,0,0,1,1,1,1,0,0,0,0,1,1,1,1,32.0,0,Unicorn_Absent,-1,-1.0,6,Unicorn_Absent,433,32.0,32,1.0,64,0.0,1.0,RIGHT,32.0,1.0,0.0,0.0,RIGHT
0,3239910991,39,109910,Absent,32,0,0,0,0,1,1,1,1,0,0,0,0,1,1,1,1,0,0,0,0,1,1,1,1,0,0,0,0,1,1,1,1,0,0,0,0,1,1,1,1,0,0,0,0,1,1,1,1,0,0,0,0,1,1,1,1,0,0,0,0,1,1,1,1,32.0,0,Unicorn_Absent,-1,-1.0,6,Unicorn_Absent,465,0.0,32,1.0,64,0.0,1.0,RIGHT,32.0,1.0,0.0,0.0,RIGHT
0,3239910991,48,109910,Absent,36,0,0,0,0,0,0,0,0,0,1,1,1,1,1,1,0,0,1,1,1,1,1,1,0,0,1,1,1,1,1,1,0,0,1,1,1,1,1,1,0,0,1,1,1,1,1,1,0,0,1,1,1,1,1,1,0,0,0,0,0,0,0,0,0,14.0,18,Unicorn_Absent,-1,-1.0,7,Unicorn_Absent,492,14.0,36,1.0,50,0.0,0.5,IN,14.0,1.0,18.0,0.14,IN
0,3239910991,49,109910,Absent,36,0,0,0,0,0,0,0,0,0,1,1,1,1,1,1,0,0,1,1,1,1,1,1,0,0,1,1,1,1,1,1,0,0,1,1,1,1,1,1,0,0,1,1,1,1,1,1,0,0,1,1,1,1,1,1,0,0,0,0,0,0,0,0,0,14.0,18,Unicorn_Absent,-1,-1.0,7,Unicorn_Absent,506,14.0,36,1.0,50,0.0,0.5,IN,14.0,1.0,18.0,0.0,IN
0,3239910991,50,109910,Absent,36,0,0,0,0,0,0,0,0,0,1,1,1,1,1,1,0,0,1,1,1,1,1,1,0,0,1,1,1,1,1,1,0,0,1,1,1,1,1,1,0,0,1,1,1,1,1,1,0,0,1,1,1,1,1,1,0,0,0,0,0,0,0,0,0,14.0,18,Unicorn_Absent,-1,-1.0,7,Unicorn_Absent,520,14.0,36,1.0,50,0.0,0.5,IN,14.0,1.0,18.0,0.0,IN
0,3239910991,51,109910,Absent,36,0,0,0,0,0,0,0,0,0,1,1,1,1,1,1,0,0,1,1,1,1,1,1,0,0,1,1,1,1,1,1,0,0,1,1,1,1,1,1,0,0,1,1,1,1,1,1,0,0,1,1,1,1,1,1,0,0,0,0,0,0,0,0,0,14.0,18,Unicorn_Absent,-1,-1.0,7,Unicorn_Absent,534,14.0,36,1.0,50,0.0,0.5,IN,14.0,1.0,18.0,0.0,IN
0,3239910991,57,109910,Absent,36,0,0,0,0,0,0,0,0,0,1,1,1,1,1,1,0,0,1,1,1,1,1,1,0,0,1,1,1,1,1,1,0,0,1,1,1,1,1,1,0,0,1,1,1,1,1,1,0,0,1,1,1,1,1,1,0,0,0,0,0,0,0,0,0,14.0,18,Unicorn_Absent,-1,-1.0,7,Unicorn_Absent,690,14.0,36,1.0,50,0.0,0.5,IN,14.0,1.0,18.0,0.0,IN
0,3239910991,58,109910,Absent,36,0,0,0,0,0,0,0,0,0,1,1,1,1,1,1,0,0,1,1,1,1,1,1,0,0,1,1,1,1,1,1,0,0,1,1,1,1,1,1,0,0,1,1,1,1,1,1,0,0,1,1,1,1,1,1,0,0,0,0,0,0,0,0,0,14.0,18,Unicorn_Absent,-1,-1.0,7,Unicorn_Absent,704,32.0,36,1.0,50,0.0,0.5,IN,14.0,0.36,18.0,0.0,TOP
0,3239910991,59,109910,Absent,32,1,1,1,1,1,1,1,1,1,1,1,1,1,1,1,1,1,1,1,1,1,1,1,1,1,1,1,1,1,1,1,1,0,0,0,0,0,0,0,0,0,0,0,0,0,0,0,0,0,0,0,0,0,0,0,0,0,0,0,0,0,0,0,0,32.0,0,Unicorn_Absent,-1,-1.0,4,Unicorn_Absent,736,32.0,32,0.36,64,0.64,1.0,TOP,14.0,1.0,18.0,0.0,TOP
0,3239910991,9,323991,Absent,28,1,1,1,1,1,1,1,1,1,0,0,0,0,0,0,1,1,0,0,0,0,0,0,1,1,0,0,0,0,0,0,1,1,0,0,0,0,0,0,1,1,0,0,0,0,0,0,1,1,0,0,0,0,0,0,1,1,1,1,1,1,1,1,1,18.0,14,Unicorn_Absent,-1,-1.0,8,Unicorn_Absent,36,18.0,28,1.0,46,0.0,0.5,OUT,18.0,1.0,14.0,0.19565217391304346,OUT
0,3239910991,10,323991,Absent,28,1,1,1,1,1,1,1,1,1,0,0,0,0,0,0,1,1,0,0,0,0,0,0,1,1,0,0,0,0,0,0,1,1,0,0,0,0,0,0,1,1,0,0,0,0,0,0,1,1,0,0,0,0,0,0,1,1,1,1,1,1,1,1,1,18.0,14,Unicorn_Absent,-1,-1.0,8,Unicorn_Absent,54,14.0,28,1.0,46,0.0,0.5,OUT,18.0,0.0,14.0,0.0,IN
0,3239910991,15,323991,Absent,32,1,1,1,1,0,0,0,0,1,1,1,1,0,0,0,0,1,1,1,1,0,0,0,0,1,1,1,1,0,0,0,0,1,1,1,1,0,0,0,0,1,1,1,1,0,0,0,0,1,1,1,1,0,0,0,0,1,1,1,1,0,0,0,0,14.0,18,Unicorn_Absent,-1,-1.0,5,Unicorn_Absent,52,14.0,32,0.36,50,0.0,0.5,LEFT,14.0,1.0,18.0,1.0,LEFT
0,3239910991,16,323991,Absent,32,1,1,1,1,0,0,0,0,1,1,1,1,0,0,0,0,1,1,1,1,0,0,0,0,1,1,1,1,0,0,0,0,1,1,1,1,0,0,0,0,1,1,1,1,0,0,0,0,1,1,1,1,0,0,0,0,1,1,1,1,0,0,0,0,14.0,18,Unicorn_Absent,-1,-1.0,5,Unicorn_Absent,66,14.0,32,1.0,50,0.0,0.5,LEFT,14.0,1.0,18.0,0.0,LEFT
0,3239910991,25,323991,Absent,32,1,1,1,1,1,1,1,1,1,1,1,1,1,1,1,1,1,1,1,1,1,1,1,1,1,1,1,1,1,1,1,1,0,0,0,0,0,0,0,0,0,0,0,0,0,0,0,0,0,0,0,0,0,0,0,0,0,0,0,0,0,0,0,0,14.0,18,Unicorn_Absent,-1,-1.0,4,Unicorn_Absent,245,14.0,32,1.0,50,0.0,0.5,TOP,14.0,1.0,18.0,0.6666666666666667,TOP
0,3239910991,34,323991,Absent,32,1,1,1,1,0,0,0,0,1,1,1,1,0,0,0,0,1,1,1,1,0,0,0,0,1,1,1,1,0,0,0,0,1,1,1,1,0,0,0,0,1,1,1,1,0,0,0,0,1,1,1,1,0,0,0,0,1,1,1,1,0,0,0,0,32.0,0,Unicorn_Absent,-1,-1.0,5,Unicorn_Absent,305,32.0,32,1.0,64,0.0,1.0,LEFT,32.0,1.0,0.0,0.0,LEFT
0,3239910991,35,323991,Absent,32,1,1,1,1,0,0,0,0,1,1,1,1,0,0,0,0,1,1,1,1,0,0,0,0,1,1,1,1,0,0,0,0,1,1,1,1,0,0,0,0,1,1,1,1,0,0,0,0,1,1,1,1,0,0,0,0,1,1,1,1,0,0,0,0,32.0,0,Unicorn_Absent,-1,-1.0,5,Unicorn_Absent,337,32.0,32,1.0,64,0.0,1.0,LEFT,32.0,1.0,0.0,0.0,LEFT
0,3239910991,36,323991,Absent,32,1,1,1,1,0,0,0,0,1,1,1,1,0,0,0,0,1,1,1,1,0,0,0,0,1,1,1,1,0,0,0,0,1,1,1,1,0,0,0,0,1,1,1,1,0,0,0,0,1,1,1,1,0,0,0,0,1,1,1,1,0,0,0,0,32.0,0,Unicorn_Absent,-1,-1.0,5,Unicorn_Absent,369,32.0,32,1.0,64,0.0,1.0,LEFT,32.0,1.0,0.0,0.0,LEFT
0,3239910991,37,323991,Absent,32,1,1,1,1,0,0,0,0,1,1,1,1,0,0,0,0,1,1,1,1,0,0,0,0,1,1,1,1,0,0,0,0,1,1,1,1,0,0,0,0,1,1,1,1,0,0,0,0,1,1,1,1,0,0,0,0,1,1,1,1,0,0,0,0,32.0,0,Unicorn_Absent,-1,-1.0,5,Unicorn_Absent,401,32.0,32,1.0,64,0.0,1.0,LEFT,32.0,1.0,0.0,0.0,LEFT
0,3239910991,38,323991,Absent,32,1,1,1,1,0,0,0,0,1,1,1,1,0,0,0,0,1,1,1,1,0,0,0,0,1,1,1,1,0,0,0,0,1,1,1,1,0,0,0,0,1,1,1,1,0,0,0,0,1,1,1,1,0,0,0,0,1,1,1,1,0,0,0,0,32.0,0,Unicorn_Absent,-1,-1.0,5,Unicorn_Absent,433,32.0,32,1.0,64,0.0,1.0,LEFT,32.0,1.0,0.0,0.0,LEFT
0,3239910991,39,323991,Absent,32,1,1,1,1,0,0,0,0,1,1,1,1,0,0,0,0,1,1,1,1,0,0,0,0,1,1,1,1,0,0,0,0,1,1,1,1,0,0,0,0,1,1,1,1,0,0,0,0,1,1,1,1,0,0,0,0,1,1,1,1,0,0,0,0,32.0,0,Unicorn_Absent,-1,-1.0,5,Unicorn_Absent,465,0.0,32,1.0,64,0.0,1.0,LEFT,32.0,0.5,0.0,0.0,ALL
0,3239910991,48,323991,Absent,32,0,0,0,0,0,0,0,0,0,0,0,0,0,0,0,0,0,0,0,0,0,0,0,0,0,0,0,0,0,0,0,0,1,1,1,1,1,1,1,1,1,1,1,1,1,1,1,1,1,1,1,1,1,1,1,1,1,1,1,1,1,1,1,1,14.0,18,Unicorn_Absent,-1,-1.0,3,Unicorn_Absent,492,14.0,32,1.0,50,0.0,0.5,BOTTOM,14.0,1.0,18.0,0.14,BOTTOM
0,3239910991,49,323991,Absent,32,0,0,0,0,0,0,0,0,0,0,0,0,0,0,0,0,0,0,0,0,0,0,0,0,0,0,0,0,0,0,0,0,1,1,1,1,1,1,1,1,1,1,1,1,1,1,1,1,1,1,1,1,1,1,1,1,1,1,1,1,1,1,1,1,14.0,18,Unicorn_Absent,-1,-1.0,3,Unicorn_Absent,506,14.0,32,1.0,50,0.0,0.5,BOTTOM,14.0,1.0,18.0,0.0,BOTTOM
0,3239910991,50,323991,Absent,32,0,0,0,0,0,0,0,0,0,0,0,0,0,0,0,0,0,0,0,0,0,0,0,0,0,0,0,0,0,0,0,0,1,1,1,1,1,1,1,1,1,1,1,1,1,1,1,1,1,1,1,1,1,1,1,1,1,1,1,1,1,1,1,1,14.0,18,Unicorn_Absent,-1,-1.0,3,Unicorn_Absent,520,14.0,32,1.0,50,0.0,0.5,BOTTOM,14.0,1.0,18.0,0.0,BOTTOM
0,3239910991,51,323991,Absent,32,0,0,0,0,0,0,0,0,0,0,0,0,0,0,0,0,0,0,0,0,0,0,0,0,0,0,0,0,0,0,0,0,1,1,1,1,1,1,1,1,1,1,1,1,1,1,1,1,1,1,1,1,1,1,1,1,1,1,1,1,1,1,1,1,14.0,18,Unicorn_Absent,-1,-1.0,3,Unicorn_Absent,534,14.0,32,1.0,50,0.0,0.5,BOTTOM,14.0,1.0,18.0,0.0,BOTTOM
0,3239910991,57,323991,Absent,32,0,0,0,0,0,0,0,0,0,0,0,0,0,0,0,0,0,0,0,0,0,0,0,0,0,0,0,0,0,0,0,0,1,1,1,1,1,1,1,1,1,1,1,1,1,1,1,1,1,1,1,1,1,1,1,1,1,1,1,1,1,1,1,1,14.0,18,Unicorn_Absent,-1,-1.0,3,Unicorn_Absent,690,14.0,32,1.0,50,0.0,0.5,BOTTOM,14.0,1.0,18.0,0.0,BOTTOM
0,3239910991,58,323991,Absent,32,0,0,0,0,0,0,0,0,0,0,0,0,0,0,0,0,0,0,0,0,0,0,0,0,0,0,0,0,0,0,0,0,1,1,1,1,1,1,1,1,1,1,1,1,1,1,1,1,1,1,1,1,1,1,1,1,1,1,1,1,1,1,1,1,14.0,18,Unicorn_Absent,-1,-1.0,3,Unicorn_Absent,704,32.0,32,1.0,50,0.0,0.5,BOTTOM,14.0,1.0,18.0,0.0,BOTTOM
0,3239910991,59,323991,Absent,32,0,0,0,0,0,0,0,0,0,0,0,0,0,0,0,0,0,0,0,0,0,0,0,0,0,0,0,0,0,0,0,0,1,1,1,1,1,1,1,1,1,1,1,1,1,1,1,1,1,1,1,1,1,1,1,1,1,1,1,1,1,1,1,1,32.0,0,Unicorn_Absent,-1,-1.0,3,Unicorn_Absent,736,32.0,32,1.0,64,0.64,1.0,BOTTOM,14.0,1.0,18.0,0.0,BOTTOM
0,3584943888,9,358492,Absent,28,1,1,1,1,1,1,1,1,1,0,0,0,0,0,0,1,1,0,0,0,0,0,0,1,1,0,0,0,0,0,0,1,1,0,0,0,0,0,0,1,1,0,0,0,0,0,0,1,1,0,0,0,0,0,0,1,1,1,1,1,1,1,1,1,18.0,14,Unicorn_Absent,-1,-1.0,8,Unicorn_Absent,-82,18.0,28,1.0,46,0.0,0.5,OUT,18.0,1.0,14.0,0.36,OUT
0,3584943888,16,358492,Absent,28,1,1,1,1,1,1,1,1,1,0,0,0,0,0,0,1,1,0,0,0,0,0,0,1,1,0,0,0,0,0,0,1,1,0,0,0,0,0,0,1,1,0,0,0,0,0,0,1,1,0,0,0,0,0,0,1,1,1,1,1,1,1,1,1,18.0,14,Unicorn_Absent,-1,-1.0,8,Unicorn_Absent,69,18.0,28,1.0,46,0.0,0.5,OUT,18.0,1.0,14.0,0.0,OUT
0,3584943888,17,358492,Absent,28,1,1,1,1,1,1,1,1,1,0,0,0,0,0,0,1,1,0,0,0,0,0,0,1,1,0,0,0,0,0,0,1,1,0,0,0,0,0,0,1,1,0,0,0,0,0,0,1,1,0,0,0,0,0,0,1,1,1,1,1,1,1,1,1,18.0,14,Unicorn_Absent,-1,-1.0,8,Unicorn_Absent,87,18.0,28,1.0,46,0.0,0.5,OUT,18.0,1.0,14.0,0.0,OUT
0,3584943888,18,358492,Absent,28,1,1,1,1,1,1,1,1,1,0,0,0,0,0,0,1,1,0,0,0,0,0,0,1,1,0,0,0,0,0,0,1,1,0,0,0,0,0,0,1,1,0,0,0,0,0,0,1,1,0,0,0,0,0,0,1,1,1,1,1,1,1,1,1,18.0,14,Unicorn_Absent,-1,-1.0,8,Unicorn_Absent,105,18.0,28,1.0,46,0.0,0.5,OUT,18.0,1.0,14.0,0.0,OUT
0,3584943888,19,358492,Absent,28,1,1,1,1,1,1,1,1,1,0,0,0,0,0,0,1,1,0,0,0,0,0,0,1,1,0,0,0,0,0,0,1,1,0,0,0,0,0,0,1,1,0,0,0,0,0,0,1,1,0,0,0,0,0,0,1,1,1,1,1,1,1,1,1,18.0,14,Unicorn_Absent,-1,-1.0,8,Unicorn_Absent,123,18.0,28,1.0,46,0.0,0.5,OUT,18.0,1.0,14.0,0.0,OUT
0,3584943888,20,358492,Absent,28,1,1,1,1,1,1,1,1,1,0,0,0,0,0,0,1,1,0,0,0,0,0,0,1,1,0,0,0,0,0,0,1,1,0,0,0,0,0,0,1,1,0,0,0,0,0,0,1,1,0,0,0,0,0,0,1,1,1,1,1,1,1,1,1,18.0,14,Unicorn_Absent,-1,-1.0,8,Unicorn_Absent,141,18.0,28,1.0,46,0.0,0.5,OUT,18.0,1.0,14.0,0.0,OUT
0,3584943888,25,358492,Absent,28,1,1,1,1,1,1,1,1,1,0,0,0,0,0,0,1,1,0,0,0,0,0,0,1,1,0,0,0,0,0,0,1,1,0,0,0,0,0,0,1,1,0,0,0,0,0,0,1,1,0,0,0,0,0,0,1,1,1,1,1,1,1,1,1,18.0,14,Unicorn_Absent,-1,-1.0,8,Unicorn_Absent,244,10.0,28,1.0,46,0.0,0.5,OUT,18.0,0.39285714285714285,14.0,0.0,RS
0,3584943888,39,358492,Absent,28,1,1,1,1,1,1,1,1,1,0,0,0,0,0,0,1,1,0,0,0,0,0,0,1,1,0,0,0,0,0,0,1,1,0,0,0,0,0,0,1,1,0,0,0,0,0,0,1,1,0,0,0,0,0,0,1,1,1,1,1,1,1,1,1,32.0,0,Unicorn_Absent,-1,-1.0,8,Unicorn_Absent,574,32.0,28,0.0,64,0.36,1.0,OUT,32.0,1.0,0.0,0.0,OUT
0,3584943888,43,358492,Absent,28,1,1,1,1,1,1,1,1,1,0,0,0,0,0,0,1,1,0,0,0,0,0,0,1,1,0,0,0,0,0,0,1,1,0,0,0,0,0,0,1,1,0,0,0,0,0,0,1,1,0,0,0,0,0,0,1,1,1,1,1,1,1,1,1,32.0,0,Unicorn_Absent,-1,-1.0,8,Unicorn_Absent,702,32.0,28,1.0,64,0.0,1.0,OUT,32.0,1.0,0.0,0.0,OUT
0,3584943888,44,358492,Absent,28,1,1,1,1,1,1,1,1,1,0,0,0,0,0,0,1,1,0,0,0,0,0,0,1,1,0,0,0,0,0,0,1,1,0,0,0,0,0,0,1,1,0,0,0,0,0,0,1,1,0,0,0,0,0,0,1,1,1,1,1,1,1,1,1,32.0,0,Unicorn_Absent,-1,-1.0,8,Unicorn_Absent,734,32.0,28,1.0,64,0.0,1.0,OUT,32.0,1.0,0.0,0.0,OUT
0,3584943888,47,358492,Absent,28,1,1,1,1,1,1,1,1,1,0,0,0,0,0,0,1,1,0,0,0,0,0,0,1,1,0,0,0,0,0,0,1,1,0,0,0,0,0,0,1,1,0,0,0,0,0,0,1,1,0,0,0,0,0,0,1,1,1,1,1,1,1,1,1,32.0,0,Unicorn_Absent,-1,-1.0,8,Unicorn_Absent,830,32.0,28,1.0,64,0.0,1.0,OUT,32.0,1.0,0.0,0.0,OUT
0,3584943888,48,358492,Absent,28,1,1,1,1,1,1,1,1,1,0,0,0,0,0,0,1,1,0,0,0,0,0,0,1,1,0,0,0,0,0,0,1,1,0,0,0,0,0,0,1,1,0,0,0,0,0,0,1,1,0,0,0,0,0,0,1,1,1,1,1,1,1,1,1,32.0,0,Unicorn_Absent,-1,-1.0,8,Unicorn_Absent,862,32.0,28,1.0,64,0.0,1.0,OUT,32.0,1.0,0.0,0.0,OUT
0,3584943888,9,438884,Absent,32,0,0,0,0,1,1,1,1,0,0,0,0,1,1,1,1,0,0,0,0,1,1,1,1,0,0,0,0,1,1,1,1,0,0,0,0,1,1,1,1,0,0,0,0,1,1,1,1,0,0,0,0,1,1,1,1,0,0,0,0,1,1,1,1,18.0,14,Unicorn_Absent,-1,-1.0,6,Unicorn_Absent,-82,18.0,32,1.0,46,0.0,0.5,RIGHT,18.0,1.0,14.0,0.36,RIGHT
0,3584943888,16,438884,Absent,32,0,0,0,0,1,1,1,1,0,0,0,0,1,1,1,1,0,0,0,0,1,1,1,1,0,0,0,0,1,1,1,1,0,0,0,0,1,1,1,1,0,0,0,0,1,1,1,1,0,0,0,0,1,1,1,1,0,0,0,0,1,1,1,1,18.0,14,Unicorn_Absent,-1,-1.0,6,Unicorn_Absent,69,18.0,32,1.0,46,0.0,0.5,RIGHT,18.0,1.0,14.0,0.0,RIGHT
0,3584943888,17,438884,Absent,32,0,0,0,0,1,1,1,1,0,0,0,0,1,1,1,1,0,0,0,0,1,1,1,1,0,0,0,0,1,1,1,1,0,0,0,0,1,1,1,1,0,0,0,0,1,1,1,1,0,0,0,0,1,1,1,1,0,0,0,0,1,1,1,1,18.0,14,Unicorn_Absent,-1,-1.0,6,Unicorn_Absent,87,18.0,32,1.0,46,0.0,0.5,RIGHT,18.0,1.0,14.0,0.0,RIGHT
0,3584943888,18,438884,Absent,32,0,0,0,0,1,1,1,1,0,0,0,0,1,1,1,1,0,0,0,0,1,1,1,1,0,0,0,0,1,1,1,1,0,0,0,0,1,1,1,1,0,0,0,0,1,1,1,1,0,0,0,0,1,1,1,1,0,0,0,0,1,1,1,1,18.0,14,Unicorn_Absent,-1,-1.0,6,Unicorn_Absent,105,18.0,32,1.0,46,0.0,0.5,RIGHT,18.0,1.0,14.0,0.0,RIGHT
0,3584943888,19,438884,Absent,32,0,0,0,0,1,1,1,1,0,0,0,0,1,1,1,1,0,0,0,0,1,1,1,1,0,0,0,0,1,1,1,1,0,0,0,0,1,1,1,1,0,0,0,0,1,1,1,1,0,0,0,0,1,1,1,1,0,0,0,0,1,1,1,1,18.0,14,Unicorn_Absent,-1,-1.0,6,Unicorn_Absent,123,18.0,32,1.0,46,0.0,0.5,RIGHT,18.0,1.0,14.0,0.0,RIGHT
0,3584943888,20,438884,Absent,32,0,0,0,0,1,1,1,1,0,0,0,0,1,1,1,1,0,0,0,0,1,1,1,1,0,0,0,0,1,1,1,1,0,0,0,0,1,1,1,1,0,0,0,0,1,1,1,1,0,0,0,0,1,1,1,1,0,0,0,0,1,1,1,1,18.0,14,Unicorn_Absent,-1,-1.0,6,Unicorn_Absent,141,18.0,32,1.0,46,0.0,0.5,RIGHT,18.0,1.0,14.0,0.0,RIGHT
0,3584943888,25,438884,Absent,32,0,0,0,0,1,1,1,1,0,0,0,0,1,1,1,1,0,0,0,0,1,1,1,1,0,0,0,0,1,1,1,1,0,0,0,0,1,1,1,1,0,0,0,0,1,1,1,1,0,0,0,0,1,1,1,1,0,0,0,0,1,1,1,1,18.0,14,Unicorn_Absent,-1,-1.0,6,Unicorn_Absent,244,10.0,32,1.0,46,0.0,0.5,RIGHT,18.0,1.0,14.0,0.0,RIGHT
0,3584943888,39,438884,Absent,36,0,0,0,0,0,0,0,0,0,1,1,1,1,1,1,0,0,1,1,1,1,1,1,0,0,1,1,1,1,1,1,0,0,1,1,1,1,1,1,0,0,1,1,1,1,1,1,0,0,1,1,1,1,1,1,0,0,0,0,0,0,0,0,0,32.0,0,Unicorn_Absent,-1,-1.0,7,Unicorn_Absent,574,32.0,36,0.36,64,0.36,1.0,IN,32.0,1.0,0.0,0.0,IN
0,3584943888,43,438884,Absent,36,0,0,0,0,0,0,0,0,0,1,1,1,1,1,1,0,0,1,1,1,1,1,1,0,0,1,1,1,1,1,1,0,0,1,1,1,1,1,1,0,0,1,1,1,1,1,1,0,0,1,1,1,1,1,1,0,0,0,0,0,0,0,0,0,32.0,0,Unicorn_Absent,-1,-1.0,7,Unicorn_Absent,702,32.0,36,1.0,64,0.0,1.0,IN,32.0,1.0,0.0,0.0,IN
0,3584943888,44,438884,Absent,36,0,0,0,0,0,0,0,0,0,1,1,1,1,1,1,0,0,1,1,1,1,1,1,0,0,1,1,1,1,1,1,0,0,1,1,1,1,1,1,0,0,1,1,1,1,1,1,0,0,1,1,1,1,1,1,0,0,0,0,0,0,0,0,0,32.0,0,Unicorn_Absent,-1,-1.0,7,Unicorn_Absent,734,32.0,36,1.0,64,0.0,1.0,IN,32.0,1.0,0.0,0.0,IN
0,3584943888,47,438884,Absent,36,0,0,0,0,0,0,0,0,0,1,1,1,1,1,1,0,0,1,1,1,1,1,1,0,0,1,1,1,1,1,1,0,0,1,1,1,1,1,1,0,0,1,1,1,1,1,1,0,0,1,1,1,1,1,1,0,0,0,0,0,0,0,0,0,32.0,0,Unicorn_Absent,-1,-1.0,7,Unicorn_Absent,830,32.0,36,1.0,64,0.0,1.0,IN,32.0,1.0,0.0,0.0,IN
0,3584943888,48,438884,Absent,36,0,0,0,0,0,0,0,0,0,1,1,1,1,1,1,0,0,1,1,1,1,1,1,0,0,1,1,1,1,1,1,0,0,1,1,1,1,1,1,0,0,1,1,1,1,1,1,0,0,1,1,1,1,1,1,0,0,0,0,0,0,0,0,0,32.0,0,Unicorn_Absent,-1,-1.0,7,Unicorn_Absent,862,32.0,36,1.0,64,0.0,1.0,IN,32.0,1.0,0.0,0.0,IN
0,3688016046,3,160467,Absent,36,0,0,0,0,0,0,0,0,0,1,1,1,1,1,1,0,0,1,1,1,1,1,1,0,0,1,1,1,1,1,1,0,0,1,1,1,1,1,1,0,0,1,1,1,1,1,1,0,0,1,1,1,1,1,1,0,0,0,0,0,0,0,0,0,-4.0,36,Unicorn_Absent,-1,-1.0,7,Unicorn_Absent,59,0.0,36,,64,,0.4375,IN,,0.36,,,RIGHT
0,3688016046,4,160467,Absent,32,0,0,0,0,1,1,1,1,0,0,0,0,1,1,1,1,0,0,0,0,1,1,1,1,0,0,0,0,1,1,1,1,0,0,0,0,1,1,1,1,0,0,0,0,1,1,1,1,0,0,0,0,1,1,1,1,0,0,0,0,1,1,1,1,0.0,32,Unicorn_Absent,-1,-1.0,6,Unicorn_Absent,59,24.0,32,0.36,64,0.64,0.5,RIGHT,-4.0,0.16666666666666666,36.0,,RS
0,3688016046,11,160467,Absent,36,0,0,0,0,0,0,0,0,0,1,1,1,1,1,1,0,0,1,1,1,1,1,1,0,0,1,1,1,1,1,1,0,0,1,1,1,1,1,1,0,0,1,1,1,1,1,1,0,0,1,1,1,1,1,1,0,0,0,0,0,0,0,0,0,32.0,0,Unicorn_Absent,-1,-1.0,7,Unicorn_Absent,14,32.0,36,0.2619047619047619,36,0.2619047619047619,0.5625,IN,24.0,1.0,8.0,0.25520833333333337,IN
0,3688016046,12,160467,Absent,36,0,0,0,0,0,0,0,0,0,1,1,1,1,1,1,0,0,1,1,1,1,1,1,0,0,1,1,1,1,1,1,0,0,1,1,1,1,1,1,0,0,1,1,1,1,1,1,0,0,1,1,1,1,1,1,0,0,0,0,0,0,0,0,0,32.0,0,Unicorn_Absent,-1,-1.0,7,Unicorn_Absent,46,32.0,36,1.0,36,0.0,0.5625,IN,32.0,1.0,0.0,0.2619047619047619,IN
0,3688016046,13,160467,Absent,36,0,0,0,0,0,0,0,0,0,1,1,1,1,1,1,0,0,1,1,1,1,1,1,0,0,1,1,1,1,1,1,0,0,1,1,1,1,1,1,0,0,1,1,1,1,1,1,0,0,1,1,1,1,1,1,0,0,0,0,0,0,0,0,0,32.0,0,Unicorn_Absent,-1,-1.0,7,Unicorn_Absent,78,32.0,36,1.0,36,0.0,0.5625,IN,32.0,0.36,0.0,0.0,RIGHT
0,3688016046,14,160467,Absent,32,0,0,0,0,1,1,1,1,0,0,0,0,1,1,1,1,0,0,0,0,1,1,1,1,0,0,0,0,1,1,1,1,0,0,0,0,1,1,1,1,0,0,0,0,1,1,1,1,0,0,0,0,1,1,1,1,0,0,0,0,1,1,1,1,32.0,0,Unicorn_Absent,-1,-1.0,6,Unicorn_Absent,110,32.0,32,0.36,32,0.64,0.5,RIGHT,32.0,1.0,0.0,0.0,RIGHT
0,3688016046,15,160467,Absent,32,0,0,0,0,1,1,1,1,0,0,0,0,1,1,1,1,0,0,0,0,1,1,1,1,0,0,0,0,1,1,1,1,0,0,0,0,1,1,1,1,0,0,0,0,1,1,1,1,0,0,0,0,1,1,1,1,0,0,0,0,1,1,1,1,32.0,0,Unicorn_Absent,-1,-1.0,6,Unicorn_Absent,142,32.0,32,1.0,32,0.0,0.5,RIGHT,32.0,1.0,0.0,0.64,RIGHT
0,3688016046,16,160467,Absent,32,0,0,0,0,1,1,1,1,0,0,0,0,1,1,1,1,0,0,0,0,1,1,1,1,0,0,0,0,1,1,1,1,0,0,0,0,1,1,1,1,0,0,0,0,1,1,1,1,0,0,0,0,1,1,1,1,0,0,0,0,1,1,1,1,32.0,0,Unicorn_Absent,-1,-1.0,6,Unicorn_Absent,174,32.0,32,1.0,32,0.0,0.5,RIGHT,32.0,1.0,0.0,0.0,RIGHT
0,3688016046,17,160467,Absent,32,0,0,0,0,1,1,1,1,0,0,0,0,1,1,1,1,0,0,0,0,1,1,1,1,0,0,0,0,1,1,1,1,0,0,0,0,1,1,1,1,0,0,0,0,1,1,1,1,0,0,0,0,1,1,1,1,0,0,0,0,1,1,1,1,32.0,0,Unicorn_Absent,-1,-1.0,6,Unicorn_Absent,206,32.0,32,1.0,32,0.0,0.5,RIGHT,32.0,1.0,0.0,0.0,RIGHT
0,3688016046,18,160467,Absent,32,0,0,0,0,1,1,1,1,0,0,0,0,1,1,1,1,0,0,0,0,1,1,1,1,0,0,0,0,1,1,1,1,0,0,0,0,1,1,1,1,0,0,0,0,1,1,1,1,0,0,0,0,1,1,1,1,0,0,0,0,1,1,1,1,32.0,0,Unicorn_Absent,-1,-1.0,6,Unicorn_Absent,238,32.0,32,1.0,32,0.0,0.5,RIGHT,32.0,1.0,0.0,0.0,RIGHT
0,3688016046,36,160467,Absent,28,1,1,1,1,1,1,1,1,1,0,0,0,0,0,0,1,1,0,0,0,0,0,0,1,1,0,0,0,0,0,0,1,1,0,0,0,0,0,0,1,1,0,0,0,0,0,0,1,1,0,0,0,0,0,0,1,1,1,1,1,1,1,1,1,18.0,14,Unicorn_Absent,-1,-1.0,8,Unicorn_Absent,688,18.0,28,0.30434782608695654,46,0.30434782608695654,0.5,OUT,32.0,1.0,0.0,0.0,OUT
0,3688016046,37,160467,Absent,28,1,1,1,1,1,1,1,1,1,0,0,0,0,0,0,1,1,0,0,0,0,0,0,1,1,0,0,0,0,0,0,1,1,0,0,0,0,0,0,1,1,0,0,0,0,0,0,1,1,0,0,0,0,0,0,1,1,1,1,1,1,1,1,1,18.0,14,Unicorn_Absent,-1,-1.0,8,Unicorn_Absent,706,14.0,28,1.0,46,0.0,0.5,OUT,18.0,0.0,14.0,0.30434782608695654,IN
0,3688016046,38,160467,Absent,36,0,0,0,0,0,0,0,0,0,1,1,1,1,1,1,0,0,1,1,1,1,1,1,0,0,1,1,1,1,1,1,0,0,1,1,1,1,1,1,0,0,1,1,1,1,1,1,0,0,1,1,1,1,1,1,0,0,0,0,0,0,0,0,0,14.0,18,Unicorn_Absent,-1,-1.0,7,Unicorn_Absent,720,14.0,36,0.0,50,1.0,0.5,IN,18.0,1.0,14.0,0.0,IN
0,3688016046,45,160467,Absent,16,0,0,0,0,0,0,0,0,0,0,0,1,0,0,0,1,0,0,1,0,1,0,0,0,0,1,1,1,1,0,0,0,1,0,0,1,0,0,0,0,0,0,1,0,0,0,1,0,0,0,1,0,0,1,0,0,0,1,0,0,1,0,0,0,22.0,10,Unicorn_Absent,-1,-1.0,0,Unicorn_Absent,543,14.0,16,0.1,38,0.13809523809523808,0.4375,RS,22.0,0.3,10.0,0.23809523809523808,IN
0,3688016046,46,160467,Absent,36,0,0,0,0,0,0,0,0,0,1,1,1,1,1,1,0,0,1,1,1,1,1,1,0,0,1,1,1,1,1,1,0,0,1,1,1,1,1,1,0,0,1,1,1,1,1,1,0,0,1,1,1,1,1,1,0,0,0,0,0,0,0,0,0,14.0,18,Unicorn_Absent,-1,-1.0,7,Unicorn_Absent,557,14.0,36,0.3,50,0.7,0.5,IN,22.0,1.0,10.0,0.13809523809523808,IN
0,3688016046,47,160467,Absent,36,0,0,0,0,0,0,0,0,0,1,1,1,1,1,1,0,0,1,1,1,1,1,1,0,0,1,1,1,1,1,1,0,0,1,1,1,1,1,1,0,0,1,1,1,1,1,1,0,0,1,1,1,1,1,1,0,0,0,0,0,0,0,0,0,14.0,18,Unicorn_Absent,-1,-1.0,7,Unicorn_Absent,571,0.0,36,1.0,50,0.0,0.5,IN,14.0,0.36,18.0,0.7,LEFT
0,3688016046,50,160467,Absent,64,1,1,1,1,1,1,1,1,1,1,1,1,1,1,1,1,1,1,1,1,1,1,1,1,1,1,1,1,1,1,1,1,1,1,1,1,1,1,1,1,1,1,1,1,1,1,1,1,1,1,1,1,1,1,1,1,1,1,1,1,1,1,1,1,32.0,0,Unicorn_Absent,-1,-1.0,1,Unicorn_Absent,635,32.0,64,0.5,64,0.5,1.0,ALL,0.0,1.0,32.0,0.64,ALL
0,3688016046,55,160467,Absent,64,1,1,1,1,1,1,1,1,1,1,1,1,1,1,1,1,1,1,1,1,1,1,1,1,1,1,1,1,1,1,1,1,1,1,1,1,1,1,1,1,1,1,1,1,1,1,1,1,1,1,1,1,1,1,1,1,1,1,1,1,1,1,1,1,32.0,0,Unicorn_Absent,-1,-1.0,1,Unicorn_Absent,783,32.0,64,1.0,64,1.0,1.0,ALL,20.0,1.0,12.0,1.0,ALL
0,3688016046,56,160467,Absent,64,1,1,1,1,1,1,1,1,1,1,1,1,1,1,1,1,1,1,1,1,1,1,1,1,1,1,1,1,1,1,1,1,1,1,1,1,1,1,1,1,1,1,1,1,1,1,1,1,1,1,1,1,1,1,1,1,1,1,1,1,1,1,1,1,32.0,0,Unicorn_Absent,-1,-1.0,1,Unicorn_Absent,815,32.0,64,1.0,64,0.0,1.0,ALL,32.0,1.0,0.0,1.0,ALL
0,3688016046,57,160467,Absent,64,1,1,1,1,1,1,1,1,1,1,1,1,1,1,1,1,1,1,1,1,1,1,1,1,1,1,1,1,1,1,1,1,1,1,1,1,1,1,1,1,1,1,1,1,1,1,1,1,1,1,1,1,1,1,1,1,1,1,1,1,1,1,1,1,32.0,0,Unicorn_Absent,-1,-1.0,1,Unicorn_Absent,847,32.0,64,1.0,64,0.0,1.0,ALL,32.0,1.0,0.0,0.0,ALL
0,3688016046,58,160467,Absent,64,1,1,1,1,1,1,1,1,1,1,1,1,1,1,1,1,1,1,1,1,1,1,1,1,1,1,1,1,1,1,1,1,1,1,1,1,1,1,1,1,1,1,1,1,1,1,1,1,1,1,1,1,1,1,1,1,1,1,1,1,1,1,1,1,32.0,0,Unicorn_Absent,-1,-1.0,1,Unicorn_Absent,879,32.0,64,1.0,64,0.0,1.0,ALL,32.0,1.0,0.0,0.0,ALL
0,3688016046,3,368806,Absent,64,1,1,1,1,1,1,1,1,1,1,1,1,1,1,1,1,1,1,1,1,1,1,1,1,1,1,1,1,1,1,1,1,1,1,1,1,1,1,1,1,1,1,1,1,1,1,1,1,1,1,1,1,1,1,1,1,1,1,1,1,1,1,1,1,-4.0,36,Unicorn_Absent,-1,-1.0,1,Unicorn_Absent,59,0.0,64,,64,,0.4375,ALL,,1.0,,,ALL
0,3688016046,4,368806,Absent,64,1,1,1,1,1,1,1,1,1,1,1,1,1,1,1,1,1,1,1,1,1,1,1,1,1,1,1,1,1,1,1,1,1,1,1,1,1,1,1,1,1,1,1,1,1,1,1,1,1,1,1,1,1,1,1,1,1,1,1,1,1,1,1,1,0.0,32,Unicorn_Absent,-1,-1.0,1,Unicorn_Absent,59,24.0,64,1.0,64,0.64,0.5,ALL,-4.0,0.421875,36.0,,RS
0,3688016046,11,368806,Absent,0,0,0,0,0,0,0,0,0,0,0,0,0,0,0,0,0,0,0,0,0,0,0,0,0,0,0,0,0,0,0,0,0,0,0,0,0,0,0,0,0,0,0,0,0,0,0,0,0,0,0,0,0,0,0,0,0,0,0,0,0,0,0,0,0,32.0,0,Unicorn_Absent,-1,-1.0,2,Unicorn_Absent,14,32.0,0,0.0,36,0.2619047619047619,0.5625,NOTHING,24.0,1.0,8.0,0.25520833333333337,NOTHING
0,3688016046,12,368806,Absent,0,0,0,0,0,0,0,0,0,0,0,0,0,0,0,0,0,0,0,0,0,0,0,0,0,0,0,0,0,0,0,0,0,0,0,0,0,0,0,0,0,0,0,0,0,0,0,0,0,0,0,0,0,0,0,0,0,0,0,0,0,0,0,0,0,32.0,0,Unicorn_Absent,-1,-1.0,2,Unicorn_Absent,46,32.0,0,1.0,36,0.0,0.5625,NOTHING,32.0,1.0,0.0,0.2619047619047619,NOTHING
0,3688016046,13,368806,Absent,0,0,0,0,0,0,0,0,0,0,0,0,0,0,0,0,0,0,0,0,0,0,0,0,0,0,0,0,0,0,0,0,0,0,0,0,0,0,0,0,0,0,0,0,0,0,0,0,0,0,0,0,0,0,0,0,0,0,0,0,0,0,0,0,0,32.0,0,Unicorn_Absent,-1,-1.0,2,Unicorn_Absent,78,32.0,0,1.0,36,0.0,0.5625,NOTHING,32.0,1.0,0.0,0.0,NOTHING
0,3688016046,14,368806,Absent,0,0,0,0,0,0,0,0,0,0,0,0,0,0,0,0,0,0,0,0,0,0,0,0,0,0,0,0,0,0,0,0,0,0,0,0,0,0,0,0,0,0,0,0,0,0,0,0,0,0,0,0,0,0,0,0,0,0,0,0,0,0,0,0,0,32.0,0,Unicorn_Absent,-1,-1.0,2,Unicorn_Absent,110,32.0,0,1.0,32,0.64,0.5,NOTHING,32.0,1.0,0.0,0.0,NOTHING
0,3688016046,15,368806,Absent,0,0,0,0,0,0,0,0,0,0,0,0,0,0,0,0,0,0,0,0,0,0,0,0,0,0,0,0,0,0,0,0,0,0,0,0,0,0,0,0,0,0,0,0,0,0,0,0,0,0,0,0,0,0,0,0,0,0,0,0,0,0,0,0,0,32.0,0,Unicorn_Absent,-1,-1.0,2,Unicorn_Absent,142,32.0,0,1.0,32,0.0,0.5,NOTHING,32.0,1.0,0.0,0.64,NOTHING
0,3688016046,16,368806,Absent,0,0,0,0,0,0,0,0,0,0,0,0,0,0,0,0,0,0,0,0,0,0,0,0,0,0,0,0,0,0,0,0,0,0,0,0,0,0,0,0,0,0,0,0,0,0,0,0,0,0,0,0,0,0,0,0,0,0,0,0,0,0,0,0,0,32.0,0,Unicorn_Absent,-1,-1.0,2,Unicorn_Absent,174,32.0,0,1.0,32,0.0,0.5,NOTHING,32.0,1.0,0.0,0.0,NOTHING
0,3688016046,17,368806,Absent,0,0,0,0,0,0,0,0,0,0,0,0,0,0,0,0,0,0,0,0,0,0,0,0,0,0,0,0,0,0,0,0,0,0,0,0,0,0,0,0,0,0,0,0,0,0,0,0,0,0,0,0,0,0,0,0,0,0,0,0,0,0,0,0,0,32.0,0,Unicorn_Absent,-1,-1.0,2,Unicorn_Absent,206,32.0,0,1.0,32,0.0,0.5,NOTHING,32.0,1.0,0.0,0.0,NOTHING
0,3688016046,18,368806,Absent,0,0,0,0,0,0,0,0,0,0,0,0,0,0,0,0,0,0,0,0,0,0,0,0,0,0,0,0,0,0,0,0,0,0,0,0,0,0,0,0,0,0,0,0,0,0,0,0,0,0,0,0,0,0,0,0,0,0,0,0,0,0,0,0,0,32.0,0,Unicorn_Absent,-1,-1.0,2,Unicorn_Absent,238,32.0,0,1.0,32,0.0,0.5,NOTHING,32.0,1.0,0.0,0.0,NOTHING
0,3688016046,36,368806,Absent,32,0,0,0,0,1,1,1,1,0,0,0,0,1,1,1,1,0,0,0,0,1,1,1,1,0,0,0,0,1,1,1,1,0,0,0,0,1,1,1,1,0,0,0,0,1,1,1,1,0,0,0,0,1,1,1,1,0,0,0,0,1,1,1,1,18.0,14,Unicorn_Absent,-1,-1.0,6,Unicorn_Absent,688,18.0,32,0.0,46,0.30434782608695654,0.5,RIGHT,32.0,1.0,0.0,0.0,RIGHT
0,3688016046,37,368806,Absent,32,0,0,0,0,1,1,1,1,0,0,0,0,1,1,1,1,0,0,0,0,1,1,1,1,0,0,0,0,1,1,1,1,0,0,0,0,1,1,1,1,0,0,0,0,1,1,1,1,0,0,0,0,1,1,1,1,0,0,0,0,1,1,1,1,18.0,14,Unicorn_Absent,-1,-1.0,6,Unicorn_Absent,706,14.0,32,1.0,46,0.0,0.5,RIGHT,18.0,1.0,14.0,0.30434782608695654,RIGHT
0,3688016046,38,368806,Absent,32,0,0,0,0,1,1,1,1,0,0,0,0,1,1,1,1,0,0,0,0,1,1,1,1,0,0,0,0,1,1,1,1,0,0,0,0,1,1,1,1,0,0,0,0,1,1,1,1,0,0,0,0,1,1,1,1,0,0,0,0,1,1,1,1,14.0,18,Unicorn_Absent,-1,-1.0,6,Unicorn_Absent,720,14.0,32,1.0,50,1.0,0.5,RIGHT,18.0,1.0,14.0,0.0,RIGHT
0,3688016046,45,368806,Absent,32,1,1,1,1,0,0,0,0,1,1,1,1,0,0,0,0,1,1,1,1,0,0,0,0,1,1,1,1,0,0,0,0,1,1,1,1,0,0,0,0,1,1,1,1,0,0,0,0,1,1,1,1,0,0,0,0,1,1,1,1,0,0,0,0,22.0,10,Unicorn_Absent,-1,-1.0,5,Unicorn_Absent,543,14.0,32,0.23809523809523808,38,0.13809523809523808,0.4375,LEFT,22.0,1.0,10.0,0.23809523809523808,LEFT
0,3688016046,46,368806,Absent,32,1,1,1,1,0,0,0,0,1,1,1,1,0,0,0,0,1,1,1,1,0,0,0,0,1,1,1,1,0,0,0,0,1,1,1,1,0,0,0,0,1,1,1,1,0,0,0,0,1,1,1,1,0,0,0,0,1,1,1,1,0,0,0,0,14.0,18,Unicorn_Absent,-1,-1.0,5,Unicorn_Absent,557,14.0,32,1.0,50,0.7,0.5,LEFT,22.0,1.0,10.0,0.13809523809523808,LEFT
0,3688016046,47,368806,Absent,32,1,1,1,1,0,0,0,0,1,1,1,1,0,0,0,0,1,1,1,1,0,0,0,0,1,1,1,1,0,0,0,0,1,1,1,1,0,0,0,0,1,1,1,1,0,0,0,0,1,1,1,1,0,0,0,0,1,1,1,1,0,0,0,0,14.0,18,Unicorn_Absent,-1,-1.0,5,Unicorn_Absent,571,0.0,32,1.0,50,0.0,0.5,LEFT,14.0,1.0,18.0,0.7,LEFT
0,3688016046,50,368806,Absent,0,0,0,0,0,0,0,0,0,0,0,0,0,0,0,0,0,0,0,0,0,0,0,0,0,0,0,0,0,0,0,0,0,0,0,0,0,0,0,0,0,0,0,0,0,0,0,0,0,0,0,0,0,0,0,0,0,0,0,0,0,0,0,0,0,32.0,0,Unicorn_Absent,-1,-1.0,2,Unicorn_Absent,635,32.0,0,0.0,64,0.5,1.0,NOTHING,0.0,1.0,32.0,0.64,NOTHING
0,3688016046,55,368806,Absent,0,0,0,0,0,0,0,0,0,0,0,0,0,0,0,0,0,0,0,0,0,0,0,0,0,0,0,0,0,0,0,0,0,0,0,0,0,0,0,0,0,0,0,0,0,0,0,0,0,0,0,0,0,0,0,0,0,0,0,0,0,0,0,0,0,32.0,0,Unicorn_Absent,-1,-1.0,2,Unicorn_Absent,783,32.0,0,0.0,64,1.0,1.0,NOTHING,20.0,1.0,12.0,1.0,NOTHING
0,3688016046,56,368806,Absent,0,0,0,0,0,0,0,0,0,0,0,0,0,0,0,0,0,0,0,0,0,0,0,0,0,0,0,0,0,0,0,0,0,0,0,0,0,0,0,0,0,0,0,0,0,0,0,0,0,0,0,0,0,0,0,0,0,0,0,0,0,0,0,0,0,32.0,0,Unicorn_Absent,-1,-1.0,2,Unicorn_Absent,815,32.0,0,1.0,64,0.0,1.0,NOTHING,32.0,1.0,0.0,1.0,NOTHING
0,3688016046,57,368806,Absent,0,0,0,0,0,0,0,0,0,0,0,0,0,0,0,0,0,0,0,0,0,0,0,0,0,0,0,0,0,0,0,0,0,0,0,0,0,0,0,0,0,0,0,0,0,0,0,0,0,0,0,0,0,0,0,0,0,0,0,0,0,0,0,0,0,32.0,0,Unicorn_Absent,-1,-1.0,2,Unicorn_Absent,847,32.0,0,1.0,64,0.0,1.0,NOTHING,32.0,1.0,0.0,0.0,NOTHING
0,3688016046,58,368806,Absent,0,0,0,0,0,0,0,0,0,0,0,0,0,0,0,0,0,0,0,0,0,0,0,0,0,0,0,0,0,0,0,0,0,0,0,0,0,0,0,0,0,0,0,0,0,0,0,0,0,0,0,0,0,0,0,0,0,0,0,0,0,0,0,0,0,32.0,0,Unicorn_Absent,-1,-1.0,2,Unicorn_Absent,879,32.0,0,1.0,64,0.0,1.0,NOTHING,32.0,1.0,0.0,0.0,NOTHING
0,3749822596,3,225960,Absent,64,1,1,1,1,1,1,1,1,1,1,1,1,1,1,1,1,1,1,1,1,1,1,1,1,1,1,1,1,1,1,1,1,1,1,1,1,1,1,1,1,1,1,1,1,1,1,1,1,1,1,1,1,1,1,1,1,1,1,1,1,1,1,1,1,-4.0,36,Unicorn_Absent,-1,-1.0,1,Unicorn_Absent,60,16.0,64,,64,,0.4375,ALL,,0.5,,,RIGHT
0,3749822596,14,225960,Absent,36,0,0,0,0,0,0,0,0,0,1,1,1,1,1,1,0,0,1,1,1,1,1,1,0,0,1,1,1,1,1,1,0,0,1,1,1,1,1,1,0,0,1,1,1,1,1,1,0,0,1,1,1,1,1,1,0,0,0,0,0,0,0,0,0,32.0,0,Unicorn_Absent,-1,-1.0,7,Unicorn_Absent,219,32.0,36,0.36,64,0.64,1.0,IN,18.0,1.0,14.0,0.5,IN
0,3749822596,15,225960,Absent,36,0,0,0,0,0,0,0,0,0,1,1,1,1,1,1,0,0,1,1,1,1,1,1,0,0,1,1,1,1,1,1,0,0,1,1,1,1,1,1,0,0,1,1,1,1,1,1,0,0,1,1,1,1,1,1,0,0,0,0,0,0,0,0,0,32.0,0,Unicorn_Absent,-1,-1.0,7,Unicorn_Absent,251,32.0,36,1.0,64,0.0,1.0,IN,32.0,1.0,0.0,0.64,IN
0,3749822596,16,225960,Absent,36,0,0,0,0,0,0,0,0,0,1,1,1,1,1,1,0,0,1,1,1,1,1,1,0,0,1,1,1,1,1,1,0,0,1,1,1,1,1,1,0,0,1,1,1,1,1,1,0,0,1,1,1,1,1,1,0,0,0,0,0,0,0,0,0,32.0,0,Unicorn_Absent,-1,-1.0,7,Unicorn_Absent,283,32.0,36,1.0,64,0.0,1.0,IN,32.0,1.0,0.0,0.0,IN
0,3749822596,17,225960,Absent,36,0,0,0,0,0,0,0,0,0,1,1,1,1,1,1,0,0,1,1,1,1,1,1,0,0,1,1,1,1,1,1,0,0,1,1,1,1,1,1,0,0,1,1,1,1,1,1,0,0,1,1,1,1,1,1,0,0,0,0,0,0,0,0,0,32.0,0,Unicorn_Absent,-1,-1.0,7,Unicorn_Absent,315,32.0,36,1.0,64,0.0,1.0,IN,32.0,1.0,0.0,0.0,IN
0,3749822596,26,225960,Absent,36,0,0,0,0,0,0,0,0,0,1,1,1,1,1,1,0,0,1,1,1,1,1,1,0,0,1,1,1,1,1,1,0,0,1,1,1,1,1,1,0,0,1,1,1,1,1,1,0,0,1,1,1,1,1,1,0,0,0,0,0,0,0,0,0,32.0,0,Unicorn_Absent,-1,-1.0,7,Unicorn_Absent,603,32.0,36,1.0,64,0.0,1.0,IN,32.0,1.0,0.0,0.0,IN
0,3749822596,27,225960,Absent,36,0,0,0,0,0,0,0,0,0,1,1,1,1,1,1,0,0,1,1,1,1,1,1,0,0,1,1,1,1,1,1,0,0,1,1,1,1,1,1,0,0,1,1,1,1,1,1,0,0,1,1,1,1,1,1,0,0,0,0,0,0,0,0,0,32.0,0,Unicorn_Absent,-1,-1.0,7,Unicorn_Absent,635,32.0,36,1.0,64,0.0,1.0,IN,32.0,1.0,0.0,0.0,IN
0,3749822596,35,225960,Absent,36,0,0,0,0,0,0,0,0,0,1,1,1,1,1,1,0,0,1,1,1,1,1,1,0,0,1,1,1,1,1,1,0,0,1,1,1,1,1,1,0,0,1,1,1,1,1,1,0,0,1,1,1,1,1,1,0,0,0,0,0,0,0,0,0,32.0,0,Unicorn_Absent,-1,-1.0,7,Unicorn_Absent,891,32.0,36,1.0,64,0.0,1.0,IN,32.0,1.0,0.0,0.0,IN
0,3749822596,38,225960,Absent,36,0,0,0,0,0,0,0,0,0,1,1,1,1,1,1,0,0,1,1,1,1,1,1,0,0,1,1,1,1,1,1,0,0,1,1,1,1,1,1,0,0,1,1,1,1,1,1,0,0,1,1,1,1,1,1,0,0,0,0,0,0,0,0,0,32.0,0,Unicorn_Absent,-1,-1.0,7,Unicorn_Absent,987,32.0,36,1.0,36,1.0,0.5625,IN,32.0,1.0,0.0,0.0,IN
0,3749822596,41,225960,Absent,36,0,0,0,0,0,0,0,0,0,1,1,1,1,1,1,0,0,1,1,1,1,1,1,0,0,1,1,1,1,1,1,0,0,1,1,1,1,1,1,0,0,1,1,1,1,1,1,0,0,1,1,1,1,1,1,0,0,0,0,0,0,0,0,0,32.0,0,Unicorn_Absent,-1,-1.0,7,Unicorn_Absent,1083,32.0,36,1.0,36,0.0,0.5625,IN,32.0,1.0,0.0,0.0,IN
0,3749822596,46,225960,Absent,32,0,0,0,0,1,1,1,1,0,0,0,0,1,1,1,1,0,0,0,0,1,1,1,1,0,0,0,0,1,1,1,1,0,0,0,0,1,1,1,1,0,0,0,0,1,1,1,1,0,0,0,0,1,1,1,1,0,0,0,0,1,1,1,1,0.0,32,Unicorn_Absent,-1,-1.0,6,Unicorn_Absent,1091,18.0,32,0.36,64,0.36,0.5,RIGHT,32.0,0.30434782608695654,0.0,0.0,OUT
0,3749822596,47,225960,Absent,28,1,1,1,1,1,1,1,1,1,0,0,0,0,0,0,1,1,0,0,0,0,0,0,1,1,0,0,0,0,0,0,1,1,0,0,0,0,0,0,1,1,0,0,0,0,0,0,1,1,0,0,0,0,0,0,1,1,1,1,1,1,1,1,1,18.0,14,Unicorn_Absent,-1,-1.0,8,Unicorn_Absent,1109,18.0,28,0.30434782608695654,46,0.19565217391304346,0.5,OUT,0.0,1.0,32.0,0.36,OUT
0,3749822596,48,225960,Absent,28,1,1,1,1,1,1,1,1,1,0,0,0,0,0,0,1,1,0,0,0,0,0,0,1,1,0,0,0,0,0,0,1,1,0,0,0,0,0,0,1,1,0,0,0,0,0,0,1,1,0,0,0,0,0,0,1,1,1,1,1,1,1,1,1,18.0,14,Unicorn_Absent,-1,-1.0,8,Unicorn_Absent,1127,18.0,28,1.0,46,0.0,0.5,OUT,18.0,1.0,14.0,0.19565217391304346,OUT
0,3749822596,49,225960,Absent,28,1,1,1,1,1,1,1,1,1,0,0,0,0,0,0,1,1,0,0,0,0,0,0,1,1,0,0,0,0,0,0,1,1,0,0,0,0,0,0,1,1,0,0,0,0,0,0,1,1,0,0,0,0,0,0,1,1,1,1,1,1,1,1,1,18.0,14,Unicorn_Absent,-1,-1.0,8,Unicorn_Absent,1145,18.0,28,1.0,46,0.0,0.5,OUT,18.0,1.0,14.0,0.0,OUT
0,3749822596,50,225960,Absent,28,1,1,1,1,1,1,1,1,1,0,0,0,0,0,0,1,1,0,0,0,0,0,0,1,1,0,0,0,0,0,0,1,1,0,0,0,0,0,0,1,1,0,0,0,0,0,0,1,1,0,0,0,0,0,0,1,1,1,1,1,1,1,1,1,18.0,14,Unicorn_Absent,-1,-1.0,8,Unicorn_Absent,1163,18.0,28,1.0,46,0.0,0.5,OUT,18.0,1.0,14.0,0.0,OUT
0,3749822596,53,225960,Absent,32,1,1,1,1,0,0,0,0,1,1,1,1,0,0,0,0,1,1,1,1,0,0,0,0,1,1,1,1,0,0,0,0,1,1,1,1,0,0,0,0,1,1,1,1,0,0,0,0,1,1,1,1,0,0,0,0,1,1,1,1,0,0,0,0,16.0,16,Unicorn_Absent,-1,-1.0,5,Unicorn_Absent,1229,16.0,32,0.30434782608695654,48,0.028985507246376774,0.5,LEFT,18.0,1.0,14.0,0.0,LEFT
0,3749822596,3,374981,Absent,36,0,0,0,0,0,0,0,0,0,1,1,1,1,1,1,0,0,1,1,1,1,1,1,0,0,1,1,1,1,1,1,0,0,1,1,1,1,1,1,0,0,1,1,1,1,1,1,0,0,1,1,1,1,1,1,0,0,0,0,0,0,0,0,0,-4.0,36,Unicorn_Absent,-1,-1.0,7,Unicorn_Absent,60,16.0,36,,64,,0.4375,IN,,0.36,,,TOP
0,3749822596,14,374981,Absent,28,1,1,1,1,1,1,1,1,1,0,0,0,0,0,0,1,1,0,0,0,0,0,0,1,1,0,0,0,0,0,0,1,1,0,0,0,0,0,0,1,1,0,0,0,0,0,0,1,1,0,0,0,0,0,0,1,1,1,1,1,1,1,1,1,32.0,0,Unicorn_Absent,-1,-1.0,8,Unicorn_Absent,219,32.0,28,1.0,64,0.64,1.0,OUT,18.0,1.0,14.0,0.5,OUT
0,3749822596,15,374981,Absent,28,1,1,1,1,1,1,1,1,1,0,0,0,0,0,0,1,1,0,0,0,0,0,0,1,1,0,0,0,0,0,0,1,1,0,0,0,0,0,0,1,1,0,0,0,0,0,0,1,1,0,0,0,0,0,0,1,1,1,1,1,1,1,1,1,32.0,0,Unicorn_Absent,-1,-1.0,8,Unicorn_Absent,251,32.0,28,1.0,64,0.0,1.0,OUT,32.0,1.0,0.0,0.64,OUT
0,3749822596,16,374981,Absent,28,1,1,1,1,1,1,1,1,1,0,0,0,0,0,0,1,1,0,0,0,0,0,0,1,1,0,0,0,0,0,0,1,1,0,0,0,0,0,0,1,1,0,0,0,0,0,0,1,1,0,0,0,0,0,0,1,1,1,1,1,1,1,1,1,32.0,0,Unicorn_Absent,-1,-1.0,8,Unicorn_Absent,283,32.0,28,1.0,64,0.0,1.0,OUT,32.0,1.0,0.0,0.0,OUT
0,3749822596,17,374981,Absent,28,1,1,1,1,1,1,1,1,1,0,0,0,0,0,0,1,1,0,0,0,0,0,0,1,1,0,0,0,0,0,0,1,1,0,0,0,0,0,0,1,1,0,0,0,0,0,0,1,1,0,0,0,0,0,0,1,1,1,1,1,1,1,1,1,32.0,0,Unicorn_Absent,-1,-1.0,8,Unicorn_Absent,315,32.0,28,1.0,64,0.0,1.0,OUT,32.0,1.0,0.0,0.0,OUT
0,3749822596,26,374981,Absent,28,1,1,1,1,1,1,1,1,1,0,0,0,0,0,0,1,1,0,0,0,0,0,0,1,1,0,0,0,0,0,0,1,1,0,0,0,0,0,0,1,1,0,0,0,0,0,0,1,1,0,0,0,0,0,0,1,1,1,1,1,1,1,1,1,32.0,0,Unicorn_Absent,-1,-1.0,8,Unicorn_Absent,603,32.0,28,1.0,64,0.0,1.0,OUT,32.0,1.0,0.0,0.0,OUT
0,3749822596,27,374981,Absent,28,1,1,1,1,1,1,1,1,1,0,0,0,0,0,0,1,1,0,0,0,0,0,0,1,1,0,0,0,0,0,0,1,1,0,0,0,0,0,0,1,1,0,0,0,0,0,0,1,1,0,0,0,0,0,0,1,1,1,1,1,1,1,1,1,32.0,0,Unicorn_Absent,-1,-1.0,8,Unicorn_Absent,635,32.0,28,1.0,64,0.0,1.0,OUT,32.0,1.0,0.0,0.0,OUT
0,3749822596,35,374981,Absent,28,1,1,1,1,1,1,1,1,1,0,0,0,0,0,0,1,1,0,0,0,0,0,0,1,1,0,0,0,0,0,0,1,1,0,0,0,0,0,0,1,1,0,0,0,0,0,0,1,1,0,0,0,0,0,0,1,1,1,1,1,1,1,1,1,32.0,0,Unicorn_Absent,-1,-1.0,8,Unicorn_Absent,891,32.0,28,1.0,64,0.0,1.0,OUT,32.0,1.0,0.0,0.0,OUT
0,3749822596,38,374981,Absent,0,0,0,0,0,0,0,0,0,0,0,0,0,0,0,0,0,0,0,0,0,0,0,0,0,0,0,0,0,0,0,0,0,0,0,0,0,0,0,0,0,0,0,0,0,0,0,0,0,0,0,0,0,0,0,0,0,0,0,0,0,0,0,0,0,32.0,0,Unicorn_Absent,-1,-1.0,2,Unicorn_Absent,987,32.0,0,0.0,36,1.0,0.5625,NOTHING,32.0,1.0,0.0,0.0,NOTHING
0,3749822596,41,374981,Absent,0,0,0,0,0,0,0,0,0,0,0,0,0,0,0,0,0,0,0,0,0,0,0,0,0,0,0,0,0,0,0,0,0,0,0,0,0,0,0,0,0,0,0,0,0,0,0,0,0,0,0,0,0,0,0,0,0,0,0,0,0,0,0,0,0,32.0,0,Unicorn_Absent,-1,-1.0,2,Unicorn_Absent,1083,32.0,0,1.0,36,0.0,0.5625,NOTHING,32.0,1.0,0.0,0.0,NOTHING
0,3749822596,46,374981,Absent,64,1,1,1,1,1,1,1,1,1,1,1,1,1,1,1,1,1,1,1,1,1,1,1,1,1,1,1,1,1,1,1,1,1,1,1,1,1,1,1,1,1,1,1,1,1,1,1,1,1,1,1,1,1,1,1,1,1,1,1,1,1,1,1,1,0.0,32,Unicorn_Absent,-1,-1.0,1,Unicorn_Absent,1091,18.0,64,0.0,64,0.36,0.5,ALL,32.0,0.5,0.0,0.0,RIGHT
0,3749822596,47,374981,Absent,32,0,0,0,0,1,1,1,1,0,0,0,0,1,1,1,1,0,0,0,0,1,1,1,1,0,0,0,0,1,1,1,1,0,0,0,0,1,1,1,1,0,0,0,0,1,1,1,1,0,0,0,0,1,1,1,1,0,0,0,0,1,1,1,1,18.0,14,Unicorn_Absent,-1,-1.0,6,Unicorn_Absent,1109,18.0,32,0.5,46,0.19565217391304346,0.5,RIGHT,0.0,1.0,32.0,0.36,RIGHT
0,3749822596,48,374981,Absent,32,0,0,0,0,1,1,1,1,0,0,0,0,1,1,1,1,0,0,0,0,1,1,1,1,0,0,0,0,1,1,1,1,0,0,0,0,1,1,1,1,0,0,0,0,1,1,1,1,0,0,0,0,1,1,1,1,0,0,0,0,1,1,1,1,18.0,14,Unicorn_Absent,-1,-1.0,6,Unicorn_Absent,1127,18.0,32,1.0,46,0.0,0.5,RIGHT,18.0,1.0,14.0,0.19565217391304346,RIGHT
0,3749822596,49,374981,Absent,32,0,0,0,0,1,1,1,1,0,0,0,0,1,1,1,1,0,0,0,0,1,1,1,1,0,0,0,0,1,1,1,1,0,0,0,0,1,1,1,1,0,0,0,0,1,1,1,1,0,0,0,0,1,1,1,1,0,0,0,0,1,1,1,1,18.0,14,Unicorn_Absent,-1,-1.0,6,Unicorn_Absent,1145,18.0,32,1.0,46,0.0,0.5,RIGHT,18.0,1.0,14.0,0.0,RIGHT
0,3749822596,50,374981,Absent,32,0,0,0,0,1,1,1,1,0,0,0,0,1,1,1,1,0,0,0,0,1,1,1,1,0,0,0,0,1,1,1,1,0,0,0,0,1,1,1,1,0,0,0,0,1,1,1,1,0,0,0,0,1,1,1,1,0,0,0,0,1,1,1,1,18.0,14,Unicorn_Absent,-1,-1.0,6,Unicorn_Absent,1163,18.0,32,1.0,46,0.0,0.5,RIGHT,18.0,1.0,14.0,0.0,RIGHT
0,3749822596,53,374981,Absent,32,0,0,0,0,0,0,0,0,0,0,0,0,0,0,0,0,0,0,0,0,0,0,0,0,0,0,0,0,0,0,0,0,1,1,1,1,1,1,1,1,1,1,1,1,1,1,1,1,1,1,1,1,1,1,1,1,1,1,1,1,1,1,1,1,16.0,16,Unicorn_Absent,-1,-1.0,3,Unicorn_Absent,1229,16.0,32,0.3333333333333333,48,0.028985507246376774,0.5,BOTTOM,18.0,1.0,14.0,0.0,BOTTOM
0,3863570612,8,386355,Absent,32,1,1,1,1,0,0,0,0,1,1,1,1,0,0,0,0,1,1,1,1,0,0,0,0,1,1,1,1,0,0,0,0,1,1,1,1,0,0,0,0,1,1,1,1,0,0,0,0,1,1,1,1,0,0,0,0,1,1,1,1,0,0,0,0,16.0,16,Unicorn_Absent,-1,-1.0,5,Unicorn_Absent,54,16.0,32,1.0,48,0.0,0.5,LEFT,16.0,1.0,16.0,0.653061224489796,LEFT
0,3863570612,9,386355,Absent,32,1,1,1,1,0,0,0,0,1,1,1,1,0,0,0,0,1,1,1,1,0,0,0,0,1,1,1,1,0,0,0,0,1,1,1,1,0,0,0,0,1,1,1,1,0,0,0,0,1,1,1,1,0,0,0,0,1,1,1,1,0,0,0,0,16.0,16,Unicorn_Absent,-1,-1.0,5,Unicorn_Absent,70,16.0,32,1.0,48,0.0,0.5,LEFT,16.0,1.0,16.0,0.0,LEFT
0,3863570612,10,386355,Absent,32,1,1,1,1,0,0,0,0,1,1,1,1,0,0,0,0,1,1,1,1,0,0,0,0,1,1,1,1,0,0,0,0,1,1,1,1,0,0,0,0,1,1,1,1,0,0,0,0,1,1,1,1,0,0,0,0,1,1,1,1,0,0,0,0,16.0,16,Unicorn_Absent,-1,-1.0,5,Unicorn_Absent,86,16.0,32,1.0,48,0.0,0.5,LEFT,16.0,1.0,16.0,0.0,LEFT
0,3863570612,11,386355,Absent,32,1,1,1,1,0,0,0,0,1,1,1,1,0,0,0,0,1,1,1,1,0,0,0,0,1,1,1,1,0,0,0,0,1,1,1,1,0,0,0,0,1,1,1,1,0,0,0,0,1,1,1,1,0,0,0,0,1,1,1,1,0,0,0,0,16.0,16,Unicorn_Absent,-1,-1.0,5,Unicorn_Absent,102,16.0,32,1.0,48,0.0,0.5,LEFT,16.0,1.0,16.0,0.0,LEFT
0,3863570612,12,386355,Absent,32,1,1,1,1,0,0,0,0,1,1,1,1,0,0,0,0,1,1,1,1,0,0,0,0,1,1,1,1,0,0,0,0,1,1,1,1,0,0,0,0,1,1,1,1,0,0,0,0,1,1,1,1,0,0,0,0,1,1,1,1,0,0,0,0,16.0,16,Unicorn_Absent,-1,-1.0,5,Unicorn_Absent,118,16.0,32,1.0,48,0.0,0.5,LEFT,16.0,1.0,16.0,0.0,LEFT
0,3863570612,16,386355,Absent,32,1,1,1,1,0,0,0,0,1,1,1,1,0,0,0,0,1,1,1,1,0,0,0,0,1,1,1,1,0,0,0,0,1,1,1,1,0,0,0,0,1,1,1,1,0,0,0,0,1,1,1,1,0,0,0,0,1,1,1,1,0,0,0,0,32.0,0,Unicorn_Absent,-1,-1.0,5,Unicorn_Absent,226,32.0,32,1.0,64,0.6666666666666667,1.0,LEFT,16.0,1.0,16.0,0.0,LEFT
0,3863570612,17,386355,Absent,32,1,1,1,1,0,0,0,0,1,1,1,1,0,0,0,0,1,1,1,1,0,0,0,0,1,1,1,1,0,0,0,0,1,1,1,1,0,0,0,0,1,1,1,1,0,0,0,0,1,1,1,1,0,0,0,0,1,1,1,1,0,0,0,0,32.0,0,Unicorn_Absent,-1,-1.0,5,Unicorn_Absent,258,32.0,32,1.0,64,0.0,1.0,LEFT,32.0,1.0,0.0,0.6666666666666667,LEFT
0,3863570612,18,386355,Absent,32,1,1,1,1,0,0,0,0,1,1,1,1,0,0,0,0,1,1,1,1,0,0,0,0,1,1,1,1,0,0,0,0,1,1,1,1,0,0,0,0,1,1,1,1,0,0,0,0,1,1,1,1,0,0,0,0,1,1,1,1,0,0,0,0,32.0,0,Unicorn_Absent,-1,-1.0,5,Unicorn_Absent,290,2.0,32,1.0,64,0.0,1.0,LEFT,32.0,0.45161290322580644,0.0,0.0,RS
0,3863570612,27,386355,Absent,36,0,0,0,0,0,0,0,0,0,1,1,1,1,1,1,0,0,1,1,1,1,1,1,0,0,1,1,1,1,1,1,0,0,1,1,1,1,1,1,0,0,1,1,1,1,1,1,0,0,1,1,1,1,1,1,0,0,0,0,0,0,0,0,0,32.0,0,Unicorn_Absent,-1,-1.0,7,Unicorn_Absent,366,32.0,36,1.0,64,0.6956521739130435,1.0,IN,14.0,1.0,18.0,0.0,IN
0,3863570612,35,386355,Absent,36,0,0,0,0,0,0,0,0,0,1,1,1,1,1,1,0,0,1,1,1,1,1,1,0,0,1,1,1,1,1,1,0,0,1,1,1,1,1,1,0,0,1,1,1,1,1,1,0,0,1,1,1,1,1,1,0,0,0,0,0,0,0,0,0,32.0,0,Unicorn_Absent,-1,-1.0,7,Unicorn_Absent,622,32.0,36,1.0,64,0.0,1.0,IN,32.0,1.0,0.0,0.0,IN
0,3863570612,36,386355,Absent,36,0,0,0,0,0,0,0,0,0,1,1,1,1,1,1,0,0,1,1,1,1,1,1,0,0,1,1,1,1,1,1,0,0,1,1,1,1,1,1,0,0,1,1,1,1,1,1,0,0,1,1,1,1,1,1,0,0,0,0,0,0,0,0,0,32.0,0,Unicorn_Absent,-1,-1.0,7,Unicorn_Absent,654,32.0,36,1.0,64,0.0,1.0,IN,32.0,1.0,0.0,0.0,IN
0,3863570612,43,386355,Absent,36,0,0,0,0,0,0,0,0,0,1,1,1,1,1,1,0,0,1,1,1,1,1,1,0,0,1,1,1,1,1,1,0,0,1,1,1,1,1,1,0,0,1,1,1,1,1,1,0,0,1,1,1,1,1,1,0,0,0,0,0,0,0,0,0,32.0,0,Unicorn_Absent,-1,-1.0,7,Unicorn_Absent,878,32.0,36,1.0,64,0.0,1.0,IN,32.0,1.0,0.0,0.0,IN
0,3863570612,51,386355,Absent,36,0,0,0,0,0,0,0,0,0,1,1,1,1,1,1,0,0,1,1,1,1,1,1,0,0,1,1,1,1,1,1,0,0,1,1,1,1,1,1,0,0,1,1,1,1,1,1,0,0,1,1,1,1,1,1,0,0,0,0,0,0,0,0,0,32.0,0,Unicorn_Absent,-1,-1.0,7,Unicorn_Absent,1134,32.0,36,1.0,64,0.0,1.0,IN,32.0,1.0,0.0,0.0,IN
0,3863570612,52,386355,Absent,36,0,0,0,0,0,0,0,0,0,1,1,1,1,1,1,0,0,1,1,1,1,1,1,0,0,1,1,1,1,1,1,0,0,1,1,1,1,1,1,0,0,1,1,1,1,1,1,0,0,1,1,1,1,1,1,0,0,0,0,0,0,0,0,0,32.0,0,Unicorn_Absent,-1,-1.0,7,Unicorn_Absent,1166,32.0,36,1.0,64,0.0,1.0,IN,32.0,1.0,0.0,0.0,IN
0,3863570612,53,386355,Absent,36,0,0,0,0,0,0,0,0,0,1,1,1,1,1,1,0,0,1,1,1,1,1,1,0,0,1,1,1,1,1,1,0,0,1,1,1,1,1,1,0,0,1,1,1,1,1,1,0,0,1,1,1,1,1,1,0,0,0,0,0,0,0,0,0,32.0,0,Unicorn_Absent,-1,-1.0,7,Unicorn_Absent,1198,32.0,36,1.0,64,0.0,1.0,IN,32.0,1.0,0.0,0.0,IN
0,3863570612,54,386355,Absent,36,0,0,0,0,0,0,0,0,0,1,1,1,1,1,1,0,0,1,1,1,1,1,1,0,0,1,1,1,1,1,1,0,0,1,1,1,1,1,1,0,0,1,1,1,1,1,1,0,0,1,1,1,1,1,1,0,0,0,0,0,0,0,0,0,32.0,0,Unicorn_Absent,-1,-1.0,7,Unicorn_Absent,1230,32.0,36,1.0,64,0.0,1.0,IN,32.0,1.0,0.0,0.0,IN
0,3863570612,8,706121,Absent,32,1,1,1,1,1,1,1,1,1,1,1,1,1,1,1,1,1,1,1,1,1,1,1,1,1,1,1,1,1,1,1,1,0,0,0,0,0,0,0,0,0,0,0,0,0,0,0,0,0,0,0,0,0,0,0,0,0,0,0,0,0,0,0,0,16.0,16,Unicorn_Absent,-1,-1.0,4,Unicorn_Absent,54,16.0,32,1.0,48,0.0,0.5,TOP,16.0,1.0,16.0,0.653061224489796,TOP
0,3863570612,9,706121,Absent,32,1,1,1,1,1,1,1,1,1,1,1,1,1,1,1,1,1,1,1,1,1,1,1,1,1,1,1,1,1,1,1,1,0,0,0,0,0,0,0,0,0,0,0,0,0,0,0,0,0,0,0,0,0,0,0,0,0,0,0,0,0,0,0,0,16.0,16,Unicorn_Absent,-1,-1.0,4,Unicorn_Absent,70,16.0,32,1.0,48,0.0,0.5,TOP,16.0,1.0,16.0,0.0,TOP
0,3863570612,10,706121,Absent,32,1,1,1,1,1,1,1,1,1,1,1,1,1,1,1,1,1,1,1,1,1,1,1,1,1,1,1,1,1,1,1,1,0,0,0,0,0,0,0,0,0,0,0,0,0,0,0,0,0,0,0,0,0,0,0,0,0,0,0,0,0,0,0,0,16.0,16,Unicorn_Absent,-1,-1.0,4,Unicorn_Absent,86,16.0,32,1.0,48,0.0,0.5,TOP,16.0,1.0,16.0,0.0,TOP
0,3863570612,11,706121,Absent,32,1,1,1,1,1,1,1,1,1,1,1,1,1,1,1,1,1,1,1,1,1,1,1,1,1,1,1,1,1,1,1,1,0,0,0,0,0,0,0,0,0,0,0,0,0,0,0,0,0,0,0,0,0,0,0,0,0,0,0,0,0,0,0,0,16.0,16,Unicorn_Absent,-1,-1.0,4,Unicorn_Absent,102,16.0,32,1.0,48,0.0,0.5,TOP,16.0,1.0,16.0,0.0,TOP
0,3863570612,12,706121,Absent,32,1,1,1,1,1,1,1,1,1,1,1,1,1,1,1,1,1,1,1,1,1,1,1,1,1,1,1,1,1,1,1,1,0,0,0,0,0,0,0,0,0,0,0,0,0,0,0,0,0,0,0,0,0,0,0,0,0,0,0,0,0,0,0,0,16.0,16,Unicorn_Absent,-1,-1.0,4,Unicorn_Absent,118,16.0,32,1.0,48,0.0,0.5,TOP,16.0,1.0,16.0,0.0,TOP
0,3863570612,16,706121,Absent,32,0,0,0,0,1,1,1,1,0,0,0,0,1,1,1,1,0,0,0,0,1,1,1,1,0,0,0,0,1,1,1,1,0,0,0,0,1,1,1,1,0,0,0,0,1,1,1,1,0,0,0,0,1,1,1,1,0,0,0,0,1,1,1,1,32.0,0,Unicorn_Absent,-1,-1.0,6,Unicorn_Absent,226,32.0,32,0.3333333333333333,64,0.6666666666666667,1.0,RIGHT,16.0,1.0,16.0,0.0,RIGHT
0,3863570612,17,706121,Absent,32,0,0,0,0,1,1,1,1,0,0,0,0,1,1,1,1,0,0,0,0,1,1,1,1,0,0,0,0,1,1,1,1,0,0,0,0,1,1,1,1,0,0,0,0,1,1,1,1,0,0,0,0,1,1,1,1,0,0,0,0,1,1,1,1,32.0,0,Unicorn_Absent,-1,-1.0,6,Unicorn_Absent,258,32.0,32,1.0,64,0.0,1.0,RIGHT,32.0,1.0,0.0,0.6666666666666667,RIGHT
0,3863570612,18,706121,Absent,32,0,0,0,0,1,1,1,1,0,0,0,0,1,1,1,1,0,0,0,0,1,1,1,1,0,0,0,0,1,1,1,1,0,0,0,0,1,1,1,1,0,0,0,0,1,1,1,1,0,0,0,0,1,1,1,1,0,0,0,0,1,1,1,1,32.0,0,Unicorn_Absent,-1,-1.0,6,Unicorn_Absent,290,2.0,32,1.0,64,0.0,1.0,RIGHT,32.0,1.0,0.0,0.0,RIGHT
0,3863570612,27,706121,Absent,28,1,1,1,1,1,1,1,1,1,0,0,0,0,0,0,1,1,0,0,0,0,0,0,1,1,0,0,0,0,0,0,1,1,0,0,0,0,0,0,1,1,0,0,0,0,0,0,1,1,0,0,0,0,0,0,1,1,1,1,1,1,1,1,1,32.0,0,Unicorn_Absent,-1,-1.0,8,Unicorn_Absent,366,32.0,28,0.30434782608695654,64,0.6956521739130435,1.0,OUT,14.0,1.0,18.0,0.0,OUT
0,3863570612,35,706121,Absent,28,1,1,1,1,1,1,1,1,1,0,0,0,0,0,0,1,1,0,0,0,0,0,0,1,1,0,0,0,0,0,0,1,1,0,0,0,0,0,0,1,1,0,0,0,0,0,0,1,1,0,0,0,0,0,0,1,1,1,1,1,1,1,1,1,32.0,0,Unicorn_Absent,-1,-1.0,8,Unicorn_Absent,622,32.0,28,1.0,64,0.0,1.0,OUT,32.0,1.0,0.0,0.0,OUT
0,3863570612,36,706121,Absent,28,1,1,1,1,1,1,1,1,1,0,0,0,0,0,0,1,1,0,0,0,0,0,0,1,1,0,0,0,0,0,0,1,1,0,0,0,0,0,0,1,1,0,0,0,0,0,0,1,1,0,0,0,0,0,0,1,1,1,1,1,1,1,1,1,32.0,0,Unicorn_Absent,-1,-1.0,8,Unicorn_Absent,654,32.0,28,1.0,64,0.0,1.0,OUT,32.0,1.0,0.0,0.0,OUT
0,3863570612,43,706121,Absent,28,1,1,1,1,1,1,1,1,1,0,0,0,0,0,0,1,1,0,0,0,0,0,0,1,1,0,0,0,0,0,0,1,1,0,0,0,0,0,0,1,1,0,0,0,0,0,0,1,1,0,0,0,0,0,0,1,1,1,1,1,1,1,1,1,32.0,0,Unicorn_Absent,-1,-1.0,8,Unicorn_Absent,878,32.0,28,1.0,64,0.0,1.0,OUT,32.0,1.0,0.0,0.0,OUT
0,3863570612,51,706121,Absent,28,1,1,1,1,1,1,1,1,1,0,0,0,0,0,0,1,1,0,0,0,0,0,0,1,1,0,0,0,0,0,0,1,1,0,0,0,0,0,0,1,1,0,0,0,0,0,0,1,1,0,0,0,0,0,0,1,1,1,1,1,1,1,1,1,32.0,0,Unicorn_Absent,-1,-1.0,8,Unicorn_Absent,1134,32.0,28,1.0,64,0.0,1.0,OUT,32.0,1.0,0.0,0.0,OUT
0,3863570612,52,706121,Absent,28,1,1,1,1,1,1,1,1,1,0,0,0,0,0,0,1,1,0,0,0,0,0,0,1,1,0,0,0,0,0,0,1,1,0,0,0,0,0,0,1,1,0,0,0,0,0,0,1,1,0,0,0,0,0,0,1,1,1,1,1,1,1,1,1,32.0,0,Unicorn_Absent,-1,-1.0,8,Unicorn_Absent,1166,32.0,28,1.0,64,0.0,1.0,OUT,32.0,1.0,0.0,0.0,OUT
0,3863570612,53,706121,Absent,28,1,1,1,1,1,1,1,1,1,0,0,0,0,0,0,1,1,0,0,0,0,0,0,1,1,0,0,0,0,0,0,1,1,0,0,0,0,0,0,1,1,0,0,0,0,0,0,1,1,0,0,0,0,0,0,1,1,1,1,1,1,1,1,1,32.0,0,Unicorn_Absent,-1,-1.0,8,Unicorn_Absent,1198,32.0,28,1.0,64,0.0,1.0,OUT,32.0,1.0,0.0,0.0,OUT
0,3863570612,54,706121,Absent,28,1,1,1,1,1,1,1,1,1,0,0,0,0,0,0,1,1,0,0,0,0,0,0,1,1,0,0,0,0,0,0,1,1,0,0,0,0,0,0,1,1,0,0,0,0,0,0,1,1,0,0,0,0,0,0,1,1,1,1,1,1,1,1,1,32.0,0,Unicorn_Absent,-1,-1.0,8,Unicorn_Absent,1230,32.0,28,1.0,64,0.0,1.0,OUT,32.0,1.0,0.0,0.0,OUT
0,3886446131,1,388641,Absent,18,1,1,1,1,1,0,0,0,0,0,0,0,0,0,0,0,0,0,1,0,1,1,1,0,0,0,0,0,1,0,0,1,0,0,1,0,0,1,0,0,0,0,0,1,0,0,0,0,0,0,0,0,0,0,1,0,0,0,0,1,1,0,0,1,18.0,14,Unicorn_Absent,-1,-1.0,0,Unicorn_Absent,18,32.0,18,,45,,0.484375,RS,,0.19047619047619047,,,LEFT
0,3886446131,4,388641,Absent,32,1,1,1,1,0,0,0,0,1,1,1,1,0,0,0,0,1,1,1,1,0,0,0,0,1,1,1,1,0,0,0,0,1,1,1,1,0,0,0,0,1,1,1,1,0,0,0,0,1,1,1,1,0,0,0,0,1,1,1,1,0,0,0,0,32.0,0,Unicorn_Absent,-1,-1.0,5,Unicorn_Absent,114,32.0,32,1.0,64,0.0,1.0,LEFT,32.0,1.0,0.0,0.2408963585434174,LEFT
0,3886446131,10,388641,Absent,36,0,0,0,0,0,0,0,0,0,1,1,1,1,1,1,0,0,1,1,1,1,1,1,0,0,1,1,1,1,1,1,0,0,1,1,1,1,1,1,0,0,1,1,1,1,1,1,0,0,1,1,1,1,1,1,0,0,0,0,0,0,0,0,0,14.0,18,Unicorn_Absent,-1,-1.0,7,Unicorn_Absent,288,14.0,36,0.36,50,0.64,0.5,IN,32.0,1.0,0.0,0.0,IN
0,3886446131,11,388641,Absent,36,0,0,0,0,0,0,0,0,0,1,1,1,1,1,1,0,0,1,1,1,1,1,1,0,0,1,1,1,1,1,1,0,0,1,1,1,1,1,1,0,0,1,1,1,1,1,1,0,0,1,1,1,1,1,1,0,0,0,0,0,0,0,0,0,14.0,18,Unicorn_Absent,-1,-1.0,7,Unicorn_Absent,302,14.0,36,1.0,50,0.0,0.5,IN,14.0,1.0,18.0,0.64,IN
0,3886446131,14,388641,Absent,36,0,0,0,0,0,0,0,0,0,1,1,1,1,1,1,0,0,1,1,1,1,1,1,0,0,1,1,1,1,1,1,0,0,1,1,1,1,1,1,0,0,1,1,1,1,1,1,0,0,1,1,1,1,1,1,0,0,0,0,0,0,0,0,0,14.0,18,Unicorn_Absent,-1,-1.0,7,Unicorn_Absent,362,14.0,36,1.0,50,0.0,0.5,IN,14.0,1.0,18.0,0.0,IN
0,3886446131,15,388641,Absent,36,0,0,0,0,0,0,0,0,0,1,1,1,1,1,1,0,0,1,1,1,1,1,1,0,0,1,1,1,1,1,1,0,0,1,1,1,1,1,1,0,0,1,1,1,1,1,1,0,0,1,1,1,1,1,1,0,0,0,0,0,0,0,0,0,14.0,18,Unicorn_Absent,-1,-1.0,7,Unicorn_Absent,376,14.0,36,1.0,50,0.0,0.5,IN,14.0,1.0,18.0,0.0,IN
0,3886446131,23,388641,Absent,32,1,1,1,1,0,0,0,0,1,1,1,1,0,0,0,0,1,1,1,1,0,0,0,0,1,1,1,1,0,0,0,0,1,1,1,1,0,0,0,0,1,1,1,1,0,0,0,0,1,1,1,1,0,0,0,0,1,1,1,1,0,0,0,0,16.0,16,Unicorn_Absent,-1,-1.0,5,Unicorn_Absent,322,16.0,32,0.3333333333333333,48,0.0,0.5,LEFT,16.0,1.0,16.0,0.0,LEFT
0,3886446131,24,388641,Absent,32,1,1,1,1,0,0,0,0,1,1,1,1,0,0,0,0,1,1,1,1,0,0,0,0,1,1,1,1,0,0,0,0,1,1,1,1,0,0,0,0,1,1,1,1,0,0,0,0,1,1,1,1,0,0,0,0,1,1,1,1,0,0,0,0,16.0,16,Unicorn_Absent,-1,-1.0,5,Unicorn_Absent,338,16.0,32,1.0,48,0.0,0.5,LEFT,16.0,1.0,16.0,0.0,LEFT
0,3886446131,25,388641,Absent,32,1,1,1,1,0,0,0,0,1,1,1,1,0,0,0,0,1,1,1,1,0,0,0,0,1,1,1,1,0,0,0,0,1,1,1,1,0,0,0,0,1,1,1,1,0,0,0,0,1,1,1,1,0,0,0,0,1,1,1,1,0,0,0,0,16.0,16,Unicorn_Absent,-1,-1.0,5,Unicorn_Absent,354,16.0,32,1.0,48,0.0,0.5,LEFT,16.0,1.0,16.0,0.0,LEFT
0,3886446131,28,388641,Absent,32,0,0,0,0,0,0,0,0,0,0,0,0,0,0,0,0,0,0,0,0,0,0,0,0,0,0,0,0,0,0,0,0,1,1,1,1,1,1,1,1,1,1,1,1,1,1,1,1,1,1,1,1,1,1,1,1,1,1,1,1,1,1,1,1,16.0,16,Unicorn_Absent,-1,-1.0,3,Unicorn_Absent,306,0.0,32,0.3333333333333333,48,0.0,0.5,BOTTOM,16.0,1.0,16.0,0.0,BOTTOM
0,3886446131,29,388641,Absent,32,0,0,0,0,0,0,0,0,0,0,0,0,0,0,0,0,0,0,0,0,0,0,0,0,0,0,0,0,0,0,0,0,1,1,1,1,1,1,1,1,1,1,1,1,1,1,1,1,1,1,1,1,1,1,1,1,1,1,1,1,1,1,1,1,0.0,32,Unicorn_Absent,-1,-1.0,3,Unicorn_Absent,306,0.0,32,1.0,32,0.6666666666666667,0.0,BOTTOM,16.0,0.3333333333333333,16.0,0.0,RIGHT
0,3886446131,30,388641,Absent,32,0,0,0,0,1,1,1,1,0,0,0,0,1,1,1,1,0,0,0,0,1,1,1,1,0,0,0,0,1,1,1,1,0,0,0,0,1,1,1,1,0,0,0,0,1,1,1,1,0,0,0,0,1,1,1,1,0,0,0,0,1,1,1,1,0.0,32,Unicorn_Absent,-1,-1.0,6,Unicorn_Absent,306,16.0,32,0.3333333333333333,32,0.0,0.0,RIGHT,0.0,0.0,32.0,0.6666666666666667,LEFT
0,3886446131,33,388641,Absent,32,1,1,1,1,0,0,0,0,1,1,1,1,0,0,0,0,1,1,1,1,0,0,0,0,1,1,1,1,0,0,0,0,1,1,1,1,0,0,0,0,1,1,1,1,0,0,0,0,1,1,1,1,0,0,0,0,1,1,1,1,0,0,0,0,16.0,16,Unicorn_Absent,-1,-1.0,5,Unicorn_Absent,366,16.0,32,1.0,48,0.0,0.5,LEFT,16.0,1.0,16.0,0.3333333333333333,LEFT
0,3886446131,45,388641,Absent,28,1,1,1,1,1,1,1,1,1,0,0,0,0,0,0,1,1,0,0,0,0,0,0,1,1,0,0,0,0,0,0,1,1,0,0,0,0,0,0,1,1,0,0,0,0,0,0,1,1,0,0,0,0,0,0,1,1,1,1,1,1,1,1,1,32.0,0,Unicorn_Absent,-1,-1.0,8,Unicorn_Absent,620,14.0,28,1.0,64,0.0,1.0,OUT,32.0,0.30434782608695654,0.0,0.0,RIGHT
0,3886446131,49,388641,Absent,32,0,0,0,0,1,1,1,1,0,0,0,0,1,1,1,1,0,0,0,0,1,1,1,1,0,0,0,0,1,1,1,1,0,0,0,0,1,1,1,1,0,0,0,0,1,1,1,1,0,0,0,0,1,1,1,1,0,0,0,0,1,1,1,1,14.0,18,Unicorn_Absent,-1,-1.0,6,Unicorn_Absent,700,14.0,32,1.0,50,0.0,0.5,RIGHT,14.0,1.0,18.0,0.6956521739130435,RIGHT
0,3886446131,58,388641,Absent,32,0,0,0,0,1,1,1,1,0,0,0,0,1,1,1,1,0,0,0,0,1,1,1,1,0,0,0,0,1,1,1,1,0,0,0,0,1,1,1,1,0,0,0,0,1,1,1,1,0,0,0,0,1,1,1,1,0,0,0,0,1,1,1,1,16.0,16,Unicorn_Absent,-1,-1.0,6,Unicorn_Absent,885,16.0,32,1.0,48,0.0,0.5,RIGHT,16.0,1.0,16.0,0.64,RIGHT
0,3886446131,59,388641,Absent,32,0,0,0,0,1,1,1,1,0,0,0,0,1,1,1,1,0,0,0,0,1,1,1,1,0,0,0,0,1,1,1,1,0,0,0,0,1,1,1,1,0,0,0,0,1,1,1,1,0,0,0,0,1,1,1,1,0,0,0,0,1,1,1,1,16.0,16,Unicorn_Absent,-1,-1.0,6,Unicorn_Absent,901,16.0,32,1.0,48,0.0,0.5,RIGHT,16.0,1.0,16.0,0.0,RIGHT
0,3886446131,1,461317,Absent,41,1,1,1,0,1,0,0,1,1,1,1,1,1,1,1,1,0,1,1,1,1,1,1,1,1,0,0,1,1,1,0,1,1,0,0,1,1,0,0,1,0,0,1,0,1,0,1,0,1,0,1,1,0,0,1,0,0,0,0,1,1,1,1,1,18.0,14,Unicorn_Absent,-1,-1.0,0,Unicorn_Absent,18,32.0,41,,45,,0.484375,RS,,0.43137254901960786,,,RIGHT
0,3886446131,4,461317,Absent,32,0,0,0,0,1,1,1,1,0,0,0,0,1,1,1,1,0,0,0,0,1,1,1,1,0,0,0,0,1,1,1,1,0,0,0,0,1,1,1,1,0,0,0,0,1,1,1,1,0,0,0,0,1,1,1,1,0,0,0,0,1,1,1,1,32.0,0,Unicorn_Absent,-1,-1.0,6,Unicorn_Absent,114,32.0,32,1.0,64,0.0,1.0,RIGHT,32.0,1.0,0.0,0.2408963585434174,RIGHT
0,3886446131,10,461317,Absent,32,0,0,0,0,1,1,1,1,0,0,0,0,1,1,1,1,0,0,0,0,1,1,1,1,0,0,0,0,1,1,1,1,0,0,0,0,1,1,1,1,0,0,0,0,1,1,1,1,0,0,0,0,1,1,1,1,0,0,0,0,1,1,1,1,14.0,18,Unicorn_Absent,-1,-1.0,6,Unicorn_Absent,288,14.0,32,1.0,50,0.64,0.5,RIGHT,32.0,1.0,0.0,0.0,RIGHT
0,3886446131,11,461317,Absent,32,0,0,0,0,1,1,1,1,0,0,0,0,1,1,1,1,0,0,0,0,1,1,1,1,0,0,0,0,1,1,1,1,0,0,0,0,1,1,1,1,0,0,0,0,1,1,1,1,0,0,0,0,1,1,1,1,0,0,0,0,1,1,1,1,14.0,18,Unicorn_Absent,-1,-1.0,6,Unicorn_Absent,302,14.0,32,1.0,50,0.0,0.5,RIGHT,14.0,1.0,18.0,0.64,RIGHT
0,3886446131,14,461317,Absent,32,0,0,0,0,1,1,1,1,0,0,0,0,1,1,1,1,0,0,0,0,1,1,1,1,0,0,0,0,1,1,1,1,0,0,0,0,1,1,1,1,0,0,0,0,1,1,1,1,0,0,0,0,1,1,1,1,0,0,0,0,1,1,1,1,14.0,18,Unicorn_Absent,-1,-1.0,6,Unicorn_Absent,362,14.0,32,1.0,50,0.0,0.5,RIGHT,14.0,1.0,18.0,0.0,RIGHT
0,3886446131,15,461317,Absent,32,0,0,0,0,1,1,1,1,0,0,0,0,1,1,1,1,0,0,0,0,1,1,1,1,0,0,0,0,1,1,1,1,0,0,0,0,1,1,1,1,0,0,0,0,1,1,1,1,0,0,0,0,1,1,1,1,0,0,0,0,1,1,1,1,14.0,18,Unicorn_Absent,-1,-1.0,6,Unicorn_Absent,376,14.0,32,1.0,50,0.0,0.5,RIGHT,14.0,1.0,18.0,0.0,RIGHT
0,3886446131,23,461317,Absent,32,1,1,1,1,1,1,1,1,1,1,1,1,1,1,1,1,1,1,1,1,1,1,1,1,1,1,1,1,1,1,1,1,0,0,0,0,0,0,0,0,0,0,0,0,0,0,0,0,0,0,0,0,0,0,0,0,0,0,0,0,0,0,0,0,16.0,16,Unicorn_Absent,-1,-1.0,4,Unicorn_Absent,322,16.0,32,0.3333333333333333,48,0.0,0.5,TOP,16.0,1.0,16.0,0.0,TOP
0,3886446131,24,461317,Absent,32,1,1,1,1,1,1,1,1,1,1,1,1,1,1,1,1,1,1,1,1,1,1,1,1,1,1,1,1,1,1,1,1,0,0,0,0,0,0,0,0,0,0,0,0,0,0,0,0,0,0,0,0,0,0,0,0,0,0,0,0,0,0,0,0,16.0,16,Unicorn_Absent,-1,-1.0,4,Unicorn_Absent,338,16.0,32,1.0,48,0.0,0.5,TOP,16.0,1.0,16.0,0.0,TOP
0,3886446131,25,461317,Absent,32,1,1,1,1,1,1,1,1,1,1,1,1,1,1,1,1,1,1,1,1,1,1,1,1,1,1,1,1,1,1,1,1,0,0,0,0,0,0,0,0,0,0,0,0,0,0,0,0,0,0,0,0,0,0,0,0,0,0,0,0,0,0,0,0,16.0,16,Unicorn_Absent,-1,-1.0,4,Unicorn_Absent,354,16.0,32,1.0,48,0.0,0.5,TOP,16.0,1.0,16.0,0.0,TOP
0,3886446131,28,461317,Absent,32,1,1,1,1,0,0,0,0,1,1,1,1,0,0,0,0,1,1,1,1,0,0,0,0,1,1,1,1,0,0,0,0,1,1,1,1,0,0,0,0,1,1,1,1,0,0,0,0,1,1,1,1,0,0,0,0,1,1,1,1,0,0,0,0,16.0,16,Unicorn_Absent,-1,-1.0,5,Unicorn_Absent,306,0.0,32,0.3333333333333333,48,0.0,0.5,LEFT,16.0,0.3333333333333333,16.0,0.0,BOTTOM
0,3886446131,29,461317,Absent,32,0,0,0,0,0,0,0,0,0,0,0,0,0,0,0,0,0,0,0,0,0,0,0,0,0,0,0,0,0,0,0,0,1,1,1,1,1,1,1,1,1,1,1,1,1,1,1,1,1,1,1,1,1,1,1,1,1,1,1,1,1,1,1,1,0.0,32,Unicorn_Absent,-1,-1.0,3,Unicorn_Absent,306,0.0,32,0.3333333333333333,32,0.6666666666666667,0.0,BOTTOM,16.0,0.3333333333333333,16.0,0.0,RIGHT
0,3886446131,30,461317,Absent,32,0,0,0,0,1,1,1,1,0,0,0,0,1,1,1,1,0,0,0,0,1,1,1,1,0,0,0,0,1,1,1,1,0,0,0,0,1,1,1,1,0,0,0,0,1,1,1,1,0,0,0,0,1,1,1,1,0,0,0,0,1,1,1,1,0.0,32,Unicorn_Absent,-1,-1.0,6,Unicorn_Absent,306,16.0,32,0.3333333333333333,32,0.0,0.0,RIGHT,0.0,0.3333333333333333,32.0,0.6666666666666667,BOTTOM
0,3886446131,33,461317,Absent,32,0,0,0,0,0,0,0,0,0,0,0,0,0,0,0,0,0,0,0,0,0,0,0,0,0,0,0,0,0,0,0,0,1,1,1,1,1,1,1,1,1,1,1,1,1,1,1,1,1,1,1,1,1,1,1,1,1,1,1,1,1,1,1,1,16.0,16,Unicorn_Absent,-1,-1.0,3,Unicorn_Absent,366,16.0,32,1.0,48,0.0,0.5,BOTTOM,16.0,1.0,16.0,0.3333333333333333,BOTTOM
0,3886446131,45,461317,Absent,36,0,0,0,0,0,0,0,0,0,1,1,1,1,1,1,0,0,1,1,1,1,1,1,0,0,1,1,1,1,1,1,0,0,1,1,1,1,1,1,0,0,1,1,1,1,1,1,0,0,1,1,1,1,1,1,0,0,0,0,0,0,0,0,0,32.0,0,Unicorn_Absent,-1,-1.0,7,Unicorn_Absent,620,14.0,36,1.0,64,0.0,1.0,IN,32.0,1.0,0.0,0.0,IN
0,3886446131,49,461317,Absent,36,0,0,0,0,0,0,0,0,0,1,1,1,1,1,1,0,0,1,1,1,1,1,1,0,0,1,1,1,1,1,1,0,0,1,1,1,1,1,1,0,0,1,1,1,1,1,1,0,0,1,1,1,1,1,1,0,0,0,0,0,0,0,0,0,14.0,18,Unicorn_Absent,-1,-1.0,7,Unicorn_Absent,700,14.0,36,1.0,50,0.0,0.5,IN,14.0,1.0,18.0,0.6956521739130435,IN
0,3886446131,58,461317,Absent,32,1,1,1,1,1,1,1,1,1,1,1,1,1,1,1,1,1,1,1,1,1,1,1,1,1,1,1,1,1,1,1,1,0,0,0,0,0,0,0,0,0,0,0,0,0,0,0,0,0,0,0,0,0,0,0,0,0,0,0,0,0,0,0,0,16.0,16,Unicorn_Absent,-1,-1.0,4,Unicorn_Absent,885,16.0,32,1.0,48,0.0,0.5,TOP,16.0,1.0,16.0,0.64,TOP
0,3886446131,59,461317,Absent,32,1,1,1,1,1,1,1,1,1,1,1,1,1,1,1,1,1,1,1,1,1,1,1,1,1,1,1,1,1,1,1,1,0,0,0,0,0,0,0,0,0,0,0,0,0,0,0,0,0,0,0,0,0,0,0,0,0,0,0,0,0,0,0,0,16.0,16,Unicorn_Absent,-1,-1.0,4,Unicorn_Absent,901,16.0,32,1.0,48,0.0,0.5,TOP,16.0,1.0,16.0,0.0,TOP
0,4265376959,5,42653,Absent,32,0,0,0,0,1,1,1,1,0,0,0,0,1,1,1,1,0,0,0,0,1,1,1,1,0,0,0,0,1,1,1,1,0,0,0,0,1,1,1,1,0,0,0,0,1,1,1,1,0,0,0,0,1,1,1,1,0,0,0,0,1,1,1,1,32.0,0,Unicorn_Absent,-1,-1.0,6,Unicorn_Absent,96,32.0,32,0.0,64,0.5,1.0,RIGHT,0.0,1.0,32.0,0.5046542553191489,RIGHT
0,4265376959,6,42653,Absent,32,0,0,0,0,1,1,1,1,0,0,0,0,1,1,1,1,0,0,0,0,1,1,1,1,0,0,0,0,1,1,1,1,0,0,0,0,1,1,1,1,0,0,0,0,1,1,1,1,0,0,0,0,1,1,1,1,0,0,0,0,1,1,1,1,32.0,0,Unicorn_Absent,-1,-1.0,6,Unicorn_Absent,128,32.0,32,1.0,64,0.0,1.0,RIGHT,32.0,1.0,0.0,0.5,RIGHT
0,4265376959,7,42653,Absent,32,0,0,0,0,1,1,1,1,0,0,0,0,1,1,1,1,0,0,0,0,1,1,1,1,0,0,0,0,1,1,1,1,0,0,0,0,1,1,1,1,0,0,0,0,1,1,1,1,0,0,0,0,1,1,1,1,0,0,0,0,1,1,1,1,32.0,0,Unicorn_Absent,-1,-1.0,6,Unicorn_Absent,160,32.0,32,1.0,64,0.0,1.0,RIGHT,32.0,1.0,0.0,0.0,RIGHT
0,4265376959,10,42653,Absent,32,0,0,0,0,1,1,1,1,0,0,0,0,1,1,1,1,0,0,0,0,1,1,1,1,0,0,0,0,1,1,1,1,0,0,0,0,1,1,1,1,0,0,0,0,1,1,1,1,0,0,0,0,1,1,1,1,0,0,0,0,1,1,1,1,32.0,0,Unicorn_Absent,-1,-1.0,6,Unicorn_Absent,256,32.0,32,1.0,64,0.0,1.0,RIGHT,32.0,1.0,0.0,0.0,RIGHT
0,4265376959,11,42653,Absent,32,0,0,0,0,1,1,1,1,0,0,0,0,1,1,1,1,0,0,0,0,1,1,1,1,0,0,0,0,1,1,1,1,0,0,0,0,1,1,1,1,0,0,0,0,1,1,1,1,0,0,0,0,1,1,1,1,0,0,0,0,1,1,1,1,32.0,0,Unicorn_Absent,-1,-1.0,6,Unicorn_Absent,288,32.0,32,1.0,64,0.0,1.0,RIGHT,32.0,1.0,0.0,0.0,RIGHT
0,4265376959,14,42653,Absent,32,0,0,0,0,1,1,1,1,0,0,0,0,1,1,1,1,0,0,0,0,1,1,1,1,0,0,0,0,1,1,1,1,0,0,0,0,1,1,1,1,0,0,0,0,1,1,1,1,0,0,0,0,1,1,1,1,0,0,0,0,1,1,1,1,32.0,0,Unicorn_Absent,-1,-1.0,6,Unicorn_Absent,384,32.0,32,1.0,64,0.0,1.0,RIGHT,32.0,1.0,0.0,0.0,RIGHT
0,4265376959,24,42653,Absent,32,0,0,0,0,1,1,1,1,0,0,0,0,1,1,1,1,0,0,0,0,1,1,1,1,0,0,0,0,1,1,1,1,0,0,0,0,1,1,1,1,0,0,0,0,1,1,1,1,0,0,0,0,1,1,1,1,0,0,0,0,1,1,1,1,32.0,0,Unicorn_Absent,-1,-1.0,6,Unicorn_Absent,704,32.0,32,1.0,64,0.0,1.0,RIGHT,32.0,1.0,0.0,0.0,RIGHT
0,4265376959,25,42653,Absent,32,0,0,0,0,1,1,1,1,0,0,0,0,1,1,1,1,0,0,0,0,1,1,1,1,0,0,0,0,1,1,1,1,0,0,0,0,1,1,1,1,0,0,0,0,1,1,1,1,0,0,0,0,1,1,1,1,0,0,0,0,1,1,1,1,32.0,0,Unicorn_Absent,-1,-1.0,6,Unicorn_Absent,736,32.0,32,1.0,64,0.0,1.0,RIGHT,32.0,1.0,0.0,0.0,RIGHT
0,4265376959,29,42653,Absent,32,0,0,0,0,1,1,1,1,0,0,0,0,1,1,1,1,0,0,0,0,1,1,1,1,0,0,0,0,1,1,1,1,0,0,0,0,1,1,1,1,0,0,0,0,1,1,1,1,0,0,0,0,1,1,1,1,0,0,0,0,1,1,1,1,32.0,0,Unicorn_Absent,-1,-1.0,6,Unicorn_Absent,864,16.0,32,1.0,64,0.0,1.0,RIGHT,32.0,0.3333333333333333,0.0,0.0,TOP
0,4265376959,30,42653,Absent,32,1,1,1,1,1,1,1,1,1,1,1,1,1,1,1,1,1,1,1,1,1,1,1,1,1,1,1,1,1,1,1,1,0,0,0,0,0,0,0,0,0,0,0,0,0,0,0,0,0,0,0,0,0,0,0,0,0,0,0,0,0,0,0,0,16.0,16,Unicorn_Absent,-1,-1.0,4,Unicorn_Absent,880,16.0,32,0.3333333333333333,48,0.6666666666666667,0.5,TOP,32.0,1.0,0.0,0.0,TOP
0,4265376959,31,42653,Absent,32,1,1,1,1,1,1,1,1,1,1,1,1,1,1,1,1,1,1,1,1,1,1,1,1,1,1,1,1,1,1,1,1,0,0,0,0,0,0,0,0,0,0,0,0,0,0,0,0,0,0,0,0,0,0,0,0,0,0,0,0,0,0,0,0,16.0,16,Unicorn_Absent,-1,-1.0,4,Unicorn_Absent,896,32.0,32,1.0,48,0.0,0.5,TOP,16.0,1.0,16.0,0.6666666666666667,TOP
0,4265376959,32,42653,Absent,32,1,1,1,1,1,1,1,1,1,1,1,1,1,1,1,1,1,1,1,1,1,1,1,1,1,1,1,1,1,1,1,1,0,0,0,0,0,0,0,0,0,0,0,0,0,0,0,0,0,0,0,0,0,0,0,0,0,0,0,0,0,0,0,0,32.0,0,Unicorn_Absent,-1,-1.0,4,Unicorn_Absent,928,32.0,32,1.0,32,1.0,0.5,TOP,16.0,1.0,16.0,0.0,TOP
0,4265376959,35,42653,Absent,32,1,1,1,1,1,1,1,1,1,1,1,1,1,1,1,1,1,1,1,1,1,1,1,1,1,1,1,1,1,1,1,1,0,0,0,0,0,0,0,0,0,0,0,0,0,0,0,0,0,0,0,0,0,0,0,0,0,0,0,0,0,0,0,0,32.0,0,Unicorn_Absent,-1,-1.0,4,Unicorn_Absent,1024,32.0,32,1.0,32,0.0,0.5,TOP,32.0,1.0,0.0,0.0,TOP
0,4265376959,36,42653,Absent,32,1,1,1,1,1,1,1,1,1,1,1,1,1,1,1,1,1,1,1,1,1,1,1,1,1,1,1,1,1,1,1,1,0,0,0,0,0,0,0,0,0,0,0,0,0,0,0,0,0,0,0,0,0,0,0,0,0,0,0,0,0,0,0,0,32.0,0,Unicorn_Absent,-1,-1.0,4,Unicorn_Absent,1056,32.0,32,1.0,32,0.0,0.5,TOP,32.0,1.0,0.0,0.0,TOP
0,4265376959,37,42653,Absent,32,1,1,1,1,1,1,1,1,1,1,1,1,1,1,1,1,1,1,1,1,1,1,1,1,1,1,1,1,1,1,1,1,0,0,0,0,0,0,0,0,0,0,0,0,0,0,0,0,0,0,0,0,0,0,0,0,0,0,0,0,0,0,0,0,32.0,0,Unicorn_Absent,-1,-1.0,4,Unicorn_Absent,1088,32.0,32,1.0,32,0.0,0.5,TOP,32.0,0.0,0.0,0.0,NOTHING
0,4265376959,42,42653,Absent,32,0,0,0,0,0,0,0,0,0,0,0,0,0,0,0,0,0,0,0,0,0,0,0,0,0,0,0,0,0,0,0,0,1,1,1,1,1,1,1,1,1,1,1,1,1,1,1,1,1,1,1,1,1,1,1,1,1,1,1,1,1,1,1,1,0.0,32,Unicorn_Absent,-1,-1.0,3,Unicorn_Absent,1116,14.0,32,0.0,64,0.0,0.5,BOTTOM,32.0,0.36,0.0,1.0,IN
0,4265376959,43,42653,Absent,36,0,0,0,0,0,0,0,0,0,1,1,1,1,1,1,0,0,1,1,1,1,1,1,0,0,1,1,1,1,1,1,0,0,1,1,1,1,1,1,0,0,1,1,1,1,1,1,0,0,1,1,1,1,1,1,0,0,0,0,0,0,0,0,0,14.0,18,Unicorn_Absent,-1,-1.0,7,Unicorn_Absent,1130,14.0,36,0.36,50,0.14,0.5,IN,0.0,1.0,32.0,0.0,IN
0,4265376959,44,42653,Absent,36,0,0,0,0,0,0,0,0,0,1,1,1,1,1,1,0,0,1,1,1,1,1,1,0,0,1,1,1,1,1,1,0,0,1,1,1,1,1,1,0,0,1,1,1,1,1,1,0,0,1,1,1,1,1,1,0,0,0,0,0,0,0,0,0,14.0,18,Unicorn_Absent,-1,-1.0,7,Unicorn_Absent,1144,14.0,36,1.0,50,0.0,0.5,IN,14.0,1.0,18.0,0.14,IN
0,4265376959,49,42653,Absent,36,0,0,0,0,0,0,0,0,0,1,1,1,1,1,1,0,0,1,1,1,1,1,1,0,0,1,1,1,1,1,1,0,0,1,1,1,1,1,1,0,0,1,1,1,1,1,1,0,0,1,1,1,1,1,1,0,0,0,0,0,0,0,0,0,32.0,0,Unicorn_Absent,-1,-1.0,7,Unicorn_Absent,1154,32.0,36,1.0,36,1.0,0.5625,IN,14.0,1.0,18.0,0.0,IN
0,4265376959,50,42653,Absent,36,0,0,0,0,0,0,0,0,0,1,1,1,1,1,1,0,0,1,1,1,1,1,1,0,0,1,1,1,1,1,1,0,0,1,1,1,1,1,1,0,0,1,1,1,1,1,1,0,0,1,1,1,1,1,1,0,0,0,0,0,0,0,0,0,32.0,0,Unicorn_Absent,-1,-1.0,7,Unicorn_Absent,1186,32.0,36,1.0,36,0.0,0.5625,IN,32.0,1.0,0.0,1.0,IN
0,4265376959,51,42653,Absent,36,0,0,0,0,0,0,0,0,0,1,1,1,1,1,1,0,0,1,1,1,1,1,1,0,0,1,1,1,1,1,1,0,0,1,1,1,1,1,1,0,0,1,1,1,1,1,1,0,0,1,1,1,1,1,1,0,0,0,0,0,0,0,0,0,32.0,0,Unicorn_Absent,-1,-1.0,7,Unicorn_Absent,1218,32.0,36,1.0,36,0.0,0.5625,IN,32.0,1.0,0.0,0.0,IN
0,4265376959,52,42653,Absent,36,0,0,0,0,0,0,0,0,0,1,1,1,1,1,1,0,0,1,1,1,1,1,1,0,0,1,1,1,1,1,1,0,0,1,1,1,1,1,1,0,0,1,1,1,1,1,1,0,0,1,1,1,1,1,1,0,0,0,0,0,0,0,0,0,32.0,0,Unicorn_Absent,-1,-1.0,7,Unicorn_Absent,1250,32.0,36,1.0,36,0.0,0.5625,IN,32.0,1.0,0.0,0.0,IN
0,4265376959,53,42653,Absent,36,0,0,0,0,0,0,0,0,0,1,1,1,1,1,1,0,0,1,1,1,1,1,1,0,0,1,1,1,1,1,1,0,0,1,1,1,1,1,1,0,0,1,1,1,1,1,1,0,0,1,1,1,1,1,1,0,0,0,0,0,0,0,0,0,32.0,0,Unicorn_Absent,-1,-1.0,7,Unicorn_Absent,1282,32.0,36,1.0,36,0.0,0.5625,IN,32.0,1.0,0.0,0.0,IN
0,4265376959,54,42653,Absent,36,0,0,0,0,0,0,0,0,0,1,1,1,1,1,1,0,0,1,1,1,1,1,1,0,0,1,1,1,1,1,1,0,0,1,1,1,1,1,1,0,0,1,1,1,1,1,1,0,0,1,1,1,1,1,1,0,0,0,0,0,0,0,0,0,32.0,0,Unicorn_Absent,-1,-1.0,7,Unicorn_Absent,1314,32.0,36,1.0,36,0.0,0.5625,IN,32.0,1.0,0.0,0.0,IN
0,4265376959,58,42653,Absent,32,0,0,0,0,0,0,0,0,0,0,0,0,0,0,0,0,0,0,0,0,0,0,0,0,0,0,0,0,0,0,0,0,1,1,1,1,1,1,1,1,1,1,1,1,1,1,1,1,1,1,1,1,1,1,1,1,1,1,1,1,1,1,1,1,0.0,32,Unicorn_Absent,-1,-1.0,3,Unicorn_Absent,1314,0.0,32,0.36,64,0.36,0.5,BOTTOM,32.0,0.0,0.0,0.0,TOP
0,4265376959,59,42653,Absent,32,1,1,1,1,1,1,1,1,1,1,1,1,1,1,1,1,1,1,1,1,1,1,1,1,1,1,1,1,1,1,1,1,0,0,0,0,0,0,0,0,0,0,0,0,0,0,0,0,0,0,0,0,0,0,0,0,0,0,0,0,0,0,0,0,0.0,32,Unicorn_Absent,-1,-1.0,4,Unicorn_Absent,1314,32.0,32,0.0,32,0.5,0.0,TOP,0.0,0.0,32.0,0.36,NOTHING
0,4265376959,5,769596,Absent,32,1,1,1,1,0,0,0,0,1,1,1,1,0,0,0,0,1,1,1,1,0,0,0,0,1,1,1,1,0,0,0,0,1,1,1,1,0,0,0,0,1,1,1,1,0,0,0,0,1,1,1,1,0,0,0,0,1,1,1,1,0,0,0,0,32.0,0,Unicorn_Absent,-1,-1.0,5,Unicorn_Absent,96,32.0,32,0.5,64,0.5,1.0,LEFT,0.0,1.0,32.0,0.5046542553191489,LEFT
0,4265376959,6,769596,Absent,32,1,1,1,1,0,0,0,0,1,1,1,1,0,0,0,0,1,1,1,1,0,0,0,0,1,1,1,1,0,0,0,0,1,1,1,1,0,0,0,0,1,1,1,1,0,0,0,0,1,1,1,1,0,0,0,0,1,1,1,1,0,0,0,0,32.0,0,Unicorn_Absent,-1,-1.0,5,Unicorn_Absent,128,32.0,32,1.0,64,0.0,1.0,LEFT,32.0,1.0,0.0,0.5,LEFT
0,4265376959,7,769596,Absent,32,1,1,1,1,0,0,0,0,1,1,1,1,0,0,0,0,1,1,1,1,0,0,0,0,1,1,1,1,0,0,0,0,1,1,1,1,0,0,0,0,1,1,1,1,0,0,0,0,1,1,1,1,0,0,0,0,1,1,1,1,0,0,0,0,32.0,0,Unicorn_Absent,-1,-1.0,5,Unicorn_Absent,160,32.0,32,1.0,64,0.0,1.0,LEFT,32.0,1.0,0.0,0.0,LEFT
0,4265376959,10,769596,Absent,32,1,1,1,1,0,0,0,0,1,1,1,1,0,0,0,0,1,1,1,1,0,0,0,0,1,1,1,1,0,0,0,0,1,1,1,1,0,0,0,0,1,1,1,1,0,0,0,0,1,1,1,1,0,0,0,0,1,1,1,1,0,0,0,0,32.0,0,Unicorn_Absent,-1,-1.0,5,Unicorn_Absent,256,32.0,32,1.0,64,0.0,1.0,LEFT,32.0,1.0,0.0,0.0,LEFT
0,4265376959,11,769596,Absent,32,1,1,1,1,0,0,0,0,1,1,1,1,0,0,0,0,1,1,1,1,0,0,0,0,1,1,1,1,0,0,0,0,1,1,1,1,0,0,0,0,1,1,1,1,0,0,0,0,1,1,1,1,0,0,0,0,1,1,1,1,0,0,0,0,32.0,0,Unicorn_Absent,-1,-1.0,5,Unicorn_Absent,288,32.0,32,1.0,64,0.0,1.0,LEFT,32.0,1.0,0.0,0.0,LEFT
0,4265376959,14,769596,Absent,32,1,1,1,1,0,0,0,0,1,1,1,1,0,0,0,0,1,1,1,1,0,0,0,0,1,1,1,1,0,0,0,0,1,1,1,1,0,0,0,0,1,1,1,1,0,0,0,0,1,1,1,1,0,0,0,0,1,1,1,1,0,0,0,0,32.0,0,Unicorn_Absent,-1,-1.0,5,Unicorn_Absent,384,32.0,32,1.0,64,0.0,1.0,LEFT,32.0,1.0,0.0,0.0,LEFT
0,4265376959,24,769596,Absent,32,1,1,1,1,0,0,0,0,1,1,1,1,0,0,0,0,1,1,1,1,0,0,0,0,1,1,1,1,0,0,0,0,1,1,1,1,0,0,0,0,1,1,1,1,0,0,0,0,1,1,1,1,0,0,0,0,1,1,1,1,0,0,0,0,32.0,0,Unicorn_Absent,-1,-1.0,5,Unicorn_Absent,704,32.0,32,1.0,64,0.0,1.0,LEFT,32.0,1.0,0.0,0.0,LEFT
0,4265376959,25,769596,Absent,32,1,1,1,1,0,0,0,0,1,1,1,1,0,0,0,0,1,1,1,1,0,0,0,0,1,1,1,1,0,0,0,0,1,1,1,1,0,0,0,0,1,1,1,1,0,0,0,0,1,1,1,1,0,0,0,0,1,1,1,1,0,0,0,0,32.0,0,Unicorn_Absent,-1,-1.0,5,Unicorn_Absent,736,32.0,32,1.0,64,0.0,1.0,LEFT,32.0,1.0,0.0,0.0,LEFT
0,4265376959,29,769596,Absent,32,1,1,1,1,0,0,0,0,1,1,1,1,0,0,0,0,1,1,1,1,0,0,0,0,1,1,1,1,0,0,0,0,1,1,1,1,0,0,0,0,1,1,1,1,0,0,0,0,1,1,1,1,0,0,0,0,1,1,1,1,0,0,0,0,32.0,0,Unicorn_Absent,-1,-1.0,5,Unicorn_Absent,864,16.0,32,1.0,64,0.0,1.0,LEFT,32.0,1.0,0.0,0.0,LEFT
0,4265376959,30,769596,Absent,32,1,1,1,1,0,0,0,0,1,1,1,1,0,0,0,0,1,1,1,1,0,0,0,0,1,1,1,1,0,0,0,0,1,1,1,1,0,0,0,0,1,1,1,1,0,0,0,0,1,1,1,1,0,0,0,0,1,1,1,1,0,0,0,0,16.0,16,Unicorn_Absent,-1,-1.0,5,Unicorn_Absent,880,16.0,32,1.0,48,0.6666666666666667,0.5,LEFT,32.0,1.0,0.0,0.0,LEFT
0,4265376959,31,769596,Absent,32,1,1,1,1,0,0,0,0,1,1,1,1,0,0,0,0,1,1,1,1,0,0,0,0,1,1,1,1,0,0,0,0,1,1,1,1,0,0,0,0,1,1,1,1,0,0,0,0,1,1,1,1,0,0,0,0,1,1,1,1,0,0,0,0,16.0,16,Unicorn_Absent,-1,-1.0,5,Unicorn_Absent,896,32.0,32,1.0,48,0.0,0.5,LEFT,16.0,0.0,16.0,0.6666666666666667,NOTHING
0,4265376959,32,769596,Absent,0,0,0,0,0,0,0,0,0,0,0,0,0,0,0,0,0,0,0,0,0,0,0,0,0,0,0,0,0,0,0,0,0,0,0,0,0,0,0,0,0,0,0,0,0,0,0,0,0,0,0,0,0,0,0,0,0,0,0,0,0,0,0,0,0,32.0,0,Unicorn_Absent,-1,-1.0,2,Unicorn_Absent,928,32.0,0,0.0,32,1.0,0.5,NOTHING,16.0,1.0,16.0,0.0,NOTHING
0,4265376959,35,769596,Absent,0,0,0,0,0,0,0,0,0,0,0,0,0,0,0,0,0,0,0,0,0,0,0,0,0,0,0,0,0,0,0,0,0,0,0,0,0,0,0,0,0,0,0,0,0,0,0,0,0,0,0,0,0,0,0,0,0,0,0,0,0,0,0,0,0,32.0,0,Unicorn_Absent,-1,-1.0,2,Unicorn_Absent,1024,32.0,0,1.0,32,0.0,0.5,NOTHING,32.0,1.0,0.0,0.0,NOTHING
0,4265376959,36,769596,Absent,0,0,0,0,0,0,0,0,0,0,0,0,0,0,0,0,0,0,0,0,0,0,0,0,0,0,0,0,0,0,0,0,0,0,0,0,0,0,0,0,0,0,0,0,0,0,0,0,0,0,0,0,0,0,0,0,0,0,0,0,0,0,0,0,0,32.0,0,Unicorn_Absent,-1,-1.0,2,Unicorn_Absent,1056,32.0,0,1.0,32,0.0,0.5,NOTHING,32.0,1.0,0.0,0.0,NOTHING
0,4265376959,37,769596,Absent,0,0,0,0,0,0,0,0,0,0,0,0,0,0,0,0,0,0,0,0,0,0,0,0,0,0,0,0,0,0,0,0,0,0,0,0,0,0,0,0,0,0,0,0,0,0,0,0,0,0,0,0,0,0,0,0,0,0,0,0,0,0,0,0,0,32.0,0,Unicorn_Absent,-1,-1.0,2,Unicorn_Absent,1088,32.0,0,1.0,32,0.0,0.5,NOTHING,32.0,1.0,0.0,0.0,NOTHING
0,4265376959,42,769596,Absent,64,1,1,1,1,1,1,1,1,1,1,1,1,1,1,1,1,1,1,1,1,1,1,1,1,1,1,1,1,1,1,1,1,1,1,1,1,1,1,1,1,1,1,1,1,1,1,1,1,1,1,1,1,1,1,1,1,1,1,1,1,1,1,1,1,0.0,32,Unicorn_Absent,-1,-1.0,1,Unicorn_Absent,1116,14.0,64,0.0,64,0.0,0.5,ALL,32.0,0.5,0.0,1.0,LEFT
0,4265376959,43,769596,Absent,32,1,1,1,1,0,0,0,0,1,1,1,1,0,0,0,0,1,1,1,1,0,0,0,0,1,1,1,1,0,0,0,0,1,1,1,1,0,0,0,0,1,1,1,1,0,0,0,0,1,1,1,1,0,0,0,0,1,1,1,1,0,0,0,0,14.0,18,Unicorn_Absent,-1,-1.0,5,Unicorn_Absent,1130,14.0,32,0.5,50,0.14,0.5,LEFT,0.0,1.0,32.0,0.0,LEFT
0,4265376959,44,769596,Absent,32,1,1,1,1,0,0,0,0,1,1,1,1,0,0,0,0,1,1,1,1,0,0,0,0,1,1,1,1,0,0,0,0,1,1,1,1,0,0,0,0,1,1,1,1,0,0,0,0,1,1,1,1,0,0,0,0,1,1,1,1,0,0,0,0,14.0,18,Unicorn_Absent,-1,-1.0,5,Unicorn_Absent,1144,14.0,32,1.0,50,0.0,0.5,LEFT,14.0,1.0,18.0,0.14,LEFT
0,4265376959,49,769596,Absent,0,0,0,0,0,0,0,0,0,0,0,0,0,0,0,0,0,0,0,0,0,0,0,0,0,0,0,0,0,0,0,0,0,0,0,0,0,0,0,0,0,0,0,0,0,0,0,0,0,0,0,0,0,0,0,0,0,0,0,0,0,0,0,0,0,32.0,0,Unicorn_Absent,-1,-1.0,2,Unicorn_Absent,1154,32.0,0,0.0,36,1.0,0.5625,NOTHING,14.0,1.0,18.0,0.0,NOTHING
0,4265376959,50,769596,Absent,0,0,0,0,0,0,0,0,0,0,0,0,0,0,0,0,0,0,0,0,0,0,0,0,0,0,0,0,0,0,0,0,0,0,0,0,0,0,0,0,0,0,0,0,0,0,0,0,0,0,0,0,0,0,0,0,0,0,0,0,0,0,0,0,0,32.0,0,Unicorn_Absent,-1,-1.0,2,Unicorn_Absent,1186,32.0,0,1.0,36,0.0,0.5625,NOTHING,32.0,1.0,0.0,1.0,NOTHING
0,4265376959,51,769596,Absent,0,0,0,0,0,0,0,0,0,0,0,0,0,0,0,0,0,0,0,0,0,0,0,0,0,0,0,0,0,0,0,0,0,0,0,0,0,0,0,0,0,0,0,0,0,0,0,0,0,0,0,0,0,0,0,0,0,0,0,0,0,0,0,0,0,32.0,0,Unicorn_Absent,-1,-1.0,2,Unicorn_Absent,1218,32.0,0,1.0,36,0.0,0.5625,NOTHING,32.0,1.0,0.0,0.0,NOTHING
0,4265376959,52,769596,Absent,0,0,0,0,0,0,0,0,0,0,0,0,0,0,0,0,0,0,0,0,0,0,0,0,0,0,0,0,0,0,0,0,0,0,0,0,0,0,0,0,0,0,0,0,0,0,0,0,0,0,0,0,0,0,0,0,0,0,0,0,0,0,0,0,0,32.0,0,Unicorn_Absent,-1,-1.0,2,Unicorn_Absent,1250,32.0,0,1.0,36,0.0,0.5625,NOTHING,32.0,1.0,0.0,0.0,NOTHING
0,4265376959,53,769596,Absent,0,0,0,0,0,0,0,0,0,0,0,0,0,0,0,0,0,0,0,0,0,0,0,0,0,0,0,0,0,0,0,0,0,0,0,0,0,0,0,0,0,0,0,0,0,0,0,0,0,0,0,0,0,0,0,0,0,0,0,0,0,0,0,0,0,32.0,0,Unicorn_Absent,-1,-1.0,2,Unicorn_Absent,1282,32.0,0,1.0,36,0.0,0.5625,NOTHING,32.0,1.0,0.0,0.0,NOTHING
0,4265376959,54,769596,Absent,0,0,0,0,0,0,0,0,0,0,0,0,0,0,0,0,0,0,0,0,0,0,0,0,0,0,0,0,0,0,0,0,0,0,0,0,0,0,0,0,0,0,0,0,0,0,0,0,0,0,0,0,0,0,0,0,0,0,0,0,0,0,0,0,0,32.0,0,Unicorn_Absent,-1,-1.0,2,Unicorn_Absent,1314,32.0,0,1.0,36,0.0,0.5625,NOTHING,32.0,1.0,0.0,0.0,NOTHING
0,4265376959,58,769596,Absent,64,1,1,1,1,1,1,1,1,1,1,1,1,1,1,1,1,1,1,1,1,1,1,1,1,1,1,1,1,1,1,1,1,1,1,1,1,1,1,1,1,1,1,1,1,1,1,1,1,1,1,1,1,1,1,1,1,1,1,1,1,1,1,1,1,0.0,32,Unicorn_Absent,-1,-1.0,1,Unicorn_Absent,1314,0.0,64,0.0,64,0.36,0.5,ALL,32.0,0.5,0.0,0.0,TOP
0,4265376959,59,769596,Absent,32,1,1,1,1,1,1,1,1,1,1,1,1,1,1,1,1,1,1,1,1,1,1,1,1,1,1,1,1,1,1,1,1,0,0,0,0,0,0,0,0,0,0,0,0,0,0,0,0,0,0,0,0,0,0,0,0,0,0,0,0,0,0,0,0,0.0,32,Unicorn_Absent,-1,-1.0,4,Unicorn_Absent,1314,32.0,32,0.5,32,0.5,0.0,TOP,0.0,0.5,32.0,0.36,ALL
0,4304394683,10,94683,Absent,36,0,0,0,0,0,0,0,0,0,1,1,1,1,1,1,0,0,1,1,1,1,1,1,0,0,1,1,1,1,1,1,0,0,1,1,1,1,1,1,0,0,1,1,1,1,1,1,0,0,1,1,1,1,1,1,0,0,0,0,0,0,0,0,0,14.0,18,Unicorn_Absent,-1,-1.0,7,Unicorn_Absent,1,32.0,36,1.0,50,0.0,0.5,IN,14.0,0.0,18.0,0.0,NOTHING
0,4304394683,11,94683,Absent,0,0,0,0,0,0,0,0,0,0,0,0,0,0,0,0,0,0,0,0,0,0,0,0,0,0,0,0,0,0,0,0,0,0,0,0,0,0,0,0,0,0,0,0,0,0,0,0,0,0,0,0,0,0,0,0,0,0,0,0,0,0,0,0,0,32.0,0,Unicorn_Absent,-1,-1.0,2,Unicorn_Absent,33,32.0,0,0.0,32,1.0,0.5,NOTHING,14.0,1.0,18.0,0.0,NOTHING
0,4304394683,12,94683,Absent,0,0,0,0,0,0,0,0,0,0,0,0,0,0,0,0,0,0,0,0,0,0,0,0,0,0,0,0,0,0,0,0,0,0,0,0,0,0,0,0,0,0,0,0,0,0,0,0,0,0,0,0,0,0,0,0,0,0,0,0,0,0,0,0,0,32.0,0,Unicorn_Absent,-1,-1.0,2,Unicorn_Absent,65,32.0,0,1.0,32,0.0,0.5,NOTHING,32.0,1.0,0.0,1.0,NOTHING
0,4304394683,16,94683,Absent,0,0,0,0,0,0,0,0,0,0,0,0,0,0,0,0,0,0,0,0,0,0,0,0,0,0,0,0,0,0,0,0,0,0,0,0,0,0,0,0,0,0,0,0,0,0,0,0,0,0,0,0,0,0,0,0,0,0,0,0,0,0,0,0,0,32.0,0,Unicorn_Absent,-1,-1.0,2,Unicorn_Absent,193,32.0,0,1.0,32,0.0,0.5,NOTHING,32.0,1.0,0.0,0.0,NOTHING
0,4304394683,17,94683,Absent,0,0,0,0,0,0,0,0,0,0,0,0,0,0,0,0,0,0,0,0,0,0,0,0,0,0,0,0,0,0,0,0,0,0,0,0,0,0,0,0,0,0,0,0,0,0,0,0,0,0,0,0,0,0,0,0,0,0,0,0,0,0,0,0,0,32.0,0,Unicorn_Absent,-1,-1.0,2,Unicorn_Absent,225,32.0,0,1.0,32,0.0,0.5,NOTHING,32.0,1.0,0.0,0.0,NOTHING
0,4304394683,18,94683,Absent,0,0,0,0,0,0,0,0,0,0,0,0,0,0,0,0,0,0,0,0,0,0,0,0,0,0,0,0,0,0,0,0,0,0,0,0,0,0,0,0,0,0,0,0,0,0,0,0,0,0,0,0,0,0,0,0,0,0,0,0,0,0,0,0,0,32.0,0,Unicorn_Absent,-1,-1.0,2,Unicorn_Absent,257,32.0,0,1.0,32,0.0,0.5,NOTHING,32.0,1.0,0.0,0.0,NOTHING
0,4304394683,19,94683,Absent,0,0,0,0,0,0,0,0,0,0,0,0,0,0,0,0,0,0,0,0,0,0,0,0,0,0,0,0,0,0,0,0,0,0,0,0,0,0,0,0,0,0,0,0,0,0,0,0,0,0,0,0,0,0,0,0,0,0,0,0,0,0,0,0,0,32.0,0,Unicorn_Absent,-1,-1.0,2,Unicorn_Absent,289,32.0,0,1.0,32,0.0,0.5,NOTHING,32.0,1.0,0.0,0.0,NOTHING
0,4304394683,20,94683,Absent,0,0,0,0,0,0,0,0,0,0,0,0,0,0,0,0,0,0,0,0,0,0,0,0,0,0,0,0,0,0,0,0,0,0,0,0,0,0,0,0,0,0,0,0,0,0,0,0,0,0,0,0,0,0,0,0,0,0,0,0,0,0,0,0,0,32.0,0,Unicorn_Absent,-1,-1.0,2,Unicorn_Absent,321,32.0,0,1.0,32,0.0,0.5,NOTHING,32.0,1.0,0.0,0.0,NOTHING
0,4304394683,21,94683,Absent,0,0,0,0,0,0,0,0,0,0,0,0,0,0,0,0,0,0,0,0,0,0,0,0,0,0,0,0,0,0,0,0,0,0,0,0,0,0,0,0,0,0,0,0,0,0,0,0,0,0,0,0,0,0,0,0,0,0,0,0,0,0,0,0,0,32.0,0,Unicorn_Absent,-1,-1.0,2,Unicorn_Absent,353,32.0,0,1.0,32,0.0,0.5,NOTHING,32.0,1.0,0.0,0.0,NOTHING
0,4304394683,22,94683,Absent,0,0,0,0,0,0,0,0,0,0,0,0,0,0,0,0,0,0,0,0,0,0,0,0,0,0,0,0,0,0,0,0,0,0,0,0,0,0,0,0,0,0,0,0,0,0,0,0,0,0,0,0,0,0,0,0,0,0,0,0,0,0,0,0,0,32.0,0,Unicorn_Absent,-1,-1.0,2,Unicorn_Absent,385,32.0,0,1.0,32,0.0,0.5,NOTHING,32.0,1.0,0.0,0.0,NOTHING
0,4304394683,23,94683,Absent,0,0,0,0,0,0,0,0,0,0,0,0,0,0,0,0,0,0,0,0,0,0,0,0,0,0,0,0,0,0,0,0,0,0,0,0,0,0,0,0,0,0,0,0,0,0,0,0,0,0,0,0,0,0,0,0,0,0,0,0,0,0,0,0,0,32.0,0,Unicorn_Absent,-1,-1.0,2,Unicorn_Absent,417,32.0,0,1.0,32,0.0,0.5,NOTHING,32.0,1.0,0.0,0.0,NOTHING
0,4304394683,24,94683,Absent,0,0,0,0,0,0,0,0,0,0,0,0,0,0,0,0,0,0,0,0,0,0,0,0,0,0,0,0,0,0,0,0,0,0,0,0,0,0,0,0,0,0,0,0,0,0,0,0,0,0,0,0,0,0,0,0,0,0,0,0,0,0,0,0,0,32.0,0,Unicorn_Absent,-1,-1.0,2,Unicorn_Absent,449,32.0,0,1.0,32,0.0,0.5,NOTHING,32.0,1.0,0.0,0.0,NOTHING
0,4304394683,31,94683,Absent,36,0,0,0,0,0,0,0,0,0,1,1,1,1,1,1,0,0,1,1,1,1,1,1,0,0,1,1,1,1,1,1,0,0,1,1,1,1,1,1,0,0,1,1,1,1,1,1,0,0,1,1,1,1,1,1,0,0,0,0,0,0,0,0,0,32.0,0,Unicorn_Absent,-1,-1.0,7,Unicorn_Absent,577,32.0,36,0.0,64,0.30434782608695654,1.0,IN,32.0,1.0,0.0,0.0,IN
0,4304394683,37,94683,Absent,36,0,0,0,0,0,0,0,0,0,1,1,1,1,1,1,0,0,1,1,1,1,1,1,0,0,1,1,1,1,1,1,0,0,1,1,1,1,1,1,0,0,1,1,1,1,1,1,0,0,1,1,1,1,1,1,0,0,0,0,0,0,0,0,0,32.0,0,Unicorn_Absent,-1,-1.0,7,Unicorn_Absent,769,32.0,36,1.0,64,0.0,1.0,IN,32.0,1.0,0.0,0.0,IN
0,4304394683,38,94683,Absent,36,0,0,0,0,0,0,0,0,0,1,1,1,1,1,1,0,0,1,1,1,1,1,1,0,0,1,1,1,1,1,1,0,0,1,1,1,1,1,1,0,0,1,1,1,1,1,1,0,0,1,1,1,1,1,1,0,0,0,0,0,0,0,0,0,32.0,0,Unicorn_Absent,-1,-1.0,7,Unicorn_Absent,801,32.0,36,1.0,64,0.0,1.0,IN,32.0,1.0,0.0,0.0,IN
0,4304394683,45,94683,Absent,32,0,0,0,0,1,1,1,1,0,0,0,0,1,1,1,1,0,0,0,0,1,1,1,1,0,0,0,0,1,1,1,1,0,0,0,0,1,1,1,1,0,0,0,0,1,1,1,1,0,0,0,0,1,1,1,1,0,0,0,0,1,1,1,1,0.0,32,Unicorn_Absent,-1,-1.0,6,Unicorn_Absent,757,32.0,32,0.36,32,0.055652173913043446,0.0,RIGHT,32.0,0.3333333333333333,0.0,0.0,TOP
0,4304394683,48,94683,Absent,64,1,1,1,1,1,1,1,1,1,1,1,1,1,1,1,1,1,1,1,1,1,1,1,1,1,1,1,1,1,1,1,1,1,1,1,1,1,1,1,1,1,1,1,1,1,1,1,1,1,1,1,1,1,1,1,1,1,1,1,1,1,1,1,1,-2.0,34,Unicorn_Absent,-1,-1.0,1,Unicorn_Absent,723,18.0,64,0.5,64,0.5,0.46875,ALL,32.0,0.5,0.0,0.3333333333333333,TOP
0,4304394683,54,94683,Absent,62,1,1,0,1,1,1,1,1,1,1,1,1,1,1,1,1,1,1,1,1,1,1,1,1,1,1,0,1,1,1,1,1,1,1,1,1,1,1,1,1,1,1,1,1,1,1,1,1,1,1,1,1,1,1,1,1,1,1,1,1,1,1,1,1,-3.0,35,Unicorn_Absent,-1,-1.0,0,Unicorn_Absent,756,32.0,62,0.0,63,0.05128205128205128,0.4375,RS,32.0,0.5161290322580645,0.0,0.1,RIGHT
0,4304394683,10,430439,Absent,32,0,0,0,0,0,0,0,0,0,0,0,0,0,0,0,0,0,0,0,0,0,0,0,0,0,0,0,0,0,0,0,0,1,1,1,1,1,1,1,1,1,1,1,1,1,1,1,1,1,1,1,1,1,1,1,1,1,1,1,1,1,1,1,1,14.0,18,Unicorn_Absent,-1,-1.0,3,Unicorn_Absent,1,32.0,32,1.0,50,0.0,0.5,BOTTOM,14.0,1.0,18.0,0.0,BOTTOM
0,4304394683,11,430439,Absent,32,0,0,0,0,0,0,0,0,0,0,0,0,0,0,0,0,0,0,0,0,0,0,0,0,0,0,0,0,0,0,0,0,1,1,1,1,1,1,1,1,1,1,1,1,1,1,1,1,1,1,1,1,1,1,1,1,1,1,1,1,1,1,1,1,32.0,0,Unicorn_Absent,-1,-1.0,3,Unicorn_Absent,33,32.0,32,1.0,32,1.0,0.5,BOTTOM,14.0,1.0,18.0,0.0,BOTTOM
0,4304394683,12,430439,Absent,32,0,0,0,0,0,0,0,0,0,0,0,0,0,0,0,0,0,0,0,0,0,0,0,0,0,0,0,0,0,0,0,0,1,1,1,1,1,1,1,1,1,1,1,1,1,1,1,1,1,1,1,1,1,1,1,1,1,1,1,1,1,1,1,1,32.0,0,Unicorn_Absent,-1,-1.0,3,Unicorn_Absent,65,32.0,32,1.0,32,0.0,0.5,BOTTOM,32.0,1.0,0.0,1.0,BOTTOM
0,4304394683,16,430439,Absent,32,0,0,0,0,0,0,0,0,0,0,0,0,0,0,0,0,0,0,0,0,0,0,0,0,0,0,0,0,0,0,0,0,1,1,1,1,1,1,1,1,1,1,1,1,1,1,1,1,1,1,1,1,1,1,1,1,1,1,1,1,1,1,1,1,32.0,0,Unicorn_Absent,-1,-1.0,3,Unicorn_Absent,193,32.0,32,1.0,32,0.0,0.5,BOTTOM,32.0,1.0,0.0,0.0,BOTTOM
0,4304394683,17,430439,Absent,32,0,0,0,0,0,0,0,0,0,0,0,0,0,0,0,0,0,0,0,0,0,0,0,0,0,0,0,0,0,0,0,0,1,1,1,1,1,1,1,1,1,1,1,1,1,1,1,1,1,1,1,1,1,1,1,1,1,1,1,1,1,1,1,1,32.0,0,Unicorn_Absent,-1,-1.0,3,Unicorn_Absent,225,32.0,32,1.0,32,0.0,0.5,BOTTOM,32.0,1.0,0.0,0.0,BOTTOM
0,4304394683,18,430439,Absent,32,0,0,0,0,0,0,0,0,0,0,0,0,0,0,0,0,0,0,0,0,0,0,0,0,0,0,0,0,0,0,0,0,1,1,1,1,1,1,1,1,1,1,1,1,1,1,1,1,1,1,1,1,1,1,1,1,1,1,1,1,1,1,1,1,32.0,0,Unicorn_Absent,-1,-1.0,3,Unicorn_Absent,257,32.0,32,1.0,32,0.0,0.5,BOTTOM,32.0,1.0,0.0,0.0,BOTTOM
0,4304394683,19,430439,Absent,32,0,0,0,0,0,0,0,0,0,0,0,0,0,0,0,0,0,0,0,0,0,0,0,0,0,0,0,0,0,0,0,0,1,1,1,1,1,1,1,1,1,1,1,1,1,1,1,1,1,1,1,1,1,1,1,1,1,1,1,1,1,1,1,1,32.0,0,Unicorn_Absent,-1,-1.0,3,Unicorn_Absent,289,32.0,32,1.0,32,0.0,0.5,BOTTOM,32.0,1.0,0.0,0.0,BOTTOM
0,4304394683,20,430439,Absent,32,0,0,0,0,0,0,0,0,0,0,0,0,0,0,0,0,0,0,0,0,0,0,0,0,0,0,0,0,0,0,0,0,1,1,1,1,1,1,1,1,1,1,1,1,1,1,1,1,1,1,1,1,1,1,1,1,1,1,1,1,1,1,1,1,32.0,0,Unicorn_Absent,-1,-1.0,3,Unicorn_Absent,321,32.0,32,1.0,32,0.0,0.5,BOTTOM,32.0,1.0,0.0,0.0,BOTTOM
0,4304394683,21,430439,Absent,32,0,0,0,0,0,0,0,0,0,0,0,0,0,0,0,0,0,0,0,0,0,0,0,0,0,0,0,0,0,0,0,0,1,1,1,1,1,1,1,1,1,1,1,1,1,1,1,1,1,1,1,1,1,1,1,1,1,1,1,1,1,1,1,1,32.0,0,Unicorn_Absent,-1,-1.0,3,Unicorn_Absent,353,32.0,32,1.0,32,0.0,0.5,BOTTOM,32.0,1.0,0.0,0.0,BOTTOM
0,4304394683,22,430439,Absent,32,0,0,0,0,0,0,0,0,0,0,0,0,0,0,0,0,0,0,0,0,0,0,0,0,0,0,0,0,0,0,0,0,1,1,1,1,1,1,1,1,1,1,1,1,1,1,1,1,1,1,1,1,1,1,1,1,1,1,1,1,1,1,1,1,32.0,0,Unicorn_Absent,-1,-1.0,3,Unicorn_Absent,385,32.0,32,1.0,32,0.0,0.5,BOTTOM,32.0,1.0,0.0,0.0,BOTTOM
0,4304394683,23,430439,Absent,32,0,0,0,0,0,0,0,0,0,0,0,0,0,0,0,0,0,0,0,0,0,0,0,0,0,0,0,0,0,0,0,0,1,1,1,1,1,1,1,1,1,1,1,1,1,1,1,1,1,1,1,1,1,1,1,1,1,1,1,1,1,1,1,1,32.0,0,Unicorn_Absent,-1,-1.0,3,Unicorn_Absent,417,32.0,32,1.0,32,0.0,0.5,BOTTOM,32.0,1.0,0.0,0.0,BOTTOM
0,4304394683,24,430439,Absent,32,0,0,0,0,0,0,0,0,0,0,0,0,0,0,0,0,0,0,0,0,0,0,0,0,0,0,0,0,0,0,0,0,1,1,1,1,1,1,1,1,1,1,1,1,1,1,1,1,1,1,1,1,1,1,1,1,1,1,1,1,1,1,1,1,32.0,0,Unicorn_Absent,-1,-1.0,3,Unicorn_Absent,449,32.0,32,1.0,32,0.0,0.5,BOTTOM,32.0,1.0,0.0,0.0,BOTTOM
0,4304394683,31,430439,Absent,28,1,1,1,1,1,1,1,1,1,0,0,0,0,0,0,1,1,0,0,0,0,0,0,1,1,0,0,0,0,0,0,1,1,0,0,0,0,0,0,1,1,0,0,0,0,0,0,1,1,0,0,0,0,0,0,1,1,1,1,1,1,1,1,1,32.0,0,Unicorn_Absent,-1,-1.0,8,Unicorn_Absent,577,32.0,28,0.30434782608695654,64,0.30434782608695654,1.0,OUT,32.0,1.0,0.0,0.0,OUT
0,4304394683,37,430439,Absent,28,1,1,1,1,1,1,1,1,1,0,0,0,0,0,0,1,1,0,0,0,0,0,0,1,1,0,0,0,0,0,0,1,1,0,0,0,0,0,0,1,1,0,0,0,0,0,0,1,1,0,0,0,0,0,0,1,1,1,1,1,1,1,1,1,32.0,0,Unicorn_Absent,-1,-1.0,8,Unicorn_Absent,769,32.0,28,1.0,64,0.0,1.0,OUT,32.0,1.0,0.0,0.0,OUT
0,4304394683,38,430439,Absent,28,1,1,1,1,1,1,1,1,1,0,0,0,0,0,0,1,1,0,0,0,0,0,0,1,1,0,0,0,0,0,0,1,1,0,0,0,0,0,0,1,1,0,0,0,0,0,0,1,1,0,0,0,0,0,0,1,1,1,1,1,1,1,1,1,32.0,0,Unicorn_Absent,-1,-1.0,8,Unicorn_Absent,801,32.0,28,1.0,64,0.0,1.0,OUT,32.0,1.0,0.0,0.0,OUT
0,4304394683,45,430439,Absent,32,0,0,0,0,1,1,1,1,0,0,0,0,1,1,1,1,0,0,0,0,1,1,1,1,0,0,0,0,1,1,1,1,0,0,0,0,1,1,1,1,0,0,0,0,1,1,1,1,0,0,0,0,1,1,1,1,0,0,0,0,1,1,1,1,0.0,32,Unicorn_Absent,-1,-1.0,6,Unicorn_Absent,757,32.0,32,0.30434782608695654,32,0.055652173913043446,0.0,RIGHT,32.0,0.0,0.0,0.0,NOTHING
0,4304394683,48,430439,Absent,34,1,0,1,1,1,0,0,1,1,1,1,1,0,1,0,1,0,0,1,1,0,1,1,0,1,1,1,1,0,1,1,0,1,1,0,0,0,0,1,0,0,0,0,0,0,1,0,0,1,0,0,1,1,1,0,0,1,1,0,1,0,0,1,1,-2.0,34,Unicorn_Absent,-1,-1.0,0,Unicorn_Absent,723,18.0,34,0.0,64,0.5,0.46875,RS,32.0,0.3191489361702128,0.0,0.3333333333333333,OUT
0,4304394683,54,430439,Absent,36,0,0,0,0,0,0,0,0,0,1,1,1,1,1,1,0,0,1,1,1,1,1,1,0,0,1,1,1,1,1,1,0,0,1,1,1,1,1,1,0,0,1,1,1,1,1,1,0,0,1,1,1,1,1,1,0,0,0,0,0,0,0,0,0,-3.0,35,Unicorn_Absent,-1,-1.0,7,Unicorn_Absent,756,32.0,36,0.05128205128205128,63,0.05128205128205128,0.4375,IN,32.0,0.36,0.0,0.1,LEFT
0,4572150838,2,50838,Absent,28,1,1,1,1,1,1,1,1,1,0,0,0,0,0,0,1,1,0,0,0,0,0,0,1,1,0,0,0,0,0,0,1,1,0,0,0,0,0,0,1,1,0,0,0,0,0,0,1,1,0,0,0,0,0,0,1,1,1,1,1,1,1,1,1,18.0,14,Unicorn_Absent,-1,-1.0,8,Unicorn_Absent,42,18.0,28,,46,,0.5,OUT,,1.0,,,OUT
0,4572150838,3,50838,Absent,28,1,1,1,1,1,1,1,1,1,0,0,0,0,0,0,1,1,0,0,0,0,0,0,1,1,0,0,0,0,0,0,1,1,0,0,0,0,0,0,1,1,0,0,0,0,0,0,1,1,0,0,0,0,0,0,1,1,1,1,1,1,1,1,1,18.0,14,Unicorn_Absent,-1,-1.0,8,Unicorn_Absent,60,18.0,28,1.0,46,0.0,0.5,OUT,18.0,1.0,14.0,,OUT
0,4572150838,4,50838,Absent,28,1,1,1,1,1,1,1,1,1,0,0,0,0,0,0,1,1,0,0,0,0,0,0,1,1,0,0,0,0,0,0,1,1,0,0,0,0,0,0,1,1,0,0,0,0,0,0,1,1,0,0,0,0,0,0,1,1,1,1,1,1,1,1,1,18.0,14,Unicorn_Absent,-1,-1.0,8,Unicorn_Absent,78,18.0,28,1.0,46,0.0,0.5,OUT,18.0,1.0,14.0,0.0,OUT
0,4572150838,5,50838,Absent,28,1,1,1,1,1,1,1,1,1,0,0,0,0,0,0,1,1,0,0,0,0,0,0,1,1,0,0,0,0,0,0,1,1,0,0,0,0,0,0,1,1,0,0,0,0,0,0,1,1,0,0,0,0,0,0,1,1,1,1,1,1,1,1,1,18.0,14,Unicorn_Absent,-1,-1.0,8,Unicorn_Absent,96,18.0,28,1.0,46,0.0,0.5,OUT,18.0,1.0,14.0,0.0,OUT
0,4572150838,9,50838,Absent,28,1,1,1,1,1,1,1,1,1,0,0,0,0,0,0,1,1,0,0,0,0,0,0,1,1,0,0,0,0,0,0,1,1,0,0,0,0,0,0,1,1,0,0,0,0,0,0,1,1,0,0,0,0,0,0,1,1,1,1,1,1,1,1,1,18.0,14,Unicorn_Absent,-1,-1.0,8,Unicorn_Absent,182,18.0,28,1.0,46,0.0,0.5,OUT,18.0,1.0,14.0,0.0,OUT
0,4572150838,15,50838,Absent,28,1,1,1,1,1,1,1,1,1,0,0,0,0,0,0,1,1,0,0,0,0,0,0,1,1,0,0,0,0,0,0,1,1,0,0,0,0,0,0,1,1,0,0,0,0,0,0,1,1,0,0,0,0,0,0,1,1,1,1,1,1,1,1,1,18.0,14,Unicorn_Absent,-1,-1.0,8,Unicorn_Absent,319,18.0,28,1.0,46,0.0,0.5,OUT,18.0,1.0,14.0,0.0,OUT
0,4572150838,20,50838,Absent,28,1,1,1,1,1,1,1,1,1,0,0,0,0,0,0,1,1,0,0,0,0,0,0,1,1,0,0,0,0,0,0,1,1,0,0,0,0,0,0,1,1,0,0,0,0,0,0,1,1,0,0,0,0,0,0,1,1,1,1,1,1,1,1,1,18.0,14,Unicorn_Absent,-1,-1.0,8,Unicorn_Absent,327,18.0,28,1.0,46,0.0,0.5,OUT,18.0,1.0,14.0,0.0,OUT
0,4572150838,21,50838,Absent,28,1,1,1,1,1,1,1,1,1,0,0,0,0,0,0,1,1,0,0,0,0,0,0,1,1,0,0,0,0,0,0,1,1,0,0,0,0,0,0,1,1,0,0,0,0,0,0,1,1,0,0,0,0,0,0,1,1,1,1,1,1,1,1,1,18.0,14,Unicorn_Absent,-1,-1.0,8,Unicorn_Absent,345,18.0,28,1.0,46,0.0,0.5,OUT,18.0,1.0,14.0,0.0,OUT
0,4572150838,31,50838,Absent,28,1,1,1,1,1,1,1,1,1,0,0,0,0,0,0,1,1,0,0,0,0,0,0,1,1,0,0,0,0,0,0,1,1,0,0,0,0,0,0,1,1,0,0,0,0,0,0,1,1,0,0,0,0,0,0,1,1,1,1,1,1,1,1,1,18.0,14,Unicorn_Absent,-1,-1.0,8,Unicorn_Absent,334,18.0,28,1.0,46,0.0,0.5,OUT,18.0,1.0,14.0,0.19565217391304346,OUT
0,4572150838,32,50838,Absent,28,1,1,1,1,1,1,1,1,1,0,0,0,0,0,0,1,1,0,0,0,0,0,0,1,1,0,0,0,0,0,0,1,1,0,0,0,0,0,0,1,1,0,0,0,0,0,0,1,1,0,0,0,0,0,0,1,1,1,1,1,1,1,1,1,18.0,14,Unicorn_Absent,-1,-1.0,8,Unicorn_Absent,352,18.0,28,1.0,46,0.0,0.5,OUT,18.0,1.0,14.0,0.0,OUT
0,4572150838,55,50838,Absent,32,0,0,0,0,1,1,1,1,0,0,0,0,1,1,1,1,0,0,0,0,1,1,1,1,0,0,0,0,1,1,1,1,0,0,0,0,1,1,1,1,0,0,0,0,1,1,1,1,0,0,0,0,1,1,1,1,0,0,0,0,1,1,1,1,16.0,16,Unicorn_Absent,-1,-1.0,6,Unicorn_Absent,672,16.0,32,0.30434782608695654,48,0.028985507246376774,0.5,RIGHT,18.0,1.0,14.0,0.0,RIGHT
0,4572150838,59,50838,Absent,28,1,1,1,1,1,1,1,1,1,0,0,0,0,0,0,1,1,0,0,0,0,0,0,1,1,0,0,0,0,0,0,1,1,0,0,0,0,0,0,1,1,0,0,0,0,0,0,1,1,0,0,0,0,0,0,1,1,1,1,1,1,1,1,1,18.0,14,Unicorn_Absent,-1,-1.0,8,Unicorn_Absent,648,32.0,28,0.30434782608695654,46,0.028985507246376774,0.5,OUT,16.0,0.30434782608695654,16.0,0.0,RIGHT
0,4572150838,2,457216,Absent,32,0,0,0,0,1,1,1,1,0,0,0,0,1,1,1,1,0,0,0,0,1,1,1,1,0,0,0,0,1,1,1,1,0,0,0,0,1,1,1,1,0,0,0,0,1,1,1,1,0,0,0,0,1,1,1,1,0,0,0,0,1,1,1,1,18.0,14,Unicorn_Absent,-1,-1.0,6,Unicorn_Absent,42,18.0,32,,46,,0.5,RIGHT,,1.0,,,RIGHT
0,4572150838,3,457216,Absent,32,0,0,0,0,1,1,1,1,0,0,0,0,1,1,1,1,0,0,0,0,1,1,1,1,0,0,0,0,1,1,1,1,0,0,0,0,1,1,1,1,0,0,0,0,1,1,1,1,0,0,0,0,1,1,1,1,0,0,0,0,1,1,1,1,18.0,14,Unicorn_Absent,-1,-1.0,6,Unicorn_Absent,60,18.0,32,1.0,46,0.0,0.5,RIGHT,18.0,1.0,14.0,,RIGHT
0,4572150838,4,457216,Absent,32,0,0,0,0,1,1,1,1,0,0,0,0,1,1,1,1,0,0,0,0,1,1,1,1,0,0,0,0,1,1,1,1,0,0,0,0,1,1,1,1,0,0,0,0,1,1,1,1,0,0,0,0,1,1,1,1,0,0,0,0,1,1,1,1,18.0,14,Unicorn_Absent,-1,-1.0,6,Unicorn_Absent,78,18.0,32,1.0,46,0.0,0.5,RIGHT,18.0,1.0,14.0,0.0,RIGHT
0,4572150838,5,457216,Absent,32,0,0,0,0,1,1,1,1,0,0,0,0,1,1,1,1,0,0,0,0,1,1,1,1,0,0,0,0,1,1,1,1,0,0,0,0,1,1,1,1,0,0,0,0,1,1,1,1,0,0,0,0,1,1,1,1,0,0,0,0,1,1,1,1,18.0,14,Unicorn_Absent,-1,-1.0,6,Unicorn_Absent,96,18.0,32,1.0,46,0.0,0.5,RIGHT,18.0,1.0,14.0,0.0,RIGHT
0,4572150838,9,457216,Absent,32,0,0,0,0,1,1,1,1,0,0,0,0,1,1,1,1,0,0,0,0,1,1,1,1,0,0,0,0,1,1,1,1,0,0,0,0,1,1,1,1,0,0,0,0,1,1,1,1,0,0,0,0,1,1,1,1,0,0,0,0,1,1,1,1,18.0,14,Unicorn_Absent,-1,-1.0,6,Unicorn_Absent,182,18.0,32,1.0,46,0.0,0.5,RIGHT,18.0,1.0,14.0,0.0,RIGHT
0,4572150838,15,457216,Absent,32,0,0,0,0,1,1,1,1,0,0,0,0,1,1,1,1,0,0,0,0,1,1,1,1,0,0,0,0,1,1,1,1,0,0,0,0,1,1,1,1,0,0,0,0,1,1,1,1,0,0,0,0,1,1,1,1,0,0,0,0,1,1,1,1,18.0,14,Unicorn_Absent,-1,-1.0,6,Unicorn_Absent,319,18.0,32,1.0,46,0.0,0.5,RIGHT,18.0,1.0,14.0,0.0,RIGHT
0,4572150838,20,457216,Absent,32,0,0,0,0,1,1,1,1,0,0,0,0,1,1,1,1,0,0,0,0,1,1,1,1,0,0,0,0,1,1,1,1,0,0,0,0,1,1,1,1,0,0,0,0,1,1,1,1,0,0,0,0,1,1,1,1,0,0,0,0,1,1,1,1,18.0,14,Unicorn_Absent,-1,-1.0,6,Unicorn_Absent,327,18.0,32,1.0,46,0.0,0.5,RIGHT,18.0,1.0,14.0,0.0,RIGHT
0,4572150838,21,457216,Absent,32,0,0,0,0,1,1,1,1,0,0,0,0,1,1,1,1,0,0,0,0,1,1,1,1,0,0,0,0,1,1,1,1,0,0,0,0,1,1,1,1,0,0,0,0,1,1,1,1,0,0,0,0,1,1,1,1,0,0,0,0,1,1,1,1,18.0,14,Unicorn_Absent,-1,-1.0,6,Unicorn_Absent,345,18.0,32,1.0,46,0.0,0.5,RIGHT,18.0,1.0,14.0,0.0,RIGHT
0,4572150838,31,457216,Absent,32,0,0,0,0,1,1,1,1,0,0,0,0,1,1,1,1,0,0,0,0,1,1,1,1,0,0,0,0,1,1,1,1,0,0,0,0,1,1,1,1,0,0,0,0,1,1,1,1,0,0,0,0,1,1,1,1,0,0,0,0,1,1,1,1,18.0,14,Unicorn_Absent,-1,-1.0,6,Unicorn_Absent,334,18.0,32,1.0,46,0.0,0.5,RIGHT,18.0,1.0,14.0,0.19565217391304346,RIGHT
0,4572150838,32,457216,Absent,32,0,0,0,0,1,1,1,1,0,0,0,0,1,1,1,1,0,0,0,0,1,1,1,1,0,0,0,0,1,1,1,1,0,0,0,0,1,1,1,1,0,0,0,0,1,1,1,1,0,0,0,0,1,1,1,1,0,0,0,0,1,1,1,1,18.0,14,Unicorn_Absent,-1,-1.0,6,Unicorn_Absent,352,18.0,32,1.0,46,0.0,0.5,RIGHT,18.0,1.0,14.0,0.0,RIGHT
0,4572150838,55,457216,Absent,32,1,1,1,1,1,1,1,1,1,1,1,1,1,1,1,1,1,1,1,1,1,1,1,1,1,1,1,1,1,1,1,1,0,0,0,0,0,0,0,0,0,0,0,0,0,0,0,0,0,0,0,0,0,0,0,0,0,0,0,0,0,0,0,0,16.0,16,Unicorn_Absent,-1,-1.0,4,Unicorn_Absent,672,16.0,32,0.3333333333333333,48,0.028985507246376774,0.5,TOP,18.0,1.0,14.0,0.0,TOP
0,4572150838,59,457216,Absent,32,1,1,1,1,0,0,0,0,1,1,1,1,0,0,0,0,1,1,1,1,0,0,0,0,1,1,1,1,0,0,0,0,1,1,1,1,0,0,0,0,1,1,1,1,0,0,0,0,1,1,1,1,0,0,0,0,1,1,1,1,0,0,0,0,18.0,14,Unicorn_Absent,-1,-1.0,5,Unicorn_Absent,648,32.0,32,0.3333333333333333,46,0.028985507246376774,0.5,LEFT,16.0,1.0,16.0,0.0,LEFT
0,4649463094,6,464947,Absent,32,1,1,1,1,0,0,0,0,1,1,1,1,0,0,0,0,1,1,1,1,0,0,0,0,1,1,1,1,0,0,0,0,1,1,1,1,0,0,0,0,1,1,1,1,0,0,0,0,1,1,1,1,0,0,0,0,1,1,1,1,0,0,0,0,16.0,16,Unicorn_Absent,-1,-1.0,5,Unicorn_Absent,139,16.0,32,0.4576271186440678,48,0.10762711864406782,0.5,LEFT,14.0,1.0,18.0,,LEFT
0,4649463094,10,464947,Absent,32,1,1,1,1,0,0,0,0,1,1,1,1,0,0,0,0,1,1,1,1,0,0,0,0,1,1,1,1,0,0,0,0,1,1,1,1,0,0,0,0,1,1,1,1,0,0,0,0,1,1,1,1,0,0,0,0,1,1,1,1,0,0,0,0,14.0,18,Unicorn_Absent,-1,-1.0,5,Unicorn_Absent,121,16.0,32,1.0,49,0.6326530612244898,0.484375,LEFT,16.0,1.0,16.0,0.0,LEFT
0,4649463094,14,464947,Absent,0,0,0,0,0,0,0,0,0,0,0,0,0,0,0,0,0,0,0,0,0,0,0,0,0,0,0,0,0,0,0,0,0,0,0,0,0,0,0,0,0,0,0,0,0,0,0,0,0,0,0,0,0,0,0,0,0,0,0,0,0,0,0,0,0,32.0,0,Unicorn_Absent,-1,-1.0,2,Unicorn_Absent,121,32.0,0,0.0,32,0.3333333333333333,0.5,NOTHING,16.0,1.0,16.0,0.6599999999999999,NOTHING
0,4649463094,15,464947,Absent,0,0,0,0,0,0,0,0,0,0,0,0,0,0,0,0,0,0,0,0,0,0,0,0,0,0,0,0,0,0,0,0,0,0,0,0,0,0,0,0,0,0,0,0,0,0,0,0,0,0,0,0,0,0,0,0,0,0,0,0,0,0,0,0,0,32.0,0,Unicorn_Absent,-1,-1.0,2,Unicorn_Absent,153,32.0,0,1.0,32,0.0,0.5,NOTHING,32.0,1.0,0.0,0.3333333333333333,NOTHING
0,4649463094,16,464947,Absent,0,0,0,0,0,0,0,0,0,0,0,0,0,0,0,0,0,0,0,0,0,0,0,0,0,0,0,0,0,0,0,0,0,0,0,0,0,0,0,0,0,0,0,0,0,0,0,0,0,0,0,0,0,0,0,0,0,0,0,0,0,0,0,0,0,32.0,0,Unicorn_Absent,-1,-1.0,2,Unicorn_Absent,185,32.0,0,1.0,32,0.0,0.5,NOTHING,32.0,1.0,0.0,0.0,NOTHING
0,4649463094,27,464947,Absent,32,1,1,1,1,1,1,1,1,1,1,1,1,1,1,1,1,1,1,1,1,1,1,1,1,1,1,1,1,1,1,1,1,0,0,0,0,0,0,0,0,0,0,0,0,0,0,0,0,0,0,0,0,0,0,0,0,0,0,0,0,0,0,0,0,14.0,18,Unicorn_Absent,-1,-1.0,4,Unicorn_Absent,355,14.0,32,1.0,50,0.0,0.5,TOP,14.0,1.0,18.0,0.36,TOP
0,4649463094,28,464947,Absent,32,1,1,1,1,1,1,1,1,1,1,1,1,1,1,1,1,1,1,1,1,1,1,1,1,1,1,1,1,1,1,1,1,0,0,0,0,0,0,0,0,0,0,0,0,0,0,0,0,0,0,0,0,0,0,0,0,0,0,0,0,0,0,0,0,14.0,18,Unicorn_Absent,-1,-1.0,4,Unicorn_Absent,369,14.0,32,1.0,50,0.0,0.5,TOP,14.0,1.0,18.0,0.0,TOP
0,4649463094,31,464947,Absent,32,1,1,1,1,1,1,1,1,1,1,1,1,1,1,1,1,1,1,1,1,1,1,1,1,1,1,1,1,1,1,1,1,0,0,0,0,0,0,0,0,0,0,0,0,0,0,0,0,0,0,0,0,0,0,0,0,0,0,0,0,0,0,0,0,14.0,18,Unicorn_Absent,-1,-1.0,4,Unicorn_Absent,425,16.0,32,1.0,50,0.0,0.5,TOP,14.0,1.0,18.0,0.0,TOP
0,4649463094,37,464947,Absent,28,1,1,1,1,1,1,1,1,1,0,0,0,0,0,0,1,1,0,0,0,0,0,0,1,1,0,0,0,0,0,0,1,1,0,0,0,0,0,0,1,1,0,0,0,0,0,0,1,1,0,0,0,0,0,0,1,1,1,1,1,1,1,1,1,4.0,28,Unicorn_Absent,-1,-1.0,8,Unicorn_Absent,434,0.0,28,0.30434782608695654,28,0.0,0.0,OUT,16.0,0.30434782608695654,16.0,0.0,LEFT
0,4649463094,40,464947,Absent,28,1,1,1,1,1,1,1,1,1,0,0,0,0,0,0,1,1,0,0,0,0,0,0,1,1,0,0,0,0,0,0,1,1,0,0,0,0,0,0,1,1,0,0,0,0,0,0,1,1,0,0,0,0,0,0,1,1,1,1,1,1,1,1,1,18.0,14,Unicorn_Absent,-1,-1.0,8,Unicorn_Absent,388,18.0,28,0.30434782608695654,46,0.19565217391304346,0.5,OUT,0.0,1.0,32.0,0.13315217391304346,OUT
0,4649463094,41,464947,Absent,28,1,1,1,1,1,1,1,1,1,0,0,0,0,0,0,1,1,0,0,0,0,0,0,1,1,0,0,0,0,0,0,1,1,0,0,0,0,0,0,1,1,0,0,0,0,0,0,1,1,0,0,0,0,0,0,1,1,1,1,1,1,1,1,1,18.0,14,Unicorn_Absent,-1,-1.0,8,Unicorn_Absent,406,18.0,28,1.0,46,0.0,0.5,OUT,18.0,1.0,14.0,0.19565217391304346,OUT
0,4649463094,42,464947,Absent,28,1,1,1,1,1,1,1,1,1,0,0,0,0,0,0,1,1,0,0,0,0,0,0,1,1,0,0,0,0,0,0,1,1,0,0,0,0,0,0,1,1,0,0,0,0,0,0,1,1,0,0,0,0,0,0,1,1,1,1,1,1,1,1,1,18.0,14,Unicorn_Absent,-1,-1.0,8,Unicorn_Absent,424,18.0,28,1.0,46,0.0,0.5,OUT,18.0,1.0,14.0,0.0,OUT
0,4649463094,43,464947,Absent,28,1,1,1,1,1,1,1,1,1,0,0,0,0,0,0,1,1,0,0,0,0,0,0,1,1,0,0,0,0,0,0,1,1,0,0,0,0,0,0,1,1,0,0,0,0,0,0,1,1,0,0,0,0,0,0,1,1,1,1,1,1,1,1,1,18.0,14,Unicorn_Absent,-1,-1.0,8,Unicorn_Absent,442,18.0,28,1.0,46,0.0,0.5,OUT,18.0,1.0,14.0,0.0,OUT
0,4649463094,44,464947,Absent,28,1,1,1,1,1,1,1,1,1,0,0,0,0,0,0,1,1,0,0,0,0,0,0,1,1,0,0,0,0,0,0,1,1,0,0,0,0,0,0,1,1,0,0,0,0,0,0,1,1,0,0,0,0,0,0,1,1,1,1,1,1,1,1,1,18.0,14,Unicorn_Absent,-1,-1.0,8,Unicorn_Absent,460,14.0,28,1.0,46,0.0,0.5,OUT,18.0,0.0,14.0,0.0,IN
0,4649463094,49,464947,Absent,36,0,0,0,0,0,0,0,0,0,1,1,1,1,1,1,0,0,1,1,1,1,1,1,0,0,1,1,1,1,1,1,0,0,1,1,1,1,1,1,0,0,1,1,1,1,1,1,0,0,1,1,1,1,1,1,0,0,0,0,0,0,0,0,0,-4.0,36,Unicorn_Absent,-1,-1.0,7,Unicorn_Absent,554,16.0,36,1.0,36,0.64,0.0,IN,14.0,0.36,18.0,1.0,BOTTOM
0,4649463094,50,464947,Absent,32,0,0,0,0,0,0,0,0,0,0,0,0,0,0,0,0,0,0,0,0,0,0,0,0,0,0,0,0,0,0,0,0,1,1,1,1,1,1,1,1,1,1,1,1,1,1,1,1,1,1,1,1,1,1,1,1,1,1,1,1,1,1,1,1,16.0,16,Unicorn_Absent,-1,-1.0,3,Unicorn_Absent,570,16.0,32,0.36,48,0.0,0.5,BOTTOM,-4.0,1.0,36.0,0.64,BOTTOM
0,4649463094,51,464947,Absent,32,0,0,0,0,0,0,0,0,0,0,0,0,0,0,0,0,0,0,0,0,0,0,0,0,0,0,0,0,0,0,0,0,1,1,1,1,1,1,1,1,1,1,1,1,1,1,1,1,1,1,1,1,1,1,1,1,1,1,1,1,1,1,1,1,16.0,16,Unicorn_Absent,-1,-1.0,3,Unicorn_Absent,586,32.0,32,1.0,48,0.0,0.5,BOTTOM,16.0,0.3333333333333333,16.0,0.0,LEFT
0,4649463094,56,464947,Absent,32,1,1,1,1,0,0,0,0,1,1,1,1,0,0,0,0,1,1,1,1,0,0,0,0,1,1,1,1,0,0,0,0,1,1,1,1,0,0,0,0,1,1,1,1,0,0,0,0,1,1,1,1,0,0,0,0,1,1,1,1,0,0,0,0,32.0,0,Unicorn_Absent,-1,-1.0,5,Unicorn_Absent,746,32.0,32,1.0,64,0.0,1.0,LEFT,32.0,1.0,0.0,0.0,LEFT
0,4649463094,57,464947,Absent,32,1,1,1,1,0,0,0,0,1,1,1,1,0,0,0,0,1,1,1,1,0,0,0,0,1,1,1,1,0,0,0,0,1,1,1,1,0,0,0,0,1,1,1,1,0,0,0,0,1,1,1,1,0,0,0,0,1,1,1,1,0,0,0,0,32.0,0,Unicorn_Absent,-1,-1.0,5,Unicorn_Absent,778,32.0,32,1.0,64,0.0,1.0,LEFT,32.0,1.0,0.0,0.0,LEFT
0,4649463094,6,630945,Absent,32,0,0,0,0,0,0,0,0,0,0,0,0,0,0,0,0,0,0,0,0,0,0,0,0,0,0,0,0,0,0,0,0,1,1,1,1,1,1,1,1,1,1,1,1,1,1,1,1,1,1,1,1,1,1,1,1,1,1,1,1,1,1,1,1,16.0,16,Unicorn_Absent,-1,-1.0,3,Unicorn_Absent,139,16.0,32,0.35,48,0.10762711864406782,0.5,BOTTOM,14.0,1.0,18.0,,BOTTOM
0,4649463094,10,630945,Absent,35,1,1,0,0,0,1,0,1,0,0,0,1,1,1,1,0,0,1,0,1,1,0,1,0,1,0,1,1,0,0,1,1,0,1,0,0,0,1,0,1,1,1,1,1,1,0,0,1,0,1,1,1,1,1,1,0,0,1,0,1,0,0,0,1,14.0,18,Unicorn_Absent,-1,-1.0,0,Unicorn_Absent,121,16.0,35,0.3673469387755102,49,0.6326530612244898,0.484375,RS,16.0,0.34,16.0,0.0,TOP
0,4649463094,14,630945,Absent,32,1,1,1,1,0,0,0,0,1,1,1,1,0,0,0,0,1,1,1,1,0,0,0,0,1,1,1,1,0,0,0,0,1,1,1,1,0,0,0,0,1,1,1,1,0,0,0,0,1,1,1,1,0,0,0,0,1,1,1,1,0,0,0,0,32.0,0,Unicorn_Absent,-1,-1.0,5,Unicorn_Absent,121,32.0,32,0.3333333333333333,32,0.3333333333333333,0.5,LEFT,16.0,1.0,16.0,0.6599999999999999,LEFT
0,4649463094,15,630945,Absent,32,1,1,1,1,0,0,0,0,1,1,1,1,0,0,0,0,1,1,1,1,0,0,0,0,1,1,1,1,0,0,0,0,1,1,1,1,0,0,0,0,1,1,1,1,0,0,0,0,1,1,1,1,0,0,0,0,1,1,1,1,0,0,0,0,32.0,0,Unicorn_Absent,-1,-1.0,5,Unicorn_Absent,153,32.0,32,1.0,32,0.0,0.5,LEFT,32.0,1.0,0.0,0.3333333333333333,LEFT
0,4649463094,16,630945,Absent,32,1,1,1,1,0,0,0,0,1,1,1,1,0,0,0,0,1,1,1,1,0,0,0,0,1,1,1,1,0,0,0,0,1,1,1,1,0,0,0,0,1,1,1,1,0,0,0,0,1,1,1,1,0,0,0,0,1,1,1,1,0,0,0,0,32.0,0,Unicorn_Absent,-1,-1.0,5,Unicorn_Absent,185,32.0,32,1.0,32,0.0,0.5,LEFT,32.0,1.0,0.0,0.0,LEFT
0,4649463094,27,630945,Absent,36,0,0,0,0,0,0,0,0,0,1,1,1,1,1,1,0,0,1,1,1,1,1,1,0,0,1,1,1,1,1,1,0,0,1,1,1,1,1,1,0,0,1,1,1,1,1,1,0,0,1,1,1,1,1,1,0,0,0,0,0,0,0,0,0,14.0,18,Unicorn_Absent,-1,-1.0,7,Unicorn_Absent,355,14.0,36,1.0,50,0.0,0.5,IN,14.0,1.0,18.0,0.36,IN
0,4649463094,28,630945,Absent,36,0,0,0,0,0,0,0,0,0,1,1,1,1,1,1,0,0,1,1,1,1,1,1,0,0,1,1,1,1,1,1,0,0,1,1,1,1,1,1,0,0,1,1,1,1,1,1,0,0,1,1,1,1,1,1,0,0,0,0,0,0,0,0,0,14.0,18,Unicorn_Absent,-1,-1.0,7,Unicorn_Absent,369,14.0,36,1.0,50,0.0,0.5,IN,14.0,1.0,18.0,0.0,IN
0,4649463094,31,630945,Absent,36,0,0,0,0,0,0,0,0,0,1,1,1,1,1,1,0,0,1,1,1,1,1,1,0,0,1,1,1,1,1,1,0,0,1,1,1,1,1,1,0,0,1,1,1,1,1,1,0,0,1,1,1,1,1,1,0,0,0,0,0,0,0,0,0,14.0,18,Unicorn_Absent,-1,-1.0,7,Unicorn_Absent,425,16.0,36,1.0,50,0.0,0.5,IN,14.0,0.36,18.0,0.0,RIGHT
0,4649463094,37,630945,Absent,28,1,1,1,1,1,1,1,1,1,0,0,0,0,0,0,1,1,0,0,0,0,0,0,1,1,0,0,0,0,0,0,1,1,0,0,0,0,0,0,1,1,0,0,0,0,0,0,1,1,0,0,0,0,0,0,1,1,1,1,1,1,1,1,1,4.0,28,Unicorn_Absent,-1,-1.0,8,Unicorn_Absent,434,0.0,28,0.30434782608695654,28,0.0,0.0,OUT,16.0,0.4375,16.0,0.0,ALL
0,4649463094,40,630945,Absent,32,0,0,0,0,0,0,0,0,0,0,0,0,0,0,0,0,0,0,0,0,0,0,0,0,0,0,0,0,0,0,0,0,1,1,1,1,1,1,1,1,1,1,1,1,1,1,1,1,1,1,1,1,1,1,1,1,1,1,1,1,1,1,1,1,18.0,14,Unicorn_Absent,-1,-1.0,3,Unicorn_Absent,388,18.0,32,0.5,46,0.19565217391304346,0.5,BOTTOM,0.0,1.0,32.0,0.13315217391304346,BOTTOM
0,4649463094,41,630945,Absent,32,0,0,0,0,0,0,0,0,0,0,0,0,0,0,0,0,0,0,0,0,0,0,0,0,0,0,0,0,0,0,0,0,1,1,1,1,1,1,1,1,1,1,1,1,1,1,1,1,1,1,1,1,1,1,1,1,1,1,1,1,1,1,1,1,18.0,14,Unicorn_Absent,-1,-1.0,3,Unicorn_Absent,406,18.0,32,1.0,46,0.0,0.5,BOTTOM,18.0,1.0,14.0,0.19565217391304346,BOTTOM
0,4649463094,42,630945,Absent,32,0,0,0,0,0,0,0,0,0,0,0,0,0,0,0,0,0,0,0,0,0,0,0,0,0,0,0,0,0,0,0,0,1,1,1,1,1,1,1,1,1,1,1,1,1,1,1,1,1,1,1,1,1,1,1,1,1,1,1,1,1,1,1,1,18.0,14,Unicorn_Absent,-1,-1.0,3,Unicorn_Absent,424,18.0,32,1.0,46,0.0,0.5,BOTTOM,18.0,1.0,14.0,0.0,BOTTOM
0,4649463094,43,630945,Absent,32,0,0,0,0,0,0,0,0,0,0,0,0,0,0,0,0,0,0,0,0,0,0,0,0,0,0,0,0,0,0,0,0,1,1,1,1,1,1,1,1,1,1,1,1,1,1,1,1,1,1,1,1,1,1,1,1,1,1,1,1,1,1,1,1,18.0,14,Unicorn_Absent,-1,-1.0,3,Unicorn_Absent,442,18.0,32,1.0,46,0.0,0.5,BOTTOM,18.0,1.0,14.0,0.0,BOTTOM
0,4649463094,44,630945,Absent,32,0,0,0,0,0,0,0,0,0,0,0,0,0,0,0,0,0,0,0,0,0,0,0,0,0,0,0,0,0,0,0,0,1,1,1,1,1,1,1,1,1,1,1,1,1,1,1,1,1,1,1,1,1,1,1,1,1,1,1,1,1,1,1,1,18.0,14,Unicorn_Absent,-1,-1.0,3,Unicorn_Absent,460,14.0,32,1.0,46,0.0,0.5,BOTTOM,18.0,1.0,14.0,0.0,BOTTOM
0,4649463094,49,630945,Absent,36,0,0,0,0,0,0,0,0,0,1,1,1,1,1,1,0,0,1,1,1,1,1,1,0,0,1,1,1,1,1,1,0,0,1,1,1,1,1,1,0,0,1,1,1,1,1,1,0,0,1,1,1,1,1,1,0,0,0,0,0,0,0,0,0,-4.0,36,Unicorn_Absent,-1,-1.0,7,Unicorn_Absent,554,16.0,36,0.36,36,0.64,0.0,IN,14.0,0.36,18.0,1.0,RIGHT
0,4649463094,50,630945,Absent,32,0,0,0,0,1,1,1,1,0,0,0,0,1,1,1,1,0,0,0,0,1,1,1,1,0,0,0,0,1,1,1,1,0,0,0,0,1,1,1,1,0,0,0,0,1,1,1,1,0,0,0,0,1,1,1,1,0,0,0,0,1,1,1,1,16.0,16,Unicorn_Absent,-1,-1.0,6,Unicorn_Absent,570,16.0,32,0.36,48,0.0,0.5,RIGHT,-4.0,1.0,36.0,0.64,RIGHT
0,4649463094,51,630945,Absent,32,0,0,0,0,1,1,1,1,0,0,0,0,1,1,1,1,0,0,0,0,1,1,1,1,0,0,0,0,1,1,1,1,0,0,0,0,1,1,1,1,0,0,0,0,1,1,1,1,0,0,0,0,1,1,1,1,0,0,0,0,1,1,1,1,16.0,16,Unicorn_Absent,-1,-1.0,6,Unicorn_Absent,586,32.0,32,1.0,48,0.0,0.5,RIGHT,16.0,1.0,16.0,0.0,RIGHT
0,4649463094,56,630945,Absent,32,0,0,0,0,1,1,1,1,0,0,0,0,1,1,1,1,0,0,0,0,1,1,1,1,0,0,0,0,1,1,1,1,0,0,0,0,1,1,1,1,0,0,0,0,1,1,1,1,0,0,0,0,1,1,1,1,0,0,0,0,1,1,1,1,32.0,0,Unicorn_Absent,-1,-1.0,6,Unicorn_Absent,746,32.0,32,1.0,64,0.0,1.0,RIGHT,32.0,1.0,0.0,0.0,RIGHT
0,4649463094,57,630945,Absent,32,0,0,0,0,1,1,1,1,0,0,0,0,1,1,1,1,0,0,0,0,1,1,1,1,0,0,0,0,1,1,1,1,0,0,0,0,1,1,1,1,0,0,0,0,1,1,1,1,0,0,0,0,1,1,1,1,0,0,0,0,1,1,1,1,32.0,0,Unicorn_Absent,-1,-1.0,6,Unicorn_Absent,778,32.0,32,1.0,64,0.0,1.0,RIGHT,32.0,1.0,0.0,0.0,RIGHT
0,4692354219,8,469236,Absent,36,0,0,0,0,0,0,0,0,0,1,1,1,1,1,1,0,0,1,1,1,1,1,1,0,0,1,1,1,1,1,1,0,0,1,1,1,1,1,1,0,0,1,1,1,1,1,1,0,0,1,1,1,1,1,1,0,0,0,0,0,0,0,0,0,14.0,18,Unicorn_Absent,-1,-1.0,7,Unicorn_Absent,153,14.0,36,0.0,50,0.5,0.5,IN,4.0,1.0,28.0,,IN
0,4692354219,9,469236,Absent,36,0,0,0,0,0,0,0,0,0,1,1,1,1,1,1,0,0,1,1,1,1,1,1,0,0,1,1,1,1,1,1,0,0,1,1,1,1,1,1,0,0,1,1,1,1,1,1,0,0,1,1,1,1,1,1,0,0,0,0,0,0,0,0,0,14.0,18,Unicorn_Absent,-1,-1.0,7,Unicorn_Absent,167,14.0,36,1.0,50,0.0,0.5,IN,14.0,1.0,18.0,0.5,IN
0,4692354219,12,469236,Absent,32,0,0,0,0,0,0,0,0,0,0,0,0,0,0,0,0,0,0,0,0,0,0,0,0,0,0,0,0,0,0,0,0,1,1,1,1,1,1,1,1,1,1,1,1,1,1,1,1,1,1,1,1,1,1,1,1,1,1,1,1,1,1,1,1,14.0,18,Unicorn_Absent,-1,-1.0,3,Unicorn_Absent,113,14.0,32,0.36,50,0.0,0.5,BOTTOM,14.0,1.0,18.0,1.0,BOTTOM
0,4692354219,13,469236,Absent,32,0,0,0,0,0,0,0,0,0,0,0,0,0,0,0,0,0,0,0,0,0,0,0,0,0,0,0,0,0,0,0,0,1,1,1,1,1,1,1,1,1,1,1,1,1,1,1,1,1,1,1,1,1,1,1,1,1,1,1,1,1,1,1,1,14.0,18,Unicorn_Absent,-1,-1.0,3,Unicorn_Absent,127,14.0,32,1.0,50,0.0,0.5,BOTTOM,14.0,1.0,18.0,0.0,BOTTOM
0,4692354219,19,469236,Absent,36,0,0,0,0,0,0,0,0,0,1,1,1,1,1,1,0,0,1,1,1,1,1,1,0,0,1,1,1,1,1,1,0,0,1,1,1,1,1,1,0,0,1,1,1,1,1,1,0,0,1,1,1,1,1,1,0,0,0,0,0,0,0,0,0,-4.0,36,Unicorn_Absent,-1,-1.0,7,Unicorn_Absent,110,14.0,36,0.36,64,0.2025,0.4375,IN,14.0,0.36,18.0,0.0,LEFT
0,4692354219,24,469236,Absent,32,1,1,1,1,0,0,0,0,1,1,1,1,0,0,0,0,1,1,1,1,0,0,0,0,1,1,1,1,0,0,0,0,1,1,1,1,0,0,0,0,1,1,1,1,0,0,0,0,1,1,1,1,0,0,0,0,1,1,1,1,0,0,0,0,14.0,18,Unicorn_Absent,-1,-1.0,5,Unicorn_Absent,216,14.0,32,1.0,50,0.0,0.5,LEFT,14.0,1.0,18.0,0.0,LEFT
0,4692354219,30,469236,Absent,0,0,0,0,0,0,0,0,0,0,0,0,0,0,0,0,0,0,0,0,0,0,0,0,0,0,0,0,0,0,0,0,0,0,0,0,0,0,0,0,0,0,0,0,0,0,0,0,0,0,0,0,0,0,0,0,0,0,0,0,0,0,0,0,0,32.0,0,Unicorn_Absent,-1,-1.0,2,Unicorn_Absent,381,32.0,0,0.0,36,1.0,0.5625,NOTHING,14.0,1.0,18.0,0.0,NOTHING
0,4692354219,31,469236,Absent,0,0,0,0,0,0,0,0,0,0,0,0,0,0,0,0,0,0,0,0,0,0,0,0,0,0,0,0,0,0,0,0,0,0,0,0,0,0,0,0,0,0,0,0,0,0,0,0,0,0,0,0,0,0,0,0,0,0,0,0,0,0,0,0,0,32.0,0,Unicorn_Absent,-1,-1.0,2,Unicorn_Absent,413,32.0,0,1.0,36,0.0,0.5625,NOTHING,32.0,1.0,0.0,1.0,NOTHING
0,4692354219,32,469236,Absent,0,0,0,0,0,0,0,0,0,0,0,0,0,0,0,0,0,0,0,0,0,0,0,0,0,0,0,0,0,0,0,0,0,0,0,0,0,0,0,0,0,0,0,0,0,0,0,0,0,0,0,0,0,0,0,0,0,0,0,0,0,0,0,0,0,32.0,0,Unicorn_Absent,-1,-1.0,2,Unicorn_Absent,445,32.0,0,1.0,36,0.0,0.5625,NOTHING,32.0,1.0,0.0,0.0,NOTHING
0,4692354219,33,469236,Absent,0,0,0,0,0,0,0,0,0,0,0,0,0,0,0,0,0,0,0,0,0,0,0,0,0,0,0,0,0,0,0,0,0,0,0,0,0,0,0,0,0,0,0,0,0,0,0,0,0,0,0,0,0,0,0,0,0,0,0,0,0,0,0,0,0,32.0,0,Unicorn_Absent,-1,-1.0,2,Unicorn_Absent,477,32.0,0,1.0,36,0.0,0.5625,NOTHING,32.0,1.0,0.0,0.0,NOTHING
0,4692354219,34,469236,Absent,0,0,0,0,0,0,0,0,0,0,0,0,0,0,0,0,0,0,0,0,0,0,0,0,0,0,0,0,0,0,0,0,0,0,0,0,0,0,0,0,0,0,0,0,0,0,0,0,0,0,0,0,0,0,0,0,0,0,0,0,0,0,0,0,0,32.0,0,Unicorn_Absent,-1,-1.0,2,Unicorn_Absent,509,32.0,0,1.0,36,0.0,0.5625,NOTHING,32.0,1.0,0.0,0.0,NOTHING
0,4692354219,35,469236,Absent,0,0,0,0,0,0,0,0,0,0,0,0,0,0,0,0,0,0,0,0,0,0,0,0,0,0,0,0,0,0,0,0,0,0,0,0,0,0,0,0,0,0,0,0,0,0,0,0,0,0,0,0,0,0,0,0,0,0,0,0,0,0,0,0,0,32.0,0,Unicorn_Absent,-1,-1.0,2,Unicorn_Absent,541,32.0,0,1.0,36,0.0,0.5625,NOTHING,32.0,1.0,0.0,0.0,NOTHING
0,4692354219,38,469236,Absent,62,1,1,1,1,1,1,1,1,1,1,1,1,1,1,0,0,1,1,1,1,1,1,1,1,1,1,1,1,1,1,1,1,1,1,1,1,1,1,1,1,1,1,1,1,1,1,1,1,1,1,1,1,1,1,1,1,1,1,1,1,1,1,1,1,6.0,26,Unicorn_Absent,-1,-1.0,0,Unicorn_Absent,515,-27.0,62,0.0,63,0.26,0.578125,RS,32.0,0.890625,0.0,0.0,RS
0,4692354219,44,469236,Absent,36,0,0,0,0,0,0,0,0,0,1,1,1,1,1,1,0,0,1,1,1,1,1,1,0,0,1,1,1,1,1,1,0,0,1,1,1,1,1,1,0,0,1,1,1,1,1,1,0,0,1,1,1,1,1,1,0,0,0,0,0,0,0,0,0,32.0,0,Unicorn_Absent,-1,-1.0,7,Unicorn_Absent,514,32.0,36,0.532258064516129,64,0.094758064516129,1.0,IN,-27.0,1.0,59.0,0.46875,IN
0,4692354219,48,469236,Absent,36,0,0,0,0,0,0,0,0,0,1,1,1,1,1,1,0,0,1,1,1,1,1,1,0,0,1,1,1,1,1,1,0,0,1,1,1,1,1,1,0,0,1,1,1,1,1,1,0,0,1,1,1,1,1,1,0,0,0,0,0,0,0,0,0,32.0,0,Unicorn_Absent,-1,-1.0,7,Unicorn_Absent,642,32.0,36,1.0,64,0.0,1.0,IN,32.0,1.0,0.0,0.0,IN
0,4692354219,56,469236,Absent,36,0,0,0,0,0,0,0,0,0,1,1,1,1,1,1,0,0,1,1,1,1,1,1,0,0,1,1,1,1,1,1,0,0,1,1,1,1,1,1,0,0,1,1,1,1,1,1,0,0,1,1,1,1,1,1,0,0,0,0,0,0,0,0,0,32.0,0,Unicorn_Absent,-1,-1.0,7,Unicorn_Absent,898,32.0,36,1.0,64,0.0,1.0,IN,32.0,1.0,0.0,0.0,IN
0,4692354219,57,469236,Absent,36,0,0,0,0,0,0,0,0,0,1,1,1,1,1,1,0,0,1,1,1,1,1,1,0,0,1,1,1,1,1,1,0,0,1,1,1,1,1,1,0,0,1,1,1,1,1,1,0,0,1,1,1,1,1,1,0,0,0,0,0,0,0,0,0,32.0,0,Unicorn_Absent,-1,-1.0,7,Unicorn_Absent,930,32.0,36,1.0,64,0.0,1.0,IN,32.0,1.0,0.0,0.0,IN
0,4692354219,58,469236,Absent,36,0,0,0,0,0,0,0,0,0,1,1,1,1,1,1,0,0,1,1,1,1,1,1,0,0,1,1,1,1,1,1,0,0,1,1,1,1,1,1,0,0,1,1,1,1,1,1,0,0,1,1,1,1,1,1,0,0,0,0,0,0,0,0,0,32.0,0,Unicorn_Absent,-1,-1.0,7,Unicorn_Absent,962,32.0,36,1.0,64,0.0,1.0,IN,32.0,1.0,0.0,0.0,IN
0,4692354219,8,542191,Absent,32,1,1,1,1,0,0,0,0,1,1,1,1,0,0,0,0,1,1,1,1,0,0,0,0,1,1,1,1,0,0,0,0,1,1,1,1,0,0,0,0,1,1,1,1,0,0,0,0,1,1,1,1,0,0,0,0,1,1,1,1,0,0,0,0,14.0,18,Unicorn_Absent,-1,-1.0,5,Unicorn_Absent,153,14.0,32,0.5,50,0.5,0.5,LEFT,4.0,1.0,28.0,,LEFT
0,4692354219,9,542191,Absent,32,1,1,1,1,0,0,0,0,1,1,1,1,0,0,0,0,1,1,1,1,0,0,0,0,1,1,1,1,0,0,0,0,1,1,1,1,0,0,0,0,1,1,1,1,0,0,0,0,1,1,1,1,0,0,0,0,1,1,1,1,0,0,0,0,14.0,18,Unicorn_Absent,-1,-1.0,5,Unicorn_Absent,167,14.0,32,1.0,50,0.0,0.5,LEFT,14.0,0.0,18.0,0.5,RIGHT
0,4692354219,12,542191,Absent,36,0,0,0,0,0,0,0,0,0,1,1,1,1,1,1,0,0,1,1,1,1,1,1,0,0,1,1,1,1,1,1,0,0,1,1,1,1,1,1,0,0,1,1,1,1,1,1,0,0,1,1,1,1,1,1,0,0,0,0,0,0,0,0,0,14.0,18,Unicorn_Absent,-1,-1.0,7,Unicorn_Absent,113,14.0,36,0.36,50,0.0,0.5,IN,14.0,1.0,18.0,1.0,IN
0,4692354219,13,542191,Absent,36,0,0,0,0,0,0,0,0,0,1,1,1,1,1,1,0,0,1,1,1,1,1,1,0,0,1,1,1,1,1,1,0,0,1,1,1,1,1,1,0,0,1,1,1,1,1,1,0,0,1,1,1,1,1,1,0,0,0,0,0,0,0,0,0,14.0,18,Unicorn_Absent,-1,-1.0,7,Unicorn_Absent,127,14.0,36,1.0,50,0.0,0.5,IN,14.0,1.0,18.0,0.0,IN
0,4692354219,19,542191,Absent,64,1,1,1,1,1,1,1,1,1,1,1,1,1,1,1,1,1,1,1,1,1,1,1,1,1,1,1,1,1,1,1,1,1,1,1,1,1,1,1,1,1,1,1,1,1,1,1,1,1,1,1,1,1,1,1,1,1,1,1,1,1,1,1,1,-4.0,36,Unicorn_Absent,-1,-1.0,1,Unicorn_Absent,110,14.0,64,0.5625,64,0.2025,0.4375,ALL,14.0,0.5625,18.0,0.0,IN
0,4692354219,24,542191,Absent,36,0,0,0,0,0,0,0,0,0,1,1,1,1,1,1,0,0,1,1,1,1,1,1,0,0,1,1,1,1,1,1,0,0,1,1,1,1,1,1,0,0,1,1,1,1,1,1,0,0,1,1,1,1,1,1,0,0,0,0,0,0,0,0,0,14.0,18,Unicorn_Absent,-1,-1.0,7,Unicorn_Absent,216,14.0,36,1.0,50,0.0,0.5,IN,14.0,1.0,18.0,0.0,IN
0,4692354219,30,542191,Absent,36,0,0,0,0,0,0,0,0,0,1,1,1,1,1,1,0,0,1,1,1,1,1,1,0,0,1,1,1,1,1,1,0,0,1,1,1,1,1,1,0,0,1,1,1,1,1,1,0,0,1,1,1,1,1,1,0,0,0,0,0,0,0,0,0,32.0,0,Unicorn_Absent,-1,-1.0,7,Unicorn_Absent,381,32.0,36,1.0,36,1.0,0.5625,IN,14.0,1.0,18.0,0.0,IN
0,4692354219,31,542191,Absent,36,0,0,0,0,0,0,0,0,0,1,1,1,1,1,1,0,0,1,1,1,1,1,1,0,0,1,1,1,1,1,1,0,0,1,1,1,1,1,1,0,0,1,1,1,1,1,1,0,0,1,1,1,1,1,1,0,0,0,0,0,0,0,0,0,32.0,0,Unicorn_Absent,-1,-1.0,7,Unicorn_Absent,413,32.0,36,1.0,36,0.0,0.5625,IN,32.0,1.0,0.0,1.0,IN
0,4692354219,32,542191,Absent,36,0,0,0,0,0,0,0,0,0,1,1,1,1,1,1,0,0,1,1,1,1,1,1,0,0,1,1,1,1,1,1,0,0,1,1,1,1,1,1,0,0,1,1,1,1,1,1,0,0,1,1,1,1,1,1,0,0,0,0,0,0,0,0,0,32.0,0,Unicorn_Absent,-1,-1.0,7,Unicorn_Absent,445,32.0,36,1.0,36,0.0,0.5625,IN,32.0,1.0,0.0,0.0,IN
0,4692354219,33,542191,Absent,36,0,0,0,0,0,0,0,0,0,1,1,1,1,1,1,0,0,1,1,1,1,1,1,0,0,1,1,1,1,1,1,0,0,1,1,1,1,1,1,0,0,1,1,1,1,1,1,0,0,1,1,1,1,1,1,0,0,0,0,0,0,0,0,0,32.0,0,Unicorn_Absent,-1,-1.0,7,Unicorn_Absent,477,32.0,36,1.0,36,0.0,0.5625,IN,32.0,1.0,0.0,0.0,IN
0,4692354219,34,542191,Absent,36,0,0,0,0,0,0,0,0,0,1,1,1,1,1,1,0,0,1,1,1,1,1,1,0,0,1,1,1,1,1,1,0,0,1,1,1,1,1,1,0,0,1,1,1,1,1,1,0,0,1,1,1,1,1,1,0,0,0,0,0,0,0,0,0,32.0,0,Unicorn_Absent,-1,-1.0,7,Unicorn_Absent,509,32.0,36,1.0,36,0.0,0.5625,IN,32.0,1.0,0.0,0.0,IN
0,4692354219,35,542191,Absent,36,0,0,0,0,0,0,0,0,0,1,1,1,1,1,1,0,0,1,1,1,1,1,1,0,0,1,1,1,1,1,1,0,0,1,1,1,1,1,1,0,0,1,1,1,1,1,1,0,0,1,1,1,1,1,1,0,0,0,0,0,0,0,0,0,32.0,0,Unicorn_Absent,-1,-1.0,7,Unicorn_Absent,541,32.0,36,1.0,36,0.0,0.5625,IN,32.0,1.0,0.0,0.0,IN
0,4692354219,38,542191,Absent,27,0,1,1,1,0,0,1,1,1,0,0,1,0,0,0,1,0,1,1,0,0,1,0,0,0,0,1,1,0,0,0,1,0,1,1,0,0,0,0,1,0,0,1,0,1,1,0,1,0,0,1,1,0,0,0,0,1,1,0,1,1,0,0,0,6.0,26,Unicorn_Absent,-1,-1.0,0,Unicorn_Absent,515,-27.0,27,0.26,63,0.26,0.578125,RS,32.0,0.421875,0.0,0.0,ALL
0,4692354219,44,542191,Absent,28,1,1,1,1,1,1,1,1,1,0,0,0,0,0,0,1,1,0,0,0,0,0,0,1,1,0,0,0,0,0,0,1,1,0,0,0,0,0,0,1,1,0,0,0,0,0,0,1,1,0,0,0,0,0,0,1,1,1,1,1,1,1,1,1,32.0,0,Unicorn_Absent,-1,-1.0,8,Unicorn_Absent,514,32.0,28,0.4375,64,0.094758064516129,1.0,OUT,-27.0,1.0,59.0,0.46875,OUT
0,4692354219,48,542191,Absent,28,1,1,1,1,1,1,1,1,1,0,0,0,0,0,0,1,1,0,0,0,0,0,0,1,1,0,0,0,0,0,0,1,1,0,0,0,0,0,0,1,1,0,0,0,0,0,0,1,1,0,0,0,0,0,0,1,1,1,1,1,1,1,1,1,32.0,0,Unicorn_Absent,-1,-1.0,8,Unicorn_Absent,642,32.0,28,1.0,64,0.0,1.0,OUT,32.0,1.0,0.0,0.0,OUT
0,4692354219,56,542191,Absent,28,1,1,1,1,1,1,1,1,1,0,0,0,0,0,0,1,1,0,0,0,0,0,0,1,1,0,0,0,0,0,0,1,1,0,0,0,0,0,0,1,1,0,0,0,0,0,0,1,1,0,0,0,0,0,0,1,1,1,1,1,1,1,1,1,32.0,0,Unicorn_Absent,-1,-1.0,8,Unicorn_Absent,898,32.0,28,1.0,64,0.0,1.0,OUT,32.0,1.0,0.0,0.0,OUT
0,4692354219,57,542191,Absent,28,1,1,1,1,1,1,1,1,1,0,0,0,0,0,0,1,1,0,0,0,0,0,0,1,1,0,0,0,0,0,0,1,1,0,0,0,0,0,0,1,1,0,0,0,0,0,0,1,1,0,0,0,0,0,0,1,1,1,1,1,1,1,1,1,32.0,0,Unicorn_Absent,-1,-1.0,8,Unicorn_Absent,930,32.0,28,1.0,64,0.0,1.0,OUT,32.0,1.0,0.0,0.0,OUT
0,4692354219,58,542191,Absent,28,1,1,1,1,1,1,1,1,1,0,0,0,0,0,0,1,1,0,0,0,0,0,0,1,1,0,0,0,0,0,0,1,1,0,0,0,0,0,0,1,1,0,0,0,0,0,0,1,1,0,0,0,0,0,0,1,1,1,1,1,1,1,1,1,32.0,0,Unicorn_Absent,-1,-1.0,8,Unicorn_Absent,962,32.0,28,1.0,64,0.0,1.0,OUT,32.0,1.0,0.0,0.0,OUT
0,4707615085,4,150855,Absent,64,1,1,1,1,1,1,1,1,1,1,1,1,1,1,1,1,1,1,1,1,1,1,1,1,1,1,1,1,1,1,1,1,1,1,1,1,1,1,1,1,1,1,1,1,1,1,1,1,1,1,1,1,1,1,1,1,1,1,1,1,1,1,1,1,32.0,0,Unicorn_Absent,-1,-1.0,1,Unicorn_Absent,29,32.0,64,1.0,64,0.0,1.0,ALL,32.0,1.0,0.0,,ALL
0,4707615085,5,150855,Absent,64,1,1,1,1,1,1,1,1,1,1,1,1,1,1,1,1,1,1,1,1,1,1,1,1,1,1,1,1,1,1,1,1,1,1,1,1,1,1,1,1,1,1,1,1,1,1,1,1,1,1,1,1,1,1,1,1,1,1,1,1,1,1,1,1,32.0,0,Unicorn_Absent,-1,-1.0,1,Unicorn_Absent,61,32.0,64,1.0,64,0.0,1.0,ALL,32.0,1.0,0.0,0.0,ALL
0,4707615085,18,150855,Absent,36,0,0,0,0,0,0,0,0,0,1,1,1,1,1,1,0,0,1,1,1,1,1,1,0,0,1,1,1,1,1,1,0,0,1,1,1,1,1,1,0,0,1,1,1,1,1,1,0,0,1,1,1,1,1,1,0,0,0,0,0,0,0,0,0,-4.0,36,Unicorn_Absent,-1,-1.0,7,Unicorn_Absent,397,32.0,36,0.5625,64,0.0625,0.4375,IN,0.0,0.0,32.0,1.0,NOTHING
0,4707615085,19,150855,Absent,0,0,0,0,0,0,0,0,0,0,0,0,0,0,0,0,0,0,0,0,0,0,0,0,0,0,0,0,0,0,0,0,0,0,0,0,0,0,0,0,0,0,0,0,0,0,0,0,0,0,0,0,0,0,0,0,0,0,0,0,0,0,0,0,0,32.0,0,Unicorn_Absent,-1,-1.0,2,Unicorn_Absent,429,32.0,0,0.0,32,0.5,0.5,NOTHING,-4.0,1.0,36.0,0.0625,NOTHING
0,4707615085,20,150855,Absent,0,0,0,0,0,0,0,0,0,0,0,0,0,0,0,0,0,0,0,0,0,0,0,0,0,0,0,0,0,0,0,0,0,0,0,0,0,0,0,0,0,0,0,0,0,0,0,0,0,0,0,0,0,0,0,0,0,0,0,0,0,0,0,0,0,32.0,0,Unicorn_Absent,-1,-1.0,2,Unicorn_Absent,461,32.0,0,1.0,0,1.0,0.0,NOTHING,32.0,1.0,0.0,0.5,NOTHING
0,4707615085,21,150855,Absent,0,0,0,0,0,0,0,0,0,0,0,0,0,0,0,0,0,0,0,0,0,0,0,0,0,0,0,0,0,0,0,0,0,0,0,0,0,0,0,0,0,0,0,0,0,0,0,0,0,0,0,0,0,0,0,0,0,0,0,0,0,0,0,0,0,32.0,0,Unicorn_Absent,-1,-1.0,2,Unicorn_Absent,493,32.0,0,1.0,0,0.0,0.0,NOTHING,32.0,1.0,0.0,1.0,NOTHING
0,4707615085,28,150855,Absent,32,0,0,0,0,0,0,0,0,0,0,0,0,0,0,0,0,0,0,0,0,0,0,0,0,0,0,0,0,0,0,0,0,1,1,1,1,1,1,1,1,1,1,1,1,1,1,1,1,1,1,1,1,1,1,1,1,1,1,1,1,1,1,1,1,14.0,18,Unicorn_Absent,-1,-1.0,3,Unicorn_Absent,411,14.0,32,0.0,50,0.36,0.5,BOTTOM,32.0,1.0,0.0,1.0,BOTTOM
0,4707615085,39,150855,Absent,32,0,0,0,0,0,0,0,0,0,0,0,0,0,0,0,0,0,0,0,0,0,0,0,0,0,0,0,0,0,0,0,0,1,1,1,1,1,1,1,1,1,1,1,1,1,1,1,1,1,1,1,1,1,1,1,1,1,1,1,1,1,1,1,1,32.0,0,Unicorn_Absent,-1,-1.0,3,Unicorn_Absent,539,32.0,32,0.3333333333333333,32,0.3333333333333333,0.5,BOTTOM,14.0,1.0,18.0,0.0,BOTTOM
0,4707615085,42,150855,Absent,32,0,0,0,0,0,0,0,0,0,0,0,0,0,0,0,0,0,0,0,0,0,0,0,0,0,0,0,0,0,0,0,0,1,1,1,1,1,1,1,1,1,1,1,1,1,1,1,1,1,1,1,1,1,1,1,1,1,1,1,1,1,1,1,1,32.0,0,Unicorn_Absent,-1,-1.0,3,Unicorn_Absent,635,32.0,32,1.0,32,0.0,0.5,BOTTOM,32.0,1.0,0.0,0.0,BOTTOM
0,4707615085,49,150855,Absent,32,1,1,1,1,0,0,0,0,1,1,1,1,0,0,0,0,1,1,1,1,0,0,0,0,1,1,1,1,0,0,0,0,1,1,1,1,0,0,0,0,1,1,1,1,0,0,0,0,1,1,1,1,0,0,0,0,1,1,1,1,0,0,0,0,0.0,32,Unicorn_Absent,-1,-1.0,5,Unicorn_Absent,731,32.0,32,0.3333333333333333,64,0.3333333333333333,0.5,LEFT,32.0,0.0,0.0,0.0,NOTHING
0,4707615085,52,150855,Absent,0,0,0,0,0,0,0,0,0,0,0,0,0,0,0,0,0,0,0,0,0,0,0,0,0,0,0,0,0,0,0,0,0,0,0,0,0,0,0,0,0,0,0,0,0,0,0,0,0,0,0,0,0,0,0,0,0,0,0,0,0,0,0,0,0,32.0,0,Unicorn_Absent,-1,-1.0,2,Unicorn_Absent,827,32.0,0,1.0,64,0.0,1.0,NOTHING,32.0,1.0,0.0,1.0,NOTHING
0,4707615085,4,470763,Absent,0,0,0,0,0,0,0,0,0,0,0,0,0,0,0,0,0,0,0,0,0,0,0,0,0,0,0,0,0,0,0,0,0,0,0,0,0,0,0,0,0,0,0,0,0,0,0,0,0,0,0,0,0,0,0,0,0,0,0,0,0,0,0,0,0,32.0,0,Unicorn_Absent,-1,-1.0,2,Unicorn_Absent,29,32.0,0,1.0,64,0.0,1.0,NOTHING,32.0,1.0,0.0,,NOTHING
0,4707615085,5,470763,Absent,0,0,0,0,0,0,0,0,0,0,0,0,0,0,0,0,0,0,0,0,0,0,0,0,0,0,0,0,0,0,0,0,0,0,0,0,0,0,0,0,0,0,0,0,0,0,0,0,0,0,0,0,0,0,0,0,0,0,0,0,0,0,0,0,0,32.0,0,Unicorn_Absent,-1,-1.0,2,Unicorn_Absent,61,32.0,0,1.0,64,0.0,1.0,NOTHING,32.0,1.0,0.0,0.0,NOTHING
0,4707615085,18,470763,Absent,64,1,1,1,1,1,1,1,1,1,1,1,1,1,1,1,1,1,1,1,1,1,1,1,1,1,1,1,1,1,1,1,1,1,1,1,1,1,1,1,1,1,1,1,1,1,1,1,1,1,1,1,1,1,1,1,1,1,1,1,1,1,1,1,1,-4.0,36,Unicorn_Absent,-1,-1.0,1,Unicorn_Absent,397,32.0,64,0.5,64,0.0625,0.4375,ALL,0.0,0.5,32.0,1.0,TOP
0,4707615085,19,470763,Absent,32,1,1,1,1,1,1,1,1,1,1,1,1,1,1,1,1,1,1,1,1,1,1,1,1,1,1,1,1,1,1,1,1,0,0,0,0,0,0,0,0,0,0,0,0,0,0,0,0,0,0,0,0,0,0,0,0,0,0,0,0,0,0,0,0,32.0,0,Unicorn_Absent,-1,-1.0,4,Unicorn_Absent,429,32.0,32,0.5,32,0.5,0.5,TOP,-4.0,0.0,36.0,0.0625,NOTHING
0,4707615085,20,470763,Absent,0,0,0,0,0,0,0,0,0,0,0,0,0,0,0,0,0,0,0,0,0,0,0,0,0,0,0,0,0,0,0,0,0,0,0,0,0,0,0,0,0,0,0,0,0,0,0,0,0,0,0,0,0,0,0,0,0,0,0,0,0,0,0,0,0,32.0,0,Unicorn_Absent,-1,-1.0,2,Unicorn_Absent,461,32.0,0,0.0,0,1.0,0.0,NOTHING,32.0,1.0,0.0,0.5,NOTHING
0,4707615085,21,470763,Absent,0,0,0,0,0,0,0,0,0,0,0,0,0,0,0,0,0,0,0,0,0,0,0,0,0,0,0,0,0,0,0,0,0,0,0,0,0,0,0,0,0,0,0,0,0,0,0,0,0,0,0,0,0,0,0,0,0,0,0,0,0,0,0,0,0,32.0,0,Unicorn_Absent,-1,-1.0,2,Unicorn_Absent,493,32.0,0,1.0,0,0.0,0.0,NOTHING,32.0,1.0,0.0,1.0,NOTHING
0,4707615085,28,470763,Absent,36,0,0,0,0,0,0,0,0,0,1,1,1,1,1,1,0,0,1,1,1,1,1,1,0,0,1,1,1,1,1,1,0,0,1,1,1,1,1,1,0,0,1,1,1,1,1,1,0,0,1,1,1,1,1,1,0,0,0,0,0,0,0,0,0,14.0,18,Unicorn_Absent,-1,-1.0,7,Unicorn_Absent,411,14.0,36,0.36,50,0.36,0.5,IN,32.0,1.0,0.0,1.0,IN
0,4707615085,39,470763,Absent,0,0,0,0,0,0,0,0,0,0,0,0,0,0,0,0,0,0,0,0,0,0,0,0,0,0,0,0,0,0,0,0,0,0,0,0,0,0,0,0,0,0,0,0,0,0,0,0,0,0,0,0,0,0,0,0,0,0,0,0,0,0,0,0,0,32.0,0,Unicorn_Absent,-1,-1.0,2,Unicorn_Absent,539,32.0,0,0.0,32,0.3333333333333333,0.5,NOTHING,14.0,1.0,18.0,0.0,NOTHING
0,4707615085,42,470763,Absent,0,0,0,0,0,0,0,0,0,0,0,0,0,0,0,0,0,0,0,0,0,0,0,0,0,0,0,0,0,0,0,0,0,0,0,0,0,0,0,0,0,0,0,0,0,0,0,0,0,0,0,0,0,0,0,0,0,0,0,0,0,0,0,0,0,32.0,0,Unicorn_Absent,-1,-1.0,2,Unicorn_Absent,635,32.0,0,1.0,32,0.0,0.5,NOTHING,32.0,1.0,0.0,0.0,NOTHING
0,4707615085,49,470763,Absent,64,1,1,1,1,1,1,1,1,1,1,1,1,1,1,1,1,1,1,1,1,1,1,1,1,1,1,1,1,1,1,1,1,1,1,1,1,1,1,1,1,1,1,1,1,1,1,1,1,1,1,1,1,1,1,1,1,1,1,1,1,1,1,1,1,0.0,32,Unicorn_Absent,-1,-1.0,1,Unicorn_Absent,731,32.0,64,0.0,64,0.3333333333333333,0.5,ALL,32.0,1.0,0.0,0.0,ALL
0,4707615085,52,470763,Absent,64,1,1,1,1,1,1,1,1,1,1,1,1,1,1,1,1,1,1,1,1,1,1,1,1,1,1,1,1,1,1,1,1,1,1,1,1,1,1,1,1,1,1,1,1,1,1,1,1,1,1,1,1,1,1,1,1,1,1,1,1,1,1,1,1,32.0,0,Unicorn_Absent,-1,-1.0,1,Unicorn_Absent,827,32.0,64,1.0,64,0.0,1.0,ALL,32.0,1.0,0.0,1.0,ALL
0,4761375586,13,476132,Absent,28,1,1,1,1,1,1,1,1,1,0,0,0,0,0,0,1,1,0,0,0,0,0,0,1,1,0,0,0,0,0,0,1,1,0,0,0,0,0,0,1,1,0,0,0,0,0,0,1,1,0,0,0,0,0,0,1,1,1,1,1,1,1,1,1,18.0,14,Unicorn_Absent,-1,-1.0,8,Unicorn_Absent,224,32.0,28,1.0,46,0.0,0.5,OUT,18.0,1.0,14.0,0.0,OUT
0,4761375586,14,476132,Absent,28,1,1,1,1,1,1,1,1,1,0,0,0,0,0,0,1,1,0,0,0,0,0,0,1,1,0,0,0,0,0,0,1,1,0,0,0,0,0,0,1,1,0,0,0,0,0,0,1,1,0,0,0,0,0,0,1,1,1,1,1,1,1,1,1,32.0,0,Unicorn_Absent,-1,-1.0,8,Unicorn_Absent,256,32.0,28,1.0,64,0.64,1.0,OUT,18.0,1.0,14.0,0.0,OUT
0,4761375586,21,476132,Absent,28,1,1,1,1,1,1,1,1,1,0,0,0,0,0,0,1,1,0,0,0,0,0,0,1,1,0,0,0,0,0,0,1,1,0,0,0,0,0,0,1,1,0,0,0,0,0,0,1,1,0,0,0,0,0,0,1,1,1,1,1,1,1,1,1,32.0,0,Unicorn_Absent,-1,-1.0,8,Unicorn_Absent,480,32.0,28,1.0,64,0.0,1.0,OUT,32.0,1.0,0.0,0.0,OUT
0,4761375586,22,476132,Absent,28,1,1,1,1,1,1,1,1,1,0,0,0,0,0,0,1,1,0,0,0,0,0,0,1,1,0,0,0,0,0,0,1,1,0,0,0,0,0,0,1,1,0,0,0,0,0,0,1,1,0,0,0,0,0,0,1,1,1,1,1,1,1,1,1,32.0,0,Unicorn_Absent,-1,-1.0,8,Unicorn_Absent,512,32.0,28,1.0,64,0.0,1.0,OUT,32.0,1.0,0.0,0.0,OUT
0,4761375586,23,476132,Absent,28,1,1,1,1,1,1,1,1,1,0,0,0,0,0,0,1,1,0,0,0,0,0,0,1,1,0,0,0,0,0,0,1,1,0,0,0,0,0,0,1,1,0,0,0,0,0,0,1,1,0,0,0,0,0,0,1,1,1,1,1,1,1,1,1,32.0,0,Unicorn_Absent,-1,-1.0,8,Unicorn_Absent,544,32.0,28,1.0,64,0.0,1.0,OUT,32.0,1.0,0.0,0.0,OUT
0,4761375586,29,476132,Absent,32,1,1,1,1,1,1,1,1,1,1,1,1,1,1,1,1,1,1,1,1,1,1,1,1,1,1,1,1,1,1,1,1,0,0,0,0,0,0,0,0,0,0,0,0,0,0,0,0,0,0,0,0,0,0,0,0,0,0,0,0,0,0,0,0,19.0,13,Unicorn_Absent,-1,-1.0,4,Unicorn_Absent,611,14.0,32,0.30434782608695654,49,0.16231884057971013,0.5625,TOP,32.0,1.0,0.0,0.0,TOP
0,4761375586,30,476132,Absent,32,1,1,1,1,1,1,1,1,1,1,1,1,1,1,1,1,1,1,1,1,1,1,1,1,1,1,1,1,1,1,1,1,0,0,0,0,0,0,0,0,0,0,0,0,0,0,0,0,0,0,0,0,0,0,0,0,0,0,0,0,0,0,0,0,14.0,18,Unicorn_Absent,-1,-1.0,4,Unicorn_Absent,625,32.0,32,1.0,50,0.5333333333333333,0.5,TOP,19.0,0.30434782608695654,13.0,0.16231884057971013,OUT
0,4761375586,33,476132,Absent,28,1,1,1,1,1,1,1,1,1,0,0,0,0,0,0,1,1,0,0,0,0,0,0,1,1,0,0,0,0,0,0,1,1,0,0,0,0,0,0,1,1,0,0,0,0,0,0,1,1,0,0,0,0,0,0,1,1,1,1,1,1,1,1,1,32.0,0,Unicorn_Absent,-1,-1.0,8,Unicorn_Absent,721,32.0,28,1.0,64,0.0,1.0,OUT,32.0,1.0,0.0,0.6956521739130435,OUT
0,4761375586,34,476132,Absent,28,1,1,1,1,1,1,1,1,1,0,0,0,0,0,0,1,1,0,0,0,0,0,0,1,1,0,0,0,0,0,0,1,1,0,0,0,0,0,0,1,1,0,0,0,0,0,0,1,1,0,0,0,0,0,0,1,1,1,1,1,1,1,1,1,32.0,0,Unicorn_Absent,-1,-1.0,8,Unicorn_Absent,753,32.0,28,1.0,64,0.0,1.0,OUT,32.0,1.0,0.0,0.0,OUT
0,4761375586,35,476132,Absent,28,1,1,1,1,1,1,1,1,1,0,0,0,0,0,0,1,1,0,0,0,0,0,0,1,1,0,0,0,0,0,0,1,1,0,0,0,0,0,0,1,1,0,0,0,0,0,0,1,1,0,0,0,0,0,0,1,1,1,1,1,1,1,1,1,32.0,0,Unicorn_Absent,-1,-1.0,8,Unicorn_Absent,785,32.0,28,1.0,64,0.0,1.0,OUT,32.0,1.0,0.0,0.0,OUT
0,4761375586,43,476132,Absent,28,1,1,1,1,1,1,1,1,1,0,0,0,0,0,0,1,1,0,0,0,0,0,0,1,1,0,0,0,0,0,0,1,1,0,0,0,0,0,0,1,1,0,0,0,0,0,0,1,1,0,0,0,0,0,0,1,1,1,1,1,1,1,1,1,4.0,28,Unicorn_Absent,-1,-1.0,8,Unicorn_Absent,1013,0.0,28,1.0,64,0.4375,0.5625,OUT,32.0,0.30434782608695654,0.0,0.0,BOTTOM
0,4761375586,49,476132,Absent,0,0,0,0,0,0,0,0,0,0,0,0,0,0,0,0,0,0,0,0,0,0,0,0,0,0,0,0,0,0,0,0,0,0,0,0,0,0,0,0,0,0,0,0,0,0,0,0,0,0,0,0,0,0,0,0,0,0,0,0,0,0,0,0,0,32.0,0,Unicorn_Absent,-1,-1.0,2,Unicorn_Absent,1134,32.0,0,0.0,64,0.5,1.0,NOTHING,16.0,1.0,16.0,0.3333333333333333,NOTHING
0,4761375586,53,476132,Absent,0,0,0,0,0,0,0,0,0,0,0,0,0,0,0,0,0,0,0,0,0,0,0,0,0,0,0,0,0,0,0,0,0,0,0,0,0,0,0,0,0,0,0,0,0,0,0,0,0,0,0,0,0,0,0,0,0,0,0,0,0,0,0,0,0,32.0,0,Unicorn_Absent,-1,-1.0,2,Unicorn_Absent,1262,32.0,0,1.0,64,0.0,1.0,NOTHING,32.0,1.0,0.0,0.0,NOTHING
0,4761375586,56,476132,Absent,0,0,0,0,0,0,0,0,0,0,0,0,0,0,0,0,0,0,0,0,0,0,0,0,0,0,0,0,0,0,0,0,0,0,0,0,0,0,0,0,0,0,0,0,0,0,0,0,0,0,0,0,0,0,0,0,0,0,0,0,0,0,0,0,0,32.0,0,Unicorn_Absent,-1,-1.0,2,Unicorn_Absent,1358,32.0,0,1.0,64,0.0,1.0,NOTHING,32.0,1.0,0.0,0.0,NOTHING
0,4761375586,57,476132,Absent,0,0,0,0,0,0,0,0,0,0,0,0,0,0,0,0,0,0,0,0,0,0,0,0,0,0,0,0,0,0,0,0,0,0,0,0,0,0,0,0,0,0,0,0,0,0,0,0,0,0,0,0,0,0,0,0,0,0,0,0,0,0,0,0,0,32.0,0,Unicorn_Absent,-1,-1.0,2,Unicorn_Absent,1390,32.0,0,1.0,64,0.0,1.0,NOTHING,32.0,1.0,0.0,0.0,NOTHING
0,4761375586,13,755862,Absent,32,0,0,0,0,0,0,0,0,0,0,0,0,0,0,0,0,0,0,0,0,0,0,0,0,0,0,0,0,0,0,0,0,1,1,1,1,1,1,1,1,1,1,1,1,1,1,1,1,1,1,1,1,1,1,1,1,1,1,1,1,1,1,1,1,18.0,14,Unicorn_Absent,-1,-1.0,3,Unicorn_Absent,224,32.0,32,1.0,46,0.0,0.5,BOTTOM,18.0,0.36,14.0,0.0,IN
0,4761375586,14,755862,Absent,36,0,0,0,0,0,0,0,0,0,1,1,1,1,1,1,0,0,1,1,1,1,1,1,0,0,1,1,1,1,1,1,0,0,1,1,1,1,1,1,0,0,1,1,1,1,1,1,0,0,1,1,1,1,1,1,0,0,0,0,0,0,0,0,0,32.0,0,Unicorn_Absent,-1,-1.0,7,Unicorn_Absent,256,32.0,36,0.36,64,0.64,1.0,IN,18.0,1.0,14.0,0.0,IN
0,4761375586,21,755862,Absent,36,0,0,0,0,0,0,0,0,0,1,1,1,1,1,1,0,0,1,1,1,1,1,1,0,0,1,1,1,1,1,1,0,0,1,1,1,1,1,1,0,0,1,1,1,1,1,1,0,0,1,1,1,1,1,1,0,0,0,0,0,0,0,0,0,32.0,0,Unicorn_Absent,-1,-1.0,7,Unicorn_Absent,480,32.0,36,1.0,64,0.0,1.0,IN,32.0,1.0,0.0,0.0,IN
0,4761375586,22,755862,Absent,36,0,0,0,0,0,0,0,0,0,1,1,1,1,1,1,0,0,1,1,1,1,1,1,0,0,1,1,1,1,1,1,0,0,1,1,1,1,1,1,0,0,1,1,1,1,1,1,0,0,1,1,1,1,1,1,0,0,0,0,0,0,0,0,0,32.0,0,Unicorn_Absent,-1,-1.0,7,Unicorn_Absent,512,32.0,36,1.0,64,0.0,1.0,IN,32.0,1.0,0.0,0.0,IN
0,4761375586,23,755862,Absent,36,0,0,0,0,0,0,0,0,0,1,1,1,1,1,1,0,0,1,1,1,1,1,1,0,0,1,1,1,1,1,1,0,0,1,1,1,1,1,1,0,0,1,1,1,1,1,1,0,0,1,1,1,1,1,1,0,0,0,0,0,0,0,0,0,32.0,0,Unicorn_Absent,-1,-1.0,7,Unicorn_Absent,544,32.0,36,1.0,64,0.0,1.0,IN,32.0,1.0,0.0,0.0,IN
0,4761375586,29,755862,Absent,30,1,0,0,0,0,0,0,0,0,0,1,0,1,0,1,0,1,1,1,1,1,1,0,0,0,1,0,1,0,1,0,0,0,1,0,1,0,1,1,0,0,0,1,1,0,1,1,1,1,0,0,0,1,1,0,1,0,0,1,1,1,1,0,0,19.0,13,Unicorn_Absent,-1,-1.0,0,Unicorn_Absent,611,14.0,30,0.4666666666666667,49,0.16231884057971013,0.5625,RS,32.0,0.4666666666666667,0.0,0.0,IN
0,4761375586,30,755862,Absent,36,0,0,0,0,0,0,0,0,0,1,1,1,1,1,1,0,0,1,1,1,1,1,1,0,0,1,1,1,1,1,1,0,0,1,1,1,1,1,1,0,0,1,1,1,1,1,1,0,0,1,1,1,1,1,1,0,0,0,0,0,0,0,0,0,14.0,18,Unicorn_Absent,-1,-1.0,7,Unicorn_Absent,625,32.0,36,0.4666666666666667,50,0.5333333333333333,0.5,IN,19.0,1.0,13.0,0.16231884057971013,IN
0,4761375586,33,755862,Absent,36,0,0,0,0,0,0,0,0,0,1,1,1,1,1,1,0,0,1,1,1,1,1,1,0,0,1,1,1,1,1,1,0,0,1,1,1,1,1,1,0,0,1,1,1,1,1,1,0,0,1,1,1,1,1,1,0,0,0,0,0,0,0,0,0,32.0,0,Unicorn_Absent,-1,-1.0,7,Unicorn_Absent,721,32.0,36,1.0,64,0.0,1.0,IN,32.0,1.0,0.0,0.6956521739130435,IN
0,4761375586,34,755862,Absent,36,0,0,0,0,0,0,0,0,0,1,1,1,1,1,1,0,0,1,1,1,1,1,1,0,0,1,1,1,1,1,1,0,0,1,1,1,1,1,1,0,0,1,1,1,1,1,1,0,0,1,1,1,1,1,1,0,0,0,0,0,0,0,0,0,32.0,0,Unicorn_Absent,-1,-1.0,7,Unicorn_Absent,753,32.0,36,1.0,64,0.0,1.0,IN,32.0,1.0,0.0,0.0,IN
0,4761375586,35,755862,Absent,36,0,0,0,0,0,0,0,0,0,1,1,1,1,1,1,0,0,1,1,1,1,1,1,0,0,1,1,1,1,1,1,0,0,1,1,1,1,1,1,0,0,1,1,1,1,1,1,0,0,1,1,1,1,1,1,0,0,0,0,0,0,0,0,0,32.0,0,Unicorn_Absent,-1,-1.0,7,Unicorn_Absent,785,32.0,36,1.0,64,0.0,1.0,IN,32.0,1.0,0.0,0.0,IN
0,4761375586,43,755862,Absent,64,1,1,1,1,1,1,1,1,1,1,1,1,1,1,1,1,1,1,1,1,1,1,1,1,1,1,1,1,1,1,1,1,1,1,1,1,1,1,1,1,1,1,1,1,1,1,1,1,1,1,1,1,1,1,1,1,1,1,1,1,1,1,1,1,4.0,28,Unicorn_Absent,-1,-1.0,1,Unicorn_Absent,1013,0.0,64,0.5625,64,0.4375,0.5625,ALL,32.0,0.5,0.0,0.0,BOTTOM
0,4761375586,49,755862,Absent,64,1,1,1,1,1,1,1,1,1,1,1,1,1,1,1,1,1,1,1,1,1,1,1,1,1,1,1,1,1,1,1,1,1,1,1,1,1,1,1,1,1,1,1,1,1,1,1,1,1,1,1,1,1,1,1,1,1,1,1,1,1,1,1,1,32.0,0,Unicorn_Absent,-1,-1.0,1,Unicorn_Absent,1134,32.0,64,0.5,64,0.5,1.0,ALL,16.0,1.0,16.0,0.3333333333333333,ALL
0,4761375586,53,755862,Absent,64,1,1,1,1,1,1,1,1,1,1,1,1,1,1,1,1,1,1,1,1,1,1,1,1,1,1,1,1,1,1,1,1,1,1,1,1,1,1,1,1,1,1,1,1,1,1,1,1,1,1,1,1,1,1,1,1,1,1,1,1,1,1,1,1,32.0,0,Unicorn_Absent,-1,-1.0,1,Unicorn_Absent,1262,32.0,64,1.0,64,0.0,1.0,ALL,32.0,1.0,0.0,0.0,ALL
0,4761375586,56,755862,Absent,64,1,1,1,1,1,1,1,1,1,1,1,1,1,1,1,1,1,1,1,1,1,1,1,1,1,1,1,1,1,1,1,1,1,1,1,1,1,1,1,1,1,1,1,1,1,1,1,1,1,1,1,1,1,1,1,1,1,1,1,1,1,1,1,1,32.0,0,Unicorn_Absent,-1,-1.0,1,Unicorn_Absent,1358,32.0,64,1.0,64,0.0,1.0,ALL,32.0,1.0,0.0,0.0,ALL
0,4761375586,57,755862,Absent,64,1,1,1,1,1,1,1,1,1,1,1,1,1,1,1,1,1,1,1,1,1,1,1,1,1,1,1,1,1,1,1,1,1,1,1,1,1,1,1,1,1,1,1,1,1,1,1,1,1,1,1,1,1,1,1,1,1,1,1,1,1,1,1,1,32.0,0,Unicorn_Absent,-1,-1.0,1,Unicorn_Absent,1390,32.0,64,1.0,64,0.0,1.0,ALL,32.0,1.0,0.0,0.0,ALL
0,4770779487,3,47707,Absent,64,1,1,1,1,1,1,1,1,1,1,1,1,1,1,1,1,1,1,1,1,1,1,1,1,1,1,1,1,1,1,1,1,1,1,1,1,1,1,1,1,1,1,1,1,1,1,1,1,1,1,1,1,1,1,1,1,1,1,1,1,1,1,1,1,32.0,0,Unicorn_Absent,-1,-1.0,1,Unicorn_Absent,59,32.0,64,0.8125,64,0.8125,1.0,ALL,-5.0,1.0,37.0,,ALL
0,4770779487,6,47707,Absent,64,1,1,1,1,1,1,1,1,1,1,1,1,1,1,1,1,1,1,1,1,1,1,1,1,1,1,1,1,1,1,1,1,1,1,1,1,1,1,1,1,1,1,1,1,1,1,1,1,1,1,1,1,1,1,1,1,1,1,1,1,1,1,1,1,32.0,0,Unicorn_Absent,-1,-1.0,1,Unicorn_Absent,155,32.0,64,1.0,64,0.0,1.0,ALL,32.0,1.0,0.0,0.0,ALL
0,4770779487,7,47707,Absent,64,1,1,1,1,1,1,1,1,1,1,1,1,1,1,1,1,1,1,1,1,1,1,1,1,1,1,1,1,1,1,1,1,1,1,1,1,1,1,1,1,1,1,1,1,1,1,1,1,1,1,1,1,1,1,1,1,1,1,1,1,1,1,1,1,32.0,0,Unicorn_Absent,-1,-1.0,1,Unicorn_Absent,187,32.0,64,1.0,64,0.0,1.0,ALL,32.0,1.0,0.0,0.0,ALL
0,4770779487,10,47707,Absent,32,1,1,1,1,0,0,0,0,1,1,1,1,0,0,0,0,1,1,1,1,0,0,0,0,1,1,1,1,0,0,0,0,1,1,1,1,0,0,0,0,1,1,1,1,0,0,0,0,1,1,1,1,0,0,0,0,1,1,1,1,0,0,0,0,32.0,0,Unicorn_Absent,-1,-1.0,5,Unicorn_Absent,283,32.0,32,0.5,32,0.5,0.5,LEFT,32.0,1.0,0.0,0.0,LEFT
0,4770779487,17,47707,Absent,32,0,0,0,0,0,0,0,0,0,0,0,0,0,0,0,0,0,0,0,0,0,0,0,0,0,0,0,0,0,0,0,0,1,1,1,1,1,1,1,1,1,1,1,1,1,1,1,1,1,1,1,1,1,1,1,1,1,1,1,1,1,1,1,1,32.0,0,Unicorn_Absent,-1,-1.0,3,Unicorn_Absent,411,32.0,32,1.0,32,0.0,0.5,BOTTOM,32.0,1.0,0.0,0.5454545454545454,BOTTOM
0,4770779487,23,47707,Absent,28,1,1,1,1,1,1,1,1,1,0,0,0,0,0,0,1,1,0,0,0,0,0,0,1,1,0,0,0,0,0,0,1,1,0,0,0,0,0,0,1,1,0,0,0,0,0,0,1,1,0,0,0,0,0,0,1,1,1,1,1,1,1,1,1,4.0,28,Unicorn_Absent,-1,-1.0,8,Unicorn_Absent,479,18.0,28,0.30434782608695654,64,0.30434782608695654,0.5625,OUT,32.0,1.0,0.0,0.0,OUT
0,4770779487,35,47707,Absent,32,1,1,1,1,0,0,0,0,1,1,1,1,0,0,0,0,1,1,1,1,0,0,0,0,1,1,1,1,0,0,0,0,1,1,1,1,0,0,0,0,1,1,1,1,0,0,0,0,1,1,1,1,0,0,0,0,1,1,1,1,0,0,0,0,32.0,0,Unicorn_Absent,-1,-1.0,5,Unicorn_Absent,515,32.0,32,0.24444444444444444,64,0.7555555555555555,1.0,LEFT,19.0,1.0,13.0,0.033333333333333326,LEFT
0,4770779487,36,47707,Absent,32,1,1,1,1,0,0,0,0,1,1,1,1,0,0,0,0,1,1,1,1,0,0,0,0,1,1,1,1,0,0,0,0,1,1,1,1,0,0,0,0,1,1,1,1,0,0,0,0,1,1,1,1,0,0,0,0,1,1,1,1,0,0,0,0,32.0,0,Unicorn_Absent,-1,-1.0,5,Unicorn_Absent,547,32.0,32,1.0,64,0.0,1.0,LEFT,32.0,1.0,0.0,0.7555555555555555,LEFT
0,4770779487,47,47707,Absent,32,0,0,0,0,0,0,0,0,0,0,0,0,0,0,0,0,0,0,0,0,0,0,0,0,0,0,0,0,0,0,0,0,1,1,1,1,1,1,1,1,1,1,1,1,1,1,1,1,1,1,1,1,1,1,1,1,1,1,1,1,1,1,1,1,16.0,16,Unicorn_Absent,-1,-1.0,3,Unicorn_Absent,849,16.0,32,1.0,48,0.0,0.5,BOTTOM,16.0,1.0,16.0,0.0,BOTTOM
0,4770779487,50,47707,Absent,32,0,0,0,0,0,0,0,0,0,0,0,0,0,0,0,0,0,0,0,0,0,0,0,0,0,0,0,0,0,0,0,0,1,1,1,1,1,1,1,1,1,1,1,1,1,1,1,1,1,1,1,1,1,1,1,1,1,1,1,1,1,1,1,1,16.0,16,Unicorn_Absent,-1,-1.0,3,Unicorn_Absent,913,16.0,32,1.0,48,0.0,0.5,BOTTOM,16.0,1.0,16.0,0.0,BOTTOM
0,4770779487,51,47707,Absent,32,0,0,0,0,0,0,0,0,0,0,0,0,0,0,0,0,0,0,0,0,0,0,0,0,0,0,0,0,0,0,0,0,1,1,1,1,1,1,1,1,1,1,1,1,1,1,1,1,1,1,1,1,1,1,1,1,1,1,1,1,1,1,1,1,16.0,16,Unicorn_Absent,-1,-1.0,3,Unicorn_Absent,929,16.0,32,1.0,48,0.0,0.5,BOTTOM,16.0,1.0,16.0,0.0,BOTTOM
0,4770779487,52,47707,Absent,32,0,0,0,0,0,0,0,0,0,0,0,0,0,0,0,0,0,0,0,0,0,0,0,0,0,0,0,0,0,0,0,0,1,1,1,1,1,1,1,1,1,1,1,1,1,1,1,1,1,1,1,1,1,1,1,1,1,1,1,1,1,1,1,1,16.0,16,Unicorn_Absent,-1,-1.0,3,Unicorn_Absent,945,16.0,32,1.0,48,0.0,0.5,BOTTOM,16.0,1.0,16.0,0.0,BOTTOM
0,4770779487,56,47707,Absent,32,0,0,0,0,0,0,0,0,0,0,0,0,0,0,0,0,0,0,0,0,0,0,0,0,0,0,0,0,0,0,0,0,1,1,1,1,1,1,1,1,1,1,1,1,1,1,1,1,1,1,1,1,1,1,1,1,1,1,1,1,1,1,1,1,14.0,18,Unicorn_Absent,-1,-1.0,3,Unicorn_Absent,926,14.0,32,1.0,50,0.64,0.5,BOTTOM,16.0,1.0,16.0,0.0,BOTTOM
0,4770779487,3,794879,Absent,0,0,0,0,0,0,0,0,0,0,0,0,0,0,0,0,0,0,0,0,0,0,0,0,0,0,0,0,0,0,0,0,0,0,0,0,0,0,0,0,0,0,0,0,0,0,0,0,0,0,0,0,0,0,0,0,0,0,0,0,0,0,0,0,0,32.0,0,Unicorn_Absent,-1,-1.0,2,Unicorn_Absent,59,32.0,0,0.0,64,0.8125,1.0,NOTHING,-5.0,1.0,37.0,,NOTHING
0,4770779487,6,794879,Absent,0,0,0,0,0,0,0,0,0,0,0,0,0,0,0,0,0,0,0,0,0,0,0,0,0,0,0,0,0,0,0,0,0,0,0,0,0,0,0,0,0,0,0,0,0,0,0,0,0,0,0,0,0,0,0,0,0,0,0,0,0,0,0,0,0,32.0,0,Unicorn_Absent,-1,-1.0,2,Unicorn_Absent,155,32.0,0,1.0,64,0.0,1.0,NOTHING,32.0,1.0,0.0,0.0,NOTHING
0,4770779487,7,794879,Absent,0,0,0,0,0,0,0,0,0,0,0,0,0,0,0,0,0,0,0,0,0,0,0,0,0,0,0,0,0,0,0,0,0,0,0,0,0,0,0,0,0,0,0,0,0,0,0,0,0,0,0,0,0,0,0,0,0,0,0,0,0,0,0,0,0,32.0,0,Unicorn_Absent,-1,-1.0,2,Unicorn_Absent,187,32.0,0,1.0,64,0.0,1.0,NOTHING,32.0,1.0,0.0,0.0,NOTHING
0,4770779487,10,794879,Absent,0,0,0,0,0,0,0,0,0,0,0,0,0,0,0,0,0,0,0,0,0,0,0,0,0,0,0,0,0,0,0,0,0,0,0,0,0,0,0,0,0,0,0,0,0,0,0,0,0,0,0,0,0,0,0,0,0,0,0,0,0,0,0,0,0,32.0,0,Unicorn_Absent,-1,-1.0,2,Unicorn_Absent,283,32.0,0,1.0,32,0.5,0.5,NOTHING,32.0,1.0,0.0,0.0,NOTHING
0,4770779487,17,794879,Absent,0,0,0,0,0,0,0,0,0,0,0,0,0,0,0,0,0,0,0,0,0,0,0,0,0,0,0,0,0,0,0,0,0,0,0,0,0,0,0,0,0,0,0,0,0,0,0,0,0,0,0,0,0,0,0,0,0,0,0,0,0,0,0,0,0,32.0,0,Unicorn_Absent,-1,-1.0,2,Unicorn_Absent,411,32.0,0,1.0,32,0.0,0.5,NOTHING,32.0,1.0,0.0,0.5454545454545454,NOTHING
0,4770779487,23,794879,Absent,64,1,1,1,1,1,1,1,1,1,1,1,1,1,1,1,1,1,1,1,1,1,1,1,1,1,1,1,1,1,1,1,1,1,1,1,1,1,1,1,1,1,1,1,1,1,1,1,1,1,1,1,1,1,1,1,1,1,1,1,1,1,1,1,1,4.0,28,Unicorn_Absent,-1,-1.0,1,Unicorn_Absent,479,18.0,64,0.0,64,0.30434782608695654,0.5625,ALL,32.0,0.5,0.0,0.0,TOP
0,4770779487,35,794879,Absent,32,0,0,0,0,1,1,1,1,0,0,0,0,1,1,1,1,0,0,0,0,1,1,1,1,0,0,0,0,1,1,1,1,0,0,0,0,1,1,1,1,0,0,0,0,1,1,1,1,0,0,0,0,1,1,1,1,0,0,0,0,1,1,1,1,32.0,0,Unicorn_Absent,-1,-1.0,6,Unicorn_Absent,515,32.0,32,1.0,64,0.7555555555555555,1.0,RIGHT,19.0,1.0,13.0,0.033333333333333326,RIGHT
0,4770779487,36,794879,Absent,32,0,0,0,0,1,1,1,1,0,0,0,0,1,1,1,1,0,0,0,0,1,1,1,1,0,0,0,0,1,1,1,1,0,0,0,0,1,1,1,1,0,0,0,0,1,1,1,1,0,0,0,0,1,1,1,1,0,0,0,0,1,1,1,1,32.0,0,Unicorn_Absent,-1,-1.0,6,Unicorn_Absent,547,32.0,32,1.0,64,0.0,1.0,RIGHT,32.0,1.0,0.0,0.7555555555555555,RIGHT
0,4770779487,47,794879,Absent,32,0,0,0,0,1,1,1,1,0,0,0,0,1,1,1,1,0,0,0,0,1,1,1,1,0,0,0,0,1,1,1,1,0,0,0,0,1,1,1,1,0,0,0,0,1,1,1,1,0,0,0,0,1,1,1,1,0,0,0,0,1,1,1,1,16.0,16,Unicorn_Absent,-1,-1.0,6,Unicorn_Absent,849,16.0,32,1.0,48,0.0,0.5,RIGHT,16.0,1.0,16.0,0.0,RIGHT
0,4770779487,50,794879,Absent,32,0,0,0,0,1,1,1,1,0,0,0,0,1,1,1,1,0,0,0,0,1,1,1,1,0,0,0,0,1,1,1,1,0,0,0,0,1,1,1,1,0,0,0,0,1,1,1,1,0,0,0,0,1,1,1,1,0,0,0,0,1,1,1,1,16.0,16,Unicorn_Absent,-1,-1.0,6,Unicorn_Absent,913,16.0,32,1.0,48,0.0,0.5,RIGHT,16.0,1.0,16.0,0.0,RIGHT
0,4770779487,51,794879,Absent,32,0,0,0,0,1,1,1,1,0,0,0,0,1,1,1,1,0,0,0,0,1,1,1,1,0,0,0,0,1,1,1,1,0,0,0,0,1,1,1,1,0,0,0,0,1,1,1,1,0,0,0,0,1,1,1,1,0,0,0,0,1,1,1,1,16.0,16,Unicorn_Absent,-1,-1.0,6,Unicorn_Absent,929,16.0,32,1.0,48,0.0,0.5,RIGHT,16.0,1.0,16.0,0.0,RIGHT
0,4770779487,52,794879,Absent,32,0,0,0,0,1,1,1,1,0,0,0,0,1,1,1,1,0,0,0,0,1,1,1,1,0,0,0,0,1,1,1,1,0,0,0,0,1,1,1,1,0,0,0,0,1,1,1,1,0,0,0,0,1,1,1,1,0,0,0,0,1,1,1,1,16.0,16,Unicorn_Absent,-1,-1.0,6,Unicorn_Absent,945,16.0,32,1.0,48,0.0,0.5,RIGHT,16.0,1.0,16.0,0.0,RIGHT
0,4770779487,56,794879,Absent,36,0,0,0,0,0,0,0,0,0,1,1,1,1,1,1,0,0,1,1,1,1,1,1,0,0,1,1,1,1,1,1,0,0,1,1,1,1,1,1,0,0,1,1,1,1,1,1,0,0,1,1,1,1,1,1,0,0,0,0,0,0,0,0,0,14.0,18,Unicorn_Absent,-1,-1.0,7,Unicorn_Absent,926,14.0,36,0.36,50,0.64,0.5,IN,16.0,1.0,16.0,0.0,IN
0,5118043427,9,434272,Absent,32,1,1,1,1,0,0,0,0,1,1,1,1,0,0,0,0,1,1,1,1,0,0,0,0,1,1,1,1,0,0,0,0,1,1,1,1,0,0,0,0,1,1,1,1,0,0,0,0,1,1,1,1,0,0,0,0,1,1,1,1,0,0,0,0,16.0,16,Unicorn_Absent,-1,-1.0,5,Unicorn_Absent,206,16.0,32,0.36,48,0.64,0.5,LEFT,14.0,1.0,18.0,0.5,LEFT
0,5118043427,10,434272,Absent,32,1,1,1,1,0,0,0,0,1,1,1,1,0,0,0,0,1,1,1,1,0,0,0,0,1,1,1,1,0,0,0,0,1,1,1,1,0,0,0,0,1,1,1,1,0,0,0,0,1,1,1,1,0,0,0,0,1,1,1,1,0,0,0,0,16.0,16,Unicorn_Absent,-1,-1.0,5,Unicorn_Absent,222,16.0,32,1.0,48,0.0,0.5,LEFT,16.0,1.0,16.0,0.64,LEFT
0,5118043427,13,434272,Absent,32,1,1,1,1,0,0,0,0,1,1,1,1,0,0,0,0,1,1,1,1,0,0,0,0,1,1,1,1,0,0,0,0,1,1,1,1,0,0,0,0,1,1,1,1,0,0,0,0,1,1,1,1,0,0,0,0,1,1,1,1,0,0,0,0,16.0,16,Unicorn_Absent,-1,-1.0,5,Unicorn_Absent,275,16.0,32,1.0,48,0.0,0.5,LEFT,16.0,1.0,16.0,0.0,LEFT
0,5118043427,14,434272,Absent,32,1,1,1,1,0,0,0,0,1,1,1,1,0,0,0,0,1,1,1,1,0,0,0,0,1,1,1,1,0,0,0,0,1,1,1,1,0,0,0,0,1,1,1,1,0,0,0,0,1,1,1,1,0,0,0,0,1,1,1,1,0,0,0,0,16.0,16,Unicorn_Absent,-1,-1.0,5,Unicorn_Absent,291,16.0,32,1.0,48,0.0,0.5,LEFT,16.0,1.0,16.0,0.0,LEFT
0,5118043427,15,434272,Absent,32,1,1,1,1,0,0,0,0,1,1,1,1,0,0,0,0,1,1,1,1,0,0,0,0,1,1,1,1,0,0,0,0,1,1,1,1,0,0,0,0,1,1,1,1,0,0,0,0,1,1,1,1,0,0,0,0,1,1,1,1,0,0,0,0,16.0,16,Unicorn_Absent,-1,-1.0,5,Unicorn_Absent,307,16.0,32,1.0,48,0.0,0.5,LEFT,16.0,1.0,16.0,0.0,LEFT
0,5118043427,16,434272,Absent,32,1,1,1,1,0,0,0,0,1,1,1,1,0,0,0,0,1,1,1,1,0,0,0,0,1,1,1,1,0,0,0,0,1,1,1,1,0,0,0,0,1,1,1,1,0,0,0,0,1,1,1,1,0,0,0,0,1,1,1,1,0,0,0,0,16.0,16,Unicorn_Absent,-1,-1.0,5,Unicorn_Absent,323,16.0,32,1.0,48,0.0,0.5,LEFT,16.0,1.0,16.0,0.0,LEFT
0,5118043427,19,434272,Absent,32,1,1,1,1,0,0,0,0,1,1,1,1,0,0,0,0,1,1,1,1,0,0,0,0,1,1,1,1,0,0,0,0,1,1,1,1,0,0,0,0,1,1,1,1,0,0,0,0,1,1,1,1,0,0,0,0,1,1,1,1,0,0,0,0,32.0,0,Unicorn_Absent,-1,-1.0,5,Unicorn_Absent,403,32.0,32,1.0,32,1.0,0.5,LEFT,16.0,1.0,16.0,0.0,LEFT
0,5118043427,20,434272,Absent,32,1,1,1,1,0,0,0,0,1,1,1,1,0,0,0,0,1,1,1,1,0,0,0,0,1,1,1,1,0,0,0,0,1,1,1,1,0,0,0,0,1,1,1,1,0,0,0,0,1,1,1,1,0,0,0,0,1,1,1,1,0,0,0,0,32.0,0,Unicorn_Absent,-1,-1.0,5,Unicorn_Absent,435,32.0,32,1.0,32,0.0,0.5,LEFT,32.0,1.0,0.0,1.0,LEFT
0,5118043427,21,434272,Absent,32,1,1,1,1,0,0,0,0,1,1,1,1,0,0,0,0,1,1,1,1,0,0,0,0,1,1,1,1,0,0,0,0,1,1,1,1,0,0,0,0,1,1,1,1,0,0,0,0,1,1,1,1,0,0,0,0,1,1,1,1,0,0,0,0,32.0,0,Unicorn_Absent,-1,-1.0,5,Unicorn_Absent,467,32.0,32,1.0,32,0.0,0.5,LEFT,32.0,1.0,0.0,0.0,LEFT
0,5118043427,22,434272,Absent,32,1,1,1,1,0,0,0,0,1,1,1,1,0,0,0,0,1,1,1,1,0,0,0,0,1,1,1,1,0,0,0,0,1,1,1,1,0,0,0,0,1,1,1,1,0,0,0,0,1,1,1,1,0,0,0,0,1,1,1,1,0,0,0,0,32.0,0,Unicorn_Absent,-1,-1.0,5,Unicorn_Absent,499,32.0,32,1.0,32,0.0,0.5,LEFT,32.0,1.0,0.0,0.0,LEFT
0,5118043427,23,434272,Absent,32,1,1,1,1,0,0,0,0,1,1,1,1,0,0,0,0,1,1,1,1,0,0,0,0,1,1,1,1,0,0,0,0,1,1,1,1,0,0,0,0,1,1,1,1,0,0,0,0,1,1,1,1,0,0,0,0,1,1,1,1,0,0,0,0,32.0,0,Unicorn_Absent,-1,-1.0,5,Unicorn_Absent,531,32.0,32,1.0,32,0.0,0.5,LEFT,32.0,1.0,0.0,0.0,LEFT
0,5118043427,24,434272,Absent,32,1,1,1,1,0,0,0,0,1,1,1,1,0,0,0,0,1,1,1,1,0,0,0,0,1,1,1,1,0,0,0,0,1,1,1,1,0,0,0,0,1,1,1,1,0,0,0,0,1,1,1,1,0,0,0,0,1,1,1,1,0,0,0,0,32.0,0,Unicorn_Absent,-1,-1.0,5,Unicorn_Absent,563,32.0,32,1.0,32,0.0,0.5,LEFT,32.0,1.0,0.0,0.0,LEFT
0,5118043427,37,434272,Absent,32,0,0,0,0,0,0,0,0,0,0,0,0,0,0,0,0,0,0,0,0,0,0,0,0,0,0,0,0,0,0,0,0,1,1,1,1,1,1,1,1,1,1,1,1,1,1,1,1,1,1,1,1,1,1,1,1,1,1,1,1,1,1,1,1,32.0,0,Unicorn_Absent,-1,-1.0,3,Unicorn_Absent,766,32.0,32,1.0,64,0.0,1.0,BOTTOM,32.0,1.0,0.0,0.0,BOTTOM
0,5118043427,43,434272,Absent,32,0,0,0,0,0,0,0,0,0,0,0,0,0,0,0,0,0,0,0,0,0,0,0,0,0,0,0,0,0,0,0,0,1,1,1,1,1,1,1,1,1,1,1,1,1,1,1,1,1,1,1,1,1,1,1,1,1,1,1,1,1,1,1,1,32.0,0,Unicorn_Absent,-1,-1.0,3,Unicorn_Absent,958,32.0,32,1.0,64,0.0,1.0,BOTTOM,32.0,1.0,0.0,0.0,BOTTOM
0,5118043427,44,434272,Absent,32,0,0,0,0,0,0,0,0,0,0,0,0,0,0,0,0,0,0,0,0,0,0,0,0,0,0,0,0,0,0,0,0,1,1,1,1,1,1,1,1,1,1,1,1,1,1,1,1,1,1,1,1,1,1,1,1,1,1,1,1,1,1,1,1,32.0,0,Unicorn_Absent,-1,-1.0,3,Unicorn_Absent,990,32.0,32,1.0,64,0.0,1.0,BOTTOM,32.0,1.0,0.0,0.0,BOTTOM
0,5118043427,45,434272,Absent,32,0,0,0,0,0,0,0,0,0,0,0,0,0,0,0,0,0,0,0,0,0,0,0,0,0,0,0,0,0,0,0,0,1,1,1,1,1,1,1,1,1,1,1,1,1,1,1,1,1,1,1,1,1,1,1,1,1,1,1,1,1,1,1,1,32.0,0,Unicorn_Absent,-1,-1.0,3,Unicorn_Absent,1022,32.0,32,1.0,64,0.0,1.0,BOTTOM,32.0,1.0,0.0,0.0,BOTTOM
0,5118043427,46,434272,Absent,32,0,0,0,0,0,0,0,0,0,0,0,0,0,0,0,0,0,0,0,0,0,0,0,0,0,0,0,0,0,0,0,0,1,1,1,1,1,1,1,1,1,1,1,1,1,1,1,1,1,1,1,1,1,1,1,1,1,1,1,1,1,1,1,1,32.0,0,Unicorn_Absent,-1,-1.0,3,Unicorn_Absent,1054,32.0,32,1.0,64,0.0,1.0,BOTTOM,32.0,1.0,0.0,0.0,BOTTOM
0,5118043427,54,434272,Absent,32,0,0,0,0,0,0,0,0,0,0,0,0,0,0,0,0,0,0,0,0,0,0,0,0,0,0,0,0,0,0,0,0,1,1,1,1,1,1,1,1,1,1,1,1,1,1,1,1,1,1,1,1,1,1,1,1,1,1,1,1,1,1,1,1,32.0,0,Unicorn_Absent,-1,-1.0,3,Unicorn_Absent,1310,15.0,32,1.0,64,0.0,1.0,BOTTOM,32.0,1.0,0.0,0.0,BOTTOM
0,5118043427,57,434272,Absent,32,0,0,0,0,0,0,0,0,0,0,0,0,0,0,0,0,0,0,0,0,0,0,0,0,0,0,0,0,0,0,0,0,1,1,1,1,1,1,1,1,1,1,1,1,1,1,1,1,1,1,1,1,1,1,1,1,1,1,1,1,1,1,1,1,18.0,14,Unicorn_Absent,-1,-1.0,3,Unicorn_Absent,1375,18.0,32,1.0,46,0.7407407407407407,0.5,BOTTOM,15.0,1.0,17.0,0.5306122448979591,BOTTOM
0,5118043427,58,434272,Absent,32,0,0,0,0,0,0,0,0,0,0,0,0,0,0,0,0,0,0,0,0,0,0,0,0,0,0,0,0,0,0,0,0,1,1,1,1,1,1,1,1,1,1,1,1,1,1,1,1,1,1,1,1,1,1,1,1,1,1,1,1,1,1,1,1,18.0,14,Unicorn_Absent,-1,-1.0,3,Unicorn_Absent,1393,18.0,32,1.0,46,0.0,0.5,BOTTOM,18.0,1.0,14.0,0.7407407407407407,BOTTOM
0,5118043427,59,434272,Absent,32,0,0,0,0,0,0,0,0,0,0,0,0,0,0,0,0,0,0,0,0,0,0,0,0,0,0,0,0,0,0,0,0,1,1,1,1,1,1,1,1,1,1,1,1,1,1,1,1,1,1,1,1,1,1,1,1,1,1,1,1,1,1,1,1,18.0,14,Unicorn_Absent,-1,-1.0,3,Unicorn_Absent,1411,18.0,32,1.0,46,0.0,0.5,BOTTOM,18.0,1.0,14.0,0.0,BOTTOM
0,5118043427,9,511805,Absent,32,0,0,0,0,0,0,0,0,0,0,0,0,0,0,0,0,0,0,0,0,0,0,0,0,0,0,0,0,0,0,0,0,1,1,1,1,1,1,1,1,1,1,1,1,1,1,1,1,1,1,1,1,1,1,1,1,1,1,1,1,1,1,1,1,16.0,16,Unicorn_Absent,-1,-1.0,3,Unicorn_Absent,206,16.0,32,1.0,48,0.64,0.5,BOTTOM,14.0,1.0,18.0,0.5,BOTTOM
0,5118043427,10,511805,Absent,32,0,0,0,0,0,0,0,0,0,0,0,0,0,0,0,0,0,0,0,0,0,0,0,0,0,0,0,0,0,0,0,0,1,1,1,1,1,1,1,1,1,1,1,1,1,1,1,1,1,1,1,1,1,1,1,1,1,1,1,1,1,1,1,1,16.0,16,Unicorn_Absent,-1,-1.0,3,Unicorn_Absent,222,16.0,32,1.0,48,0.0,0.5,BOTTOM,16.0,1.0,16.0,0.64,BOTTOM
0,5118043427,13,511805,Absent,32,0,0,0,0,0,0,0,0,0,0,0,0,0,0,0,0,0,0,0,0,0,0,0,0,0,0,0,0,0,0,0,0,1,1,1,1,1,1,1,1,1,1,1,1,1,1,1,1,1,1,1,1,1,1,1,1,1,1,1,1,1,1,1,1,16.0,16,Unicorn_Absent,-1,-1.0,3,Unicorn_Absent,275,16.0,32,1.0,48,0.0,0.5,BOTTOM,16.0,1.0,16.0,0.0,BOTTOM
0,5118043427,14,511805,Absent,32,0,0,0,0,0,0,0,0,0,0,0,0,0,0,0,0,0,0,0,0,0,0,0,0,0,0,0,0,0,0,0,0,1,1,1,1,1,1,1,1,1,1,1,1,1,1,1,1,1,1,1,1,1,1,1,1,1,1,1,1,1,1,1,1,16.0,16,Unicorn_Absent,-1,-1.0,3,Unicorn_Absent,291,16.0,32,1.0,48,0.0,0.5,BOTTOM,16.0,1.0,16.0,0.0,BOTTOM
0,5118043427,15,511805,Absent,32,0,0,0,0,0,0,0,0,0,0,0,0,0,0,0,0,0,0,0,0,0,0,0,0,0,0,0,0,0,0,0,0,1,1,1,1,1,1,1,1,1,1,1,1,1,1,1,1,1,1,1,1,1,1,1,1,1,1,1,1,1,1,1,1,16.0,16,Unicorn_Absent,-1,-1.0,3,Unicorn_Absent,307,16.0,32,1.0,48,0.0,0.5,BOTTOM,16.0,1.0,16.0,0.0,BOTTOM
0,5118043427,16,511805,Absent,32,0,0,0,0,0,0,0,0,0,0,0,0,0,0,0,0,0,0,0,0,0,0,0,0,0,0,0,0,0,0,0,0,1,1,1,1,1,1,1,1,1,1,1,1,1,1,1,1,1,1,1,1,1,1,1,1,1,1,1,1,1,1,1,1,16.0,16,Unicorn_Absent,-1,-1.0,3,Unicorn_Absent,323,16.0,32,1.0,48,0.0,0.5,BOTTOM,16.0,1.0,16.0,0.0,BOTTOM
0,5118043427,19,511805,Absent,0,0,0,0,0,0,0,0,0,0,0,0,0,0,0,0,0,0,0,0,0,0,0,0,0,0,0,0,0,0,0,0,0,0,0,0,0,0,0,0,0,0,0,0,0,0,0,0,0,0,0,0,0,0,0,0,0,0,0,0,0,0,0,0,0,32.0,0,Unicorn_Absent,-1,-1.0,2,Unicorn_Absent,403,32.0,0,0.0,32,1.0,0.5,NOTHING,16.0,1.0,16.0,0.0,NOTHING
0,5118043427,20,511805,Absent,0,0,0,0,0,0,0,0,0,0,0,0,0,0,0,0,0,0,0,0,0,0,0,0,0,0,0,0,0,0,0,0,0,0,0,0,0,0,0,0,0,0,0,0,0,0,0,0,0,0,0,0,0,0,0,0,0,0,0,0,0,0,0,0,0,32.0,0,Unicorn_Absent,-1,-1.0,2,Unicorn_Absent,435,32.0,0,1.0,32,0.0,0.5,NOTHING,32.0,1.0,0.0,1.0,NOTHING
0,5118043427,21,511805,Absent,0,0,0,0,0,0,0,0,0,0,0,0,0,0,0,0,0,0,0,0,0,0,0,0,0,0,0,0,0,0,0,0,0,0,0,0,0,0,0,0,0,0,0,0,0,0,0,0,0,0,0,0,0,0,0,0,0,0,0,0,0,0,0,0,0,32.0,0,Unicorn_Absent,-1,-1.0,2,Unicorn_Absent,467,32.0,0,1.0,32,0.0,0.5,NOTHING,32.0,1.0,0.0,0.0,NOTHING
0,5118043427,22,511805,Absent,0,0,0,0,0,0,0,0,0,0,0,0,0,0,0,0,0,0,0,0,0,0,0,0,0,0,0,0,0,0,0,0,0,0,0,0,0,0,0,0,0,0,0,0,0,0,0,0,0,0,0,0,0,0,0,0,0,0,0,0,0,0,0,0,0,32.0,0,Unicorn_Absent,-1,-1.0,2,Unicorn_Absent,499,32.0,0,1.0,32,0.0,0.5,NOTHING,32.0,1.0,0.0,0.0,NOTHING
0,5118043427,23,511805,Absent,0,0,0,0,0,0,0,0,0,0,0,0,0,0,0,0,0,0,0,0,0,0,0,0,0,0,0,0,0,0,0,0,0,0,0,0,0,0,0,0,0,0,0,0,0,0,0,0,0,0,0,0,0,0,0,0,0,0,0,0,0,0,0,0,0,32.0,0,Unicorn_Absent,-1,-1.0,2,Unicorn_Absent,531,32.0,0,1.0,32,0.0,0.5,NOTHING,32.0,1.0,0.0,0.0,NOTHING
0,5118043427,24,511805,Absent,0,0,0,0,0,0,0,0,0,0,0,0,0,0,0,0,0,0,0,0,0,0,0,0,0,0,0,0,0,0,0,0,0,0,0,0,0,0,0,0,0,0,0,0,0,0,0,0,0,0,0,0,0,0,0,0,0,0,0,0,0,0,0,0,0,32.0,0,Unicorn_Absent,-1,-1.0,2,Unicorn_Absent,563,32.0,0,1.0,32,0.0,0.5,NOTHING,32.0,1.0,0.0,0.0,NOTHING
0,5118043427,37,511805,Absent,32,1,1,1,1,1,1,1,1,1,1,1,1,1,1,1,1,1,1,1,1,1,1,1,1,1,1,1,1,1,1,1,1,0,0,0,0,0,0,0,0,0,0,0,0,0,0,0,0,0,0,0,0,0,0,0,0,0,0,0,0,0,0,0,0,32.0,0,Unicorn_Absent,-1,-1.0,4,Unicorn_Absent,766,32.0,32,1.0,64,0.0,1.0,TOP,32.0,1.0,0.0,0.0,TOP
0,5118043427,43,511805,Absent,32,1,1,1,1,1,1,1,1,1,1,1,1,1,1,1,1,1,1,1,1,1,1,1,1,1,1,1,1,1,1,1,1,0,0,0,0,0,0,0,0,0,0,0,0,0,0,0,0,0,0,0,0,0,0,0,0,0,0,0,0,0,0,0,0,32.0,0,Unicorn_Absent,-1,-1.0,4,Unicorn_Absent,958,32.0,32,1.0,64,0.0,1.0,TOP,32.0,1.0,0.0,0.0,TOP
0,5118043427,44,511805,Absent,32,1,1,1,1,1,1,1,1,1,1,1,1,1,1,1,1,1,1,1,1,1,1,1,1,1,1,1,1,1,1,1,1,0,0,0,0,0,0,0,0,0,0,0,0,0,0,0,0,0,0,0,0,0,0,0,0,0,0,0,0,0,0,0,0,32.0,0,Unicorn_Absent,-1,-1.0,4,Unicorn_Absent,990,32.0,32,1.0,64,0.0,1.0,TOP,32.0,1.0,0.0,0.0,TOP
0,5118043427,45,511805,Absent,32,1,1,1,1,1,1,1,1,1,1,1,1,1,1,1,1,1,1,1,1,1,1,1,1,1,1,1,1,1,1,1,1,0,0,0,0,0,0,0,0,0,0,0,0,0,0,0,0,0,0,0,0,0,0,0,0,0,0,0,0,0,0,0,0,32.0,0,Unicorn_Absent,-1,-1.0,4,Unicorn_Absent,1022,32.0,32,1.0,64,0.0,1.0,TOP,32.0,1.0,0.0,0.0,TOP
0,5118043427,46,511805,Absent,32,1,1,1,1,1,1,1,1,1,1,1,1,1,1,1,1,1,1,1,1,1,1,1,1,1,1,1,1,1,1,1,1,0,0,0,0,0,0,0,0,0,0,0,0,0,0,0,0,0,0,0,0,0,0,0,0,0,0,0,0,0,0,0,0,32.0,0,Unicorn_Absent,-1,-1.0,4,Unicorn_Absent,1054,32.0,32,1.0,64,0.0,1.0,TOP,32.0,1.0,0.0,0.0,TOP
0,5118043427,54,511805,Absent,32,1,1,1,1,1,1,1,1,1,1,1,1,1,1,1,1,1,1,1,1,1,1,1,1,1,1,1,1,1,1,1,1,0,0,0,0,0,0,0,0,0,0,0,0,0,0,0,0,0,0,0,0,0,0,0,0,0,0,0,0,0,0,0,0,32.0,0,Unicorn_Absent,-1,-1.0,4,Unicorn_Absent,1310,15.0,32,1.0,64,0.0,1.0,TOP,32.0,0.46938775510204084,0.0,0.0,RS
0,5118043427,57,511805,Absent,28,1,1,1,1,1,1,1,1,1,0,0,0,0,0,0,1,1,0,0,0,0,0,0,1,1,0,0,0,0,0,0,1,1,0,0,0,0,0,0,1,1,0,0,0,0,0,0,1,1,0,0,0,0,0,0,1,1,1,1,1,1,1,1,1,18.0,14,Unicorn_Absent,-1,-1.0,8,Unicorn_Absent,1375,18.0,28,0.25925925925925924,46,0.7407407407407407,0.5,OUT,15.0,1.0,17.0,0.5306122448979591,OUT
0,5118043427,58,511805,Absent,28,1,1,1,1,1,1,1,1,1,0,0,0,0,0,0,1,1,0,0,0,0,0,0,1,1,0,0,0,0,0,0,1,1,0,0,0,0,0,0,1,1,0,0,0,0,0,0,1,1,0,0,0,0,0,0,1,1,1,1,1,1,1,1,1,18.0,14,Unicorn_Absent,-1,-1.0,8,Unicorn_Absent,1393,18.0,28,1.0,46,0.0,0.5,OUT,18.0,1.0,14.0,0.7407407407407407,OUT
0,5118043427,59,511805,Absent,28,1,1,1,1,1,1,1,1,1,0,0,0,0,0,0,1,1,0,0,0,0,0,0,1,1,0,0,0,0,0,0,1,1,0,0,0,0,0,0,1,1,0,0,0,0,0,0,1,1,0,0,0,0,0,0,1,1,1,1,1,1,1,1,1,18.0,14,Unicorn_Absent,-1,-1.0,8,Unicorn_Absent,1411,18.0,28,1.0,46,0.0,0.5,OUT,18.0,1.0,14.0,0.0,OUT
0,5118736022,1,360224,Absent,52,1,1,1,1,1,0,0,1,1,1,1,0,1,1,1,1,1,1,0,1,1,1,1,1,1,0,1,1,1,1,1,0,1,0,0,1,1,1,1,1,0,1,1,1,1,1,1,1,1,1,0,0,1,1,1,1,0,1,1,1,1,1,1,1,-14.0,46,Unicorn_Absent,-1,-1.0,0,Unicorn_Absent,-14,18.0,52,,62,,0.25,RS,,0.4482758620689655,,,BOTTOM
0,5118736022,11,360224,Absent,32,1,1,1,1,0,0,0,0,1,1,1,1,0,0,0,0,1,1,1,1,0,0,0,0,1,1,1,1,0,0,0,0,1,1,1,1,0,0,0,0,1,1,1,1,0,0,0,0,1,1,1,1,0,0,0,0,1,1,1,1,0,0,0,0,32.0,0,Unicorn_Absent,-1,-1.0,5,Unicorn_Absent,223,32.0,32,0.3333333333333333,64,0.16666666666666669,1.0,LEFT,0.0,1.0,32.0,0.0625,LEFT
0,5118736022,15,360224,Absent,32,1,1,1,1,0,0,0,0,1,1,1,1,0,0,0,0,1,1,1,1,0,0,0,0,1,1,1,1,0,0,0,0,1,1,1,1,0,0,0,0,1,1,1,1,0,0,0,0,1,1,1,1,0,0,0,0,1,1,1,1,0,0,0,0,32.0,0,Unicorn_Absent,-1,-1.0,5,Unicorn_Absent,351,32.0,32,1.0,64,0.0,1.0,LEFT,32.0,1.0,0.0,0.0,LEFT
0,5118736022,16,360224,Absent,32,1,1,1,1,0,0,0,0,1,1,1,1,0,0,0,0,1,1,1,1,0,0,0,0,1,1,1,1,0,0,0,0,1,1,1,1,0,0,0,0,1,1,1,1,0,0,0,0,1,1,1,1,0,0,0,0,1,1,1,1,0,0,0,0,32.0,0,Unicorn_Absent,-1,-1.0,5,Unicorn_Absent,383,32.0,32,1.0,64,0.0,1.0,LEFT,32.0,1.0,0.0,0.0,LEFT
0,5118736022,17,360224,Absent,32,1,1,1,1,0,0,0,0,1,1,1,1,0,0,0,0,1,1,1,1,0,0,0,0,1,1,1,1,0,0,0,0,1,1,1,1,0,0,0,0,1,1,1,1,0,0,0,0,1,1,1,1,0,0,0,0,1,1,1,1,0,0,0,0,32.0,0,Unicorn_Absent,-1,-1.0,5,Unicorn_Absent,415,32.0,32,1.0,64,0.0,1.0,LEFT,32.0,1.0,0.0,0.0,LEFT
0,5118736022,18,360224,Absent,32,1,1,1,1,0,0,0,0,1,1,1,1,0,0,0,0,1,1,1,1,0,0,0,0,1,1,1,1,0,0,0,0,1,1,1,1,0,0,0,0,1,1,1,1,0,0,0,0,1,1,1,1,0,0,0,0,1,1,1,1,0,0,0,0,32.0,0,Unicorn_Absent,-1,-1.0,5,Unicorn_Absent,447,32.0,32,1.0,64,0.0,1.0,LEFT,32.0,1.0,0.0,0.0,LEFT
0,5118736022,19,360224,Absent,32,1,1,1,1,0,0,0,0,1,1,1,1,0,0,0,0,1,1,1,1,0,0,0,0,1,1,1,1,0,0,0,0,1,1,1,1,0,0,0,0,1,1,1,1,0,0,0,0,1,1,1,1,0,0,0,0,1,1,1,1,0,0,0,0,32.0,0,Unicorn_Absent,-1,-1.0,5,Unicorn_Absent,479,32.0,32,1.0,64,0.0,1.0,LEFT,32.0,1.0,0.0,0.0,LEFT
0,5118736022,22,360224,Absent,32,1,1,1,1,0,0,0,0,1,1,1,1,0,0,0,0,1,1,1,1,0,0,0,0,1,1,1,1,0,0,0,0,1,1,1,1,0,0,0,0,1,1,1,1,0,0,0,0,1,1,1,1,0,0,0,0,1,1,1,1,0,0,0,0,32.0,0,Unicorn_Absent,-1,-1.0,5,Unicorn_Absent,460,32.0,32,1.0,64,0.0,1.0,LEFT,32.0,1.0,0.0,0.0,LEFT
0,5118736022,23,360224,Absent,32,1,1,1,1,0,0,0,0,1,1,1,1,0,0,0,0,1,1,1,1,0,0,0,0,1,1,1,1,0,0,0,0,1,1,1,1,0,0,0,0,1,1,1,1,0,0,0,0,1,1,1,1,0,0,0,0,1,1,1,1,0,0,0,0,32.0,0,Unicorn_Absent,-1,-1.0,5,Unicorn_Absent,492,32.0,32,1.0,64,0.0,1.0,LEFT,32.0,1.0,0.0,0.0,LEFT
0,5118736022,24,360224,Absent,32,1,1,1,1,0,0,0,0,1,1,1,1,0,0,0,0,1,1,1,1,0,0,0,0,1,1,1,1,0,0,0,0,1,1,1,1,0,0,0,0,1,1,1,1,0,0,0,0,1,1,1,1,0,0,0,0,1,1,1,1,0,0,0,0,32.0,0,Unicorn_Absent,-1,-1.0,5,Unicorn_Absent,524,32.0,32,1.0,64,0.0,1.0,LEFT,32.0,1.0,0.0,0.0,LEFT
0,5118736022,29,360224,Absent,32,1,1,1,1,0,0,0,0,1,1,1,1,0,0,0,0,1,1,1,1,0,0,0,0,1,1,1,1,0,0,0,0,1,1,1,1,0,0,0,0,1,1,1,1,0,0,0,0,1,1,1,1,0,0,0,0,1,1,1,1,0,0,0,0,32.0,0,Unicorn_Absent,-1,-1.0,5,Unicorn_Absent,684,32.0,32,1.0,64,0.0,1.0,LEFT,32.0,1.0,0.0,0.0,LEFT
0,5118736022,45,360224,Absent,32,1,1,1,1,0,0,0,0,1,1,1,1,0,0,0,0,1,1,1,1,0,0,0,0,1,1,1,1,0,0,0,0,1,1,1,1,0,0,0,0,1,1,1,1,0,0,0,0,1,1,1,1,0,0,0,0,1,1,1,1,0,0,0,0,32.0,0,Unicorn_Absent,-1,-1.0,5,Unicorn_Absent,1196,32.0,32,1.0,64,0.0,1.0,LEFT,32.0,1.0,0.0,0.0,LEFT
0,5118736022,53,360224,Absent,32,1,1,1,1,0,0,0,0,1,1,1,1,0,0,0,0,1,1,1,1,0,0,0,0,1,1,1,1,0,0,0,0,1,1,1,1,0,0,0,0,1,1,1,1,0,0,0,0,1,1,1,1,0,0,0,0,1,1,1,1,0,0,0,0,32.0,0,Unicorn_Absent,-1,-1.0,5,Unicorn_Absent,1452,32.0,32,1.0,64,0.0,1.0,LEFT,32.0,1.0,0.0,0.0,LEFT
0,5118736022,54,360224,Absent,32,1,1,1,1,0,0,0,0,1,1,1,1,0,0,0,0,1,1,1,1,0,0,0,0,1,1,1,1,0,0,0,0,1,1,1,1,0,0,0,0,1,1,1,1,0,0,0,0,1,1,1,1,0,0,0,0,1,1,1,1,0,0,0,0,32.0,0,Unicorn_Absent,-1,-1.0,5,Unicorn_Absent,1484,32.0,32,1.0,64,0.0,1.0,LEFT,32.0,1.0,0.0,0.0,LEFT
0,5118736022,57,360224,Absent,32,1,1,1,1,1,1,1,1,1,1,1,1,1,1,1,1,1,1,1,1,1,1,1,1,1,1,1,1,1,1,1,1,0,0,0,0,0,0,0,0,0,0,0,0,0,0,0,0,0,0,0,0,0,0,0,0,0,0,0,0,0,0,0,0,32.0,0,Unicorn_Absent,-1,-1.0,4,Unicorn_Absent,1484,32.0,32,0.3333333333333333,64,0.0,1.0,TOP,32.0,1.0,0.0,0.0,TOP
0,5118736022,1,511876,Absent,56,1,1,1,1,1,1,1,1,1,1,0,1,1,1,1,1,0,1,1,1,1,0,1,1,1,1,0,1,1,1,0,0,1,1,1,1,1,1,1,1,1,1,1,1,1,1,1,1,1,1,1,1,0,1,1,1,0,1,1,1,1,1,1,1,-14.0,46,Unicorn_Absent,-1,-1.0,0,Unicorn_Absent,-14,18.0,56,,62,,0.25,RS,,0.423728813559322,,,OUT
0,5118736022,11,511876,Absent,32,0,0,0,0,1,1,1,1,0,0,0,0,1,1,1,1,0,0,0,0,1,1,1,1,0,0,0,0,1,1,1,1,0,0,0,0,1,1,1,1,0,0,0,0,1,1,1,1,0,0,0,0,1,1,1,1,0,0,0,0,1,1,1,1,32.0,0,Unicorn_Absent,-1,-1.0,6,Unicorn_Absent,223,32.0,32,0.5,64,0.16666666666666669,1.0,RIGHT,0.0,1.0,32.0,0.0625,RIGHT
0,5118736022,15,511876,Absent,32,0,0,0,0,1,1,1,1,0,0,0,0,1,1,1,1,0,0,0,0,1,1,1,1,0,0,0,0,1,1,1,1,0,0,0,0,1,1,1,1,0,0,0,0,1,1,1,1,0,0,0,0,1,1,1,1,0,0,0,0,1,1,1,1,32.0,0,Unicorn_Absent,-1,-1.0,6,Unicorn_Absent,351,32.0,32,1.0,64,0.0,1.0,RIGHT,32.0,1.0,0.0,0.0,RIGHT
0,5118736022,16,511876,Absent,32,0,0,0,0,1,1,1,1,0,0,0,0,1,1,1,1,0,0,0,0,1,1,1,1,0,0,0,0,1,1,1,1,0,0,0,0,1,1,1,1,0,0,0,0,1,1,1,1,0,0,0,0,1,1,1,1,0,0,0,0,1,1,1,1,32.0,0,Unicorn_Absent,-1,-1.0,6,Unicorn_Absent,383,32.0,32,1.0,64,0.0,1.0,RIGHT,32.0,1.0,0.0,0.0,RIGHT
0,5118736022,17,511876,Absent,32,0,0,0,0,1,1,1,1,0,0,0,0,1,1,1,1,0,0,0,0,1,1,1,1,0,0,0,0,1,1,1,1,0,0,0,0,1,1,1,1,0,0,0,0,1,1,1,1,0,0,0,0,1,1,1,1,0,0,0,0,1,1,1,1,32.0,0,Unicorn_Absent,-1,-1.0,6,Unicorn_Absent,415,32.0,32,1.0,64,0.0,1.0,RIGHT,32.0,1.0,0.0,0.0,RIGHT
0,5118736022,18,511876,Absent,32,0,0,0,0,1,1,1,1,0,0,0,0,1,1,1,1,0,0,0,0,1,1,1,1,0,0,0,0,1,1,1,1,0,0,0,0,1,1,1,1,0,0,0,0,1,1,1,1,0,0,0,0,1,1,1,1,0,0,0,0,1,1,1,1,32.0,0,Unicorn_Absent,-1,-1.0,6,Unicorn_Absent,447,32.0,32,1.0,64,0.0,1.0,RIGHT,32.0,1.0,0.0,0.0,RIGHT
0,5118736022,19,511876,Absent,32,0,0,0,0,1,1,1,1,0,0,0,0,1,1,1,1,0,0,0,0,1,1,1,1,0,0,0,0,1,1,1,1,0,0,0,0,1,1,1,1,0,0,0,0,1,1,1,1,0,0,0,0,1,1,1,1,0,0,0,0,1,1,1,1,32.0,0,Unicorn_Absent,-1,-1.0,6,Unicorn_Absent,479,32.0,32,1.0,64,0.0,1.0,RIGHT,32.0,1.0,0.0,0.0,RIGHT
0,5118736022,22,511876,Absent,32,0,0,0,0,1,1,1,1,0,0,0,0,1,1,1,1,0,0,0,0,1,1,1,1,0,0,0,0,1,1,1,1,0,0,0,0,1,1,1,1,0,0,0,0,1,1,1,1,0,0,0,0,1,1,1,1,0,0,0,0,1,1,1,1,32.0,0,Unicorn_Absent,-1,-1.0,6,Unicorn_Absent,460,32.0,32,1.0,64,0.0,1.0,RIGHT,32.0,1.0,0.0,0.0,RIGHT
0,5118736022,23,511876,Absent,32,0,0,0,0,1,1,1,1,0,0,0,0,1,1,1,1,0,0,0,0,1,1,1,1,0,0,0,0,1,1,1,1,0,0,0,0,1,1,1,1,0,0,0,0,1,1,1,1,0,0,0,0,1,1,1,1,0,0,0,0,1,1,1,1,32.0,0,Unicorn_Absent,-1,-1.0,6,Unicorn_Absent,492,32.0,32,1.0,64,0.0,1.0,RIGHT,32.0,1.0,0.0,0.0,RIGHT
0,5118736022,24,511876,Absent,32,0,0,0,0,1,1,1,1,0,0,0,0,1,1,1,1,0,0,0,0,1,1,1,1,0,0,0,0,1,1,1,1,0,0,0,0,1,1,1,1,0,0,0,0,1,1,1,1,0,0,0,0,1,1,1,1,0,0,0,0,1,1,1,1,32.0,0,Unicorn_Absent,-1,-1.0,6,Unicorn_Absent,524,32.0,32,1.0,64,0.0,1.0,RIGHT,32.0,1.0,0.0,0.0,RIGHT
0,5118736022,29,511876,Absent,32,0,0,0,0,1,1,1,1,0,0,0,0,1,1,1,1,0,0,0,0,1,1,1,1,0,0,0,0,1,1,1,1,0,0,0,0,1,1,1,1,0,0,0,0,1,1,1,1,0,0,0,0,1,1,1,1,0,0,0,0,1,1,1,1,32.0,0,Unicorn_Absent,-1,-1.0,6,Unicorn_Absent,684,32.0,32,1.0,64,0.0,1.0,RIGHT,32.0,1.0,0.0,0.0,RIGHT
0,5118736022,45,511876,Absent,32,0,0,0,0,1,1,1,1,0,0,0,0,1,1,1,1,0,0,0,0,1,1,1,1,0,0,0,0,1,1,1,1,0,0,0,0,1,1,1,1,0,0,0,0,1,1,1,1,0,0,0,0,1,1,1,1,0,0,0,0,1,1,1,1,32.0,0,Unicorn_Absent,-1,-1.0,6,Unicorn_Absent,1196,32.0,32,1.0,64,0.0,1.0,RIGHT,32.0,1.0,0.0,0.0,RIGHT
0,5118736022,53,511876,Absent,32,0,0,0,0,1,1,1,1,0,0,0,0,1,1,1,1,0,0,0,0,1,1,1,1,0,0,0,0,1,1,1,1,0,0,0,0,1,1,1,1,0,0,0,0,1,1,1,1,0,0,0,0,1,1,1,1,0,0,0,0,1,1,1,1,32.0,0,Unicorn_Absent,-1,-1.0,6,Unicorn_Absent,1452,32.0,32,1.0,64,0.0,1.0,RIGHT,32.0,1.0,0.0,0.0,RIGHT
0,5118736022,54,511876,Absent,32,0,0,0,0,1,1,1,1,0,0,0,0,1,1,1,1,0,0,0,0,1,1,1,1,0,0,0,0,1,1,1,1,0,0,0,0,1,1,1,1,0,0,0,0,1,1,1,1,0,0,0,0,1,1,1,1,0,0,0,0,1,1,1,1,32.0,0,Unicorn_Absent,-1,-1.0,6,Unicorn_Absent,1484,32.0,32,1.0,64,0.0,1.0,RIGHT,32.0,1.0,0.0,0.0,RIGHT
0,5118736022,57,511876,Absent,32,0,0,0,0,0,0,0,0,0,0,0,0,0,0,0,0,0,0,0,0,0,0,0,0,0,0,0,0,0,0,0,0,1,1,1,1,1,1,1,1,1,1,1,1,1,1,1,1,1,1,1,1,1,1,1,1,1,1,1,1,1,1,1,1,32.0,0,Unicorn_Absent,-1,-1.0,3,Unicorn_Absent,1484,32.0,32,0.3333333333333333,64,0.0,1.0,BOTTOM,32.0,1.0,0.0,0.0,BOTTOM
0,5494726893,7,268931,Absent,32,1,1,1,1,0,0,0,0,1,1,1,1,0,0,0,0,1,1,1,1,0,0,0,0,1,1,1,1,0,0,0,0,1,1,1,1,0,0,0,0,1,1,1,1,0,0,0,0,1,1,1,1,0,0,0,0,1,1,1,1,0,0,0,0,14.0,18,Unicorn_Absent,-1,-1.0,5,Unicorn_Absent,169,14.0,32,1.0,50,0.0,0.5,LEFT,14.0,1.0,18.0,0.1126126126126126,LEFT
0,5494726893,8,268931,Absent,32,1,1,1,1,0,0,0,0,1,1,1,1,0,0,0,0,1,1,1,1,0,0,0,0,1,1,1,1,0,0,0,0,1,1,1,1,0,0,0,0,1,1,1,1,0,0,0,0,1,1,1,1,0,0,0,0,1,1,1,1,0,0,0,0,14.0,18,Unicorn_Absent,-1,-1.0,5,Unicorn_Absent,183,32.0,32,1.0,50,0.0,0.5,LEFT,14.0,1.0,18.0,0.0,LEFT
0,5494726893,11,268931,Absent,32,1,1,1,1,0,0,0,0,1,1,1,1,0,0,0,0,1,1,1,1,0,0,0,0,1,1,1,1,0,0,0,0,1,1,1,1,0,0,0,0,1,1,1,1,0,0,0,0,1,1,1,1,0,0,0,0,1,1,1,1,0,0,0,0,32.0,0,Unicorn_Absent,-1,-1.0,5,Unicorn_Absent,279,32.0,32,1.0,32,0.0,0.5,LEFT,32.0,1.0,0.0,1.0,LEFT
0,5494726893,12,268931,Absent,32,1,1,1,1,0,0,0,0,1,1,1,1,0,0,0,0,1,1,1,1,0,0,0,0,1,1,1,1,0,0,0,0,1,1,1,1,0,0,0,0,1,1,1,1,0,0,0,0,1,1,1,1,0,0,0,0,1,1,1,1,0,0,0,0,32.0,0,Unicorn_Absent,-1,-1.0,5,Unicorn_Absent,311,32.0,32,1.0,32,0.0,0.5,LEFT,32.0,1.0,0.0,0.0,LEFT
0,5494726893,16,268931,Absent,32,0,0,0,0,0,0,0,0,0,0,0,0,0,0,0,0,0,0,0,0,0,0,0,0,0,0,0,0,0,0,0,0,1,1,1,1,1,1,1,1,1,1,1,1,1,1,1,1,1,1,1,1,1,1,1,1,1,1,1,1,1,1,1,1,16.0,16,Unicorn_Absent,-1,-1.0,3,Unicorn_Absent,324,16.0,32,0.3333333333333333,48,0.3333333333333333,0.5,BOTTOM,32.0,1.0,0.0,0.0,BOTTOM
0,5494726893,17,268931,Absent,32,0,0,0,0,0,0,0,0,0,0,0,0,0,0,0,0,0,0,0,0,0,0,0,0,0,0,0,0,0,0,0,0,1,1,1,1,1,1,1,1,1,1,1,1,1,1,1,1,1,1,1,1,1,1,1,1,1,1,1,1,1,1,1,1,16.0,16,Unicorn_Absent,-1,-1.0,3,Unicorn_Absent,340,16.0,32,1.0,48,0.0,0.5,BOTTOM,16.0,1.0,16.0,0.3333333333333333,BOTTOM
0,5494726893,18,268931,Absent,32,0,0,0,0,0,0,0,0,0,0,0,0,0,0,0,0,0,0,0,0,0,0,0,0,0,0,0,0,0,0,0,0,1,1,1,1,1,1,1,1,1,1,1,1,1,1,1,1,1,1,1,1,1,1,1,1,1,1,1,1,1,1,1,1,16.0,16,Unicorn_Absent,-1,-1.0,3,Unicorn_Absent,356,16.0,32,1.0,48,0.0,0.5,BOTTOM,16.0,1.0,16.0,0.0,BOTTOM
0,5494726893,26,268931,Absent,36,0,0,0,0,0,0,0,0,0,1,1,1,1,1,1,0,0,1,1,1,1,1,1,0,0,1,1,1,1,1,1,0,0,1,1,1,1,1,1,0,0,1,1,1,1,1,1,0,0,1,1,1,1,1,1,0,0,0,0,0,0,0,0,0,14.0,18,Unicorn_Absent,-1,-1.0,7,Unicorn_Absent,439,16.0,36,1.0,50,0.0,0.5,IN,14.0,0.36,18.0,0.026666666666666672,RIGHT
0,5494726893,27,268931,Absent,32,0,0,0,0,1,1,1,1,0,0,0,0,1,1,1,1,0,0,0,0,1,1,1,1,0,0,0,0,1,1,1,1,0,0,0,0,1,1,1,1,0,0,0,0,1,1,1,1,0,0,0,0,1,1,1,1,0,0,0,0,1,1,1,1,16.0,16,Unicorn_Absent,-1,-1.0,6,Unicorn_Absent,455,16.0,32,0.36,48,0.64,0.5,RIGHT,14.0,1.0,18.0,0.0,RIGHT
0,5494726893,28,268931,Absent,32,0,0,0,0,1,1,1,1,0,0,0,0,1,1,1,1,0,0,0,0,1,1,1,1,0,0,0,0,1,1,1,1,0,0,0,0,1,1,1,1,0,0,0,0,1,1,1,1,0,0,0,0,1,1,1,1,0,0,0,0,1,1,1,1,16.0,16,Unicorn_Absent,-1,-1.0,6,Unicorn_Absent,471,16.0,32,1.0,48,0.0,0.5,RIGHT,16.0,1.0,16.0,0.64,RIGHT
0,5494726893,29,268931,Absent,32,0,0,0,0,1,1,1,1,0,0,0,0,1,1,1,1,0,0,0,0,1,1,1,1,0,0,0,0,1,1,1,1,0,0,0,0,1,1,1,1,0,0,0,0,1,1,1,1,0,0,0,0,1,1,1,1,0,0,0,0,1,1,1,1,16.0,16,Unicorn_Absent,-1,-1.0,6,Unicorn_Absent,487,16.0,32,1.0,48,0.0,0.5,RIGHT,16.0,1.0,16.0,0.0,RIGHT
0,5494726893,30,268931,Absent,32,0,0,0,0,1,1,1,1,0,0,0,0,1,1,1,1,0,0,0,0,1,1,1,1,0,0,0,0,1,1,1,1,0,0,0,0,1,1,1,1,0,0,0,0,1,1,1,1,0,0,0,0,1,1,1,1,0,0,0,0,1,1,1,1,16.0,16,Unicorn_Absent,-1,-1.0,6,Unicorn_Absent,503,16.0,32,1.0,48,0.0,0.5,RIGHT,16.0,1.0,16.0,0.0,RIGHT
0,5494726893,35,268931,Absent,32,0,0,0,0,1,1,1,1,0,0,0,0,1,1,1,1,0,0,0,0,1,1,1,1,0,0,0,0,1,1,1,1,0,0,0,0,1,1,1,1,0,0,0,0,1,1,1,1,0,0,0,0,1,1,1,1,0,0,0,0,1,1,1,1,16.0,16,Unicorn_Absent,-1,-1.0,6,Unicorn_Absent,622,16.0,32,1.0,48,0.0,0.5,RIGHT,16.0,1.0,16.0,0.0,RIGHT
0,5494726893,39,268931,Absent,32,0,0,0,0,1,1,1,1,0,0,0,0,1,1,1,1,0,0,0,0,1,1,1,1,0,0,0,0,1,1,1,1,0,0,0,0,1,1,1,1,0,0,0,0,1,1,1,1,0,0,0,0,1,1,1,1,0,0,0,0,1,1,1,1,16.0,16,Unicorn_Absent,-1,-1.0,6,Unicorn_Absent,718,16.0,32,1.0,48,0.0,0.5,RIGHT,16.0,1.0,16.0,0.0,RIGHT
0,5494726893,42,268931,Absent,32,0,0,0,0,1,1,1,1,0,0,0,0,1,1,1,1,0,0,0,0,1,1,1,1,0,0,0,0,1,1,1,1,0,0,0,0,1,1,1,1,0,0,0,0,1,1,1,1,0,0,0,0,1,1,1,1,0,0,0,0,1,1,1,1,16.0,16,Unicorn_Absent,-1,-1.0,6,Unicorn_Absent,782,16.0,32,1.0,48,0.0,0.5,RIGHT,16.0,1.0,16.0,0.0,RIGHT
0,5494726893,43,268931,Absent,32,0,0,0,0,1,1,1,1,0,0,0,0,1,1,1,1,0,0,0,0,1,1,1,1,0,0,0,0,1,1,1,1,0,0,0,0,1,1,1,1,0,0,0,0,1,1,1,1,0,0,0,0,1,1,1,1,0,0,0,0,1,1,1,1,16.0,16,Unicorn_Absent,-1,-1.0,6,Unicorn_Absent,798,16.0,32,1.0,48,0.0,0.5,RIGHT,16.0,1.0,16.0,0.0,RIGHT
0,5494726893,46,268931,Absent,32,1,1,1,1,0,0,0,0,1,1,1,1,0,0,0,0,1,1,1,1,0,0,0,0,1,1,1,1,0,0,0,0,1,1,1,1,0,0,0,0,1,1,1,1,0,0,0,0,1,1,1,1,0,0,0,0,1,1,1,1,0,0,0,0,0.0,32,Unicorn_Absent,-1,-1.0,5,Unicorn_Absent,734,16.0,32,0.0,64,0.5,0.5,LEFT,16.0,1.0,16.0,0.0,LEFT
0,5494726893,47,268931,Absent,32,1,1,1,1,0,0,0,0,1,1,1,1,0,0,0,0,1,1,1,1,0,0,0,0,1,1,1,1,0,0,0,0,1,1,1,1,0,0,0,0,1,1,1,1,0,0,0,0,1,1,1,1,0,0,0,0,1,1,1,1,0,0,0,0,16.0,16,Unicorn_Absent,-1,-1.0,5,Unicorn_Absent,750,16.0,32,1.0,48,0.5,0.5,LEFT,0.0,1.0,32.0,0.5,LEFT
0,5494726893,56,268931,Absent,32,0,0,0,0,1,1,1,1,0,0,0,0,1,1,1,1,0,0,0,0,1,1,1,1,0,0,0,0,1,1,1,1,0,0,0,0,1,1,1,1,0,0,0,0,1,1,1,1,0,0,0,0,1,1,1,1,0,0,0,0,1,1,1,1,16.0,16,Unicorn_Absent,-1,-1.0,6,Unicorn_Absent,648,16.0,32,0.5,48,0.5,0.5,RIGHT,2.0,1.0,30.0,0.5483870967741935,RIGHT
0,5494726893,57,268931,Absent,32,0,0,0,0,1,1,1,1,0,0,0,0,1,1,1,1,0,0,0,0,1,1,1,1,0,0,0,0,1,1,1,1,0,0,0,0,1,1,1,1,0,0,0,0,1,1,1,1,0,0,0,0,1,1,1,1,0,0,0,0,1,1,1,1,16.0,16,Unicorn_Absent,-1,-1.0,6,Unicorn_Absent,664,16.0,32,1.0,48,0.0,0.5,RIGHT,16.0,1.0,16.0,0.5,RIGHT
0,5494726893,7,549474,Absent,36,0,0,0,0,0,0,0,0,0,1,1,1,1,1,1,0,0,1,1,1,1,1,1,0,0,1,1,1,1,1,1,0,0,1,1,1,1,1,1,0,0,1,1,1,1,1,1,0,0,1,1,1,1,1,1,0,0,0,0,0,0,0,0,0,14.0,18,Unicorn_Absent,-1,-1.0,7,Unicorn_Absent,169,14.0,36,1.0,50,0.0,0.5,IN,14.0,1.0,18.0,0.1126126126126126,IN
0,5494726893,8,549474,Absent,36,0,0,0,0,0,0,0,0,0,1,1,1,1,1,1,0,0,1,1,1,1,1,1,0,0,1,1,1,1,1,1,0,0,1,1,1,1,1,1,0,0,1,1,1,1,1,1,0,0,1,1,1,1,1,1,0,0,0,0,0,0,0,0,0,14.0,18,Unicorn_Absent,-1,-1.0,7,Unicorn_Absent,183,32.0,36,1.0,50,0.0,0.5,IN,14.0,0.0,18.0,0.0,NOTHING
0,5494726893,11,549474,Absent,0,0,0,0,0,0,0,0,0,0,0,0,0,0,0,0,0,0,0,0,0,0,0,0,0,0,0,0,0,0,0,0,0,0,0,0,0,0,0,0,0,0,0,0,0,0,0,0,0,0,0,0,0,0,0,0,0,0,0,0,0,0,0,0,0,32.0,0,Unicorn_Absent,-1,-1.0,2,Unicorn_Absent,279,32.0,0,1.0,32,0.0,0.5,NOTHING,32.0,1.0,0.0,1.0,NOTHING
0,5494726893,12,549474,Absent,0,0,0,0,0,0,0,0,0,0,0,0,0,0,0,0,0,0,0,0,0,0,0,0,0,0,0,0,0,0,0,0,0,0,0,0,0,0,0,0,0,0,0,0,0,0,0,0,0,0,0,0,0,0,0,0,0,0,0,0,0,0,0,0,0,32.0,0,Unicorn_Absent,-1,-1.0,2,Unicorn_Absent,311,32.0,0,1.0,32,0.0,0.5,NOTHING,32.0,1.0,0.0,0.0,NOTHING
0,5494726893,16,549474,Absent,32,0,0,0,0,1,1,1,1,0,0,0,0,1,1,1,1,0,0,0,0,1,1,1,1,0,0,0,0,1,1,1,1,0,0,0,0,1,1,1,1,0,0,0,0,1,1,1,1,0,0,0,0,1,1,1,1,0,0,0,0,1,1,1,1,16.0,16,Unicorn_Absent,-1,-1.0,6,Unicorn_Absent,324,16.0,32,0.0,48,0.3333333333333333,0.5,RIGHT,32.0,1.0,0.0,0.0,RIGHT
0,5494726893,17,549474,Absent,32,0,0,0,0,1,1,1,1,0,0,0,0,1,1,1,1,0,0,0,0,1,1,1,1,0,0,0,0,1,1,1,1,0,0,0,0,1,1,1,1,0,0,0,0,1,1,1,1,0,0,0,0,1,1,1,1,0,0,0,0,1,1,1,1,16.0,16,Unicorn_Absent,-1,-1.0,6,Unicorn_Absent,340,16.0,32,1.0,48,0.0,0.5,RIGHT,16.0,1.0,16.0,0.3333333333333333,RIGHT
0,5494726893,18,549474,Absent,32,0,0,0,0,1,1,1,1,0,0,0,0,1,1,1,1,0,0,0,0,1,1,1,1,0,0,0,0,1,1,1,1,0,0,0,0,1,1,1,1,0,0,0,0,1,1,1,1,0,0,0,0,1,1,1,1,0,0,0,0,1,1,1,1,16.0,16,Unicorn_Absent,-1,-1.0,6,Unicorn_Absent,356,16.0,32,1.0,48,0.0,0.5,RIGHT,16.0,1.0,16.0,0.0,RIGHT
0,5494726893,26,549474,Absent,32,0,0,0,0,0,0,0,0,0,0,0,0,0,0,0,0,0,0,0,0,0,0,0,0,0,0,0,0,0,0,0,0,1,1,1,1,1,1,1,1,1,1,1,1,1,1,1,1,1,1,1,1,1,1,1,1,1,1,1,1,1,1,1,1,14.0,18,Unicorn_Absent,-1,-1.0,3,Unicorn_Absent,439,16.0,32,1.0,50,0.0,0.5,BOTTOM,14.0,1.0,18.0,0.026666666666666672,BOTTOM
0,5494726893,27,549474,Absent,32,0,0,0,0,0,0,0,0,0,0,0,0,0,0,0,0,0,0,0,0,0,0,0,0,0,0,0,0,0,0,0,0,1,1,1,1,1,1,1,1,1,1,1,1,1,1,1,1,1,1,1,1,1,1,1,1,1,1,1,1,1,1,1,1,16.0,16,Unicorn_Absent,-1,-1.0,3,Unicorn_Absent,455,16.0,32,1.0,48,0.64,0.5,BOTTOM,14.0,1.0,18.0,0.0,BOTTOM
0,5494726893,28,549474,Absent,32,0,0,0,0,0,0,0,0,0,0,0,0,0,0,0,0,0,0,0,0,0,0,0,0,0,0,0,0,0,0,0,0,1,1,1,1,1,1,1,1,1,1,1,1,1,1,1,1,1,1,1,1,1,1,1,1,1,1,1,1,1,1,1,1,16.0,16,Unicorn_Absent,-1,-1.0,3,Unicorn_Absent,471,16.0,32,1.0,48,0.0,0.5,BOTTOM,16.0,1.0,16.0,0.64,BOTTOM
0,5494726893,29,549474,Absent,32,0,0,0,0,0,0,0,0,0,0,0,0,0,0,0,0,0,0,0,0,0,0,0,0,0,0,0,0,0,0,0,0,1,1,1,1,1,1,1,1,1,1,1,1,1,1,1,1,1,1,1,1,1,1,1,1,1,1,1,1,1,1,1,1,16.0,16,Unicorn_Absent,-1,-1.0,3,Unicorn_Absent,487,16.0,32,1.0,48,0.0,0.5,BOTTOM,16.0,1.0,16.0,0.0,BOTTOM
0,5494726893,30,549474,Absent,32,0,0,0,0,0,0,0,0,0,0,0,0,0,0,0,0,0,0,0,0,0,0,0,0,0,0,0,0,0,0,0,0,1,1,1,1,1,1,1,1,1,1,1,1,1,1,1,1,1,1,1,1,1,1,1,1,1,1,1,1,1,1,1,1,16.0,16,Unicorn_Absent,-1,-1.0,3,Unicorn_Absent,503,16.0,32,1.0,48,0.0,0.5,BOTTOM,16.0,1.0,16.0,0.0,BOTTOM
0,5494726893,35,549474,Absent,32,0,0,0,0,0,0,0,0,0,0,0,0,0,0,0,0,0,0,0,0,0,0,0,0,0,0,0,0,0,0,0,0,1,1,1,1,1,1,1,1,1,1,1,1,1,1,1,1,1,1,1,1,1,1,1,1,1,1,1,1,1,1,1,1,16.0,16,Unicorn_Absent,-1,-1.0,3,Unicorn_Absent,622,16.0,32,1.0,48,0.0,0.5,BOTTOM,16.0,1.0,16.0,0.0,BOTTOM
0,5494726893,39,549474,Absent,32,0,0,0,0,0,0,0,0,0,0,0,0,0,0,0,0,0,0,0,0,0,0,0,0,0,0,0,0,0,0,0,0,1,1,1,1,1,1,1,1,1,1,1,1,1,1,1,1,1,1,1,1,1,1,1,1,1,1,1,1,1,1,1,1,16.0,16,Unicorn_Absent,-1,-1.0,3,Unicorn_Absent,718,16.0,32,1.0,48,0.0,0.5,BOTTOM,16.0,1.0,16.0,0.0,BOTTOM
0,5494726893,42,549474,Absent,32,0,0,0,0,0,0,0,0,0,0,0,0,0,0,0,0,0,0,0,0,0,0,0,0,0,0,0,0,0,0,0,0,1,1,1,1,1,1,1,1,1,1,1,1,1,1,1,1,1,1,1,1,1,1,1,1,1,1,1,1,1,1,1,1,16.0,16,Unicorn_Absent,-1,-1.0,3,Unicorn_Absent,782,16.0,32,1.0,48,0.0,0.5,BOTTOM,16.0,1.0,16.0,0.0,BOTTOM
0,5494726893,43,549474,Absent,32,0,0,0,0,0,0,0,0,0,0,0,0,0,0,0,0,0,0,0,0,0,0,0,0,0,0,0,0,0,0,0,0,1,1,1,1,1,1,1,1,1,1,1,1,1,1,1,1,1,1,1,1,1,1,1,1,1,1,1,1,1,1,1,1,16.0,16,Unicorn_Absent,-1,-1.0,3,Unicorn_Absent,798,16.0,32,1.0,48,0.0,0.5,BOTTOM,16.0,1.0,16.0,0.0,BOTTOM
0,5494726893,46,549474,Absent,64,1,1,1,1,1,1,1,1,1,1,1,1,1,1,1,1,1,1,1,1,1,1,1,1,1,1,1,1,1,1,1,1,1,1,1,1,1,1,1,1,1,1,1,1,1,1,1,1,1,1,1,1,1,1,1,1,1,1,1,1,1,1,1,1,0.0,32,Unicorn_Absent,-1,-1.0,1,Unicorn_Absent,734,16.0,64,0.5,64,0.5,0.5,ALL,16.0,0.5,16.0,0.0,TOP
0,5494726893,47,549474,Absent,32,1,1,1,1,1,1,1,1,1,1,1,1,1,1,1,1,1,1,1,1,1,1,1,1,1,1,1,1,1,1,1,1,0,0,0,0,0,0,0,0,0,0,0,0,0,0,0,0,0,0,0,0,0,0,0,0,0,0,0,0,0,0,0,0,16.0,16,Unicorn_Absent,-1,-1.0,4,Unicorn_Absent,750,16.0,32,0.5,48,0.5,0.5,TOP,0.0,1.0,32.0,0.5,TOP
0,5494726893,56,549474,Absent,32,1,1,1,1,1,1,1,1,1,1,1,1,1,1,1,1,1,1,1,1,1,1,1,1,1,1,1,1,1,1,1,1,0,0,0,0,0,0,0,0,0,0,0,0,0,0,0,0,0,0,0,0,0,0,0,0,0,0,0,0,0,0,0,0,16.0,16,Unicorn_Absent,-1,-1.0,4,Unicorn_Absent,648,16.0,32,0.0,48,0.5,0.5,TOP,2.0,1.0,30.0,0.5483870967741935,TOP
0,5494726893,57,549474,Absent,32,1,1,1,1,1,1,1,1,1,1,1,1,1,1,1,1,1,1,1,1,1,1,1,1,1,1,1,1,1,1,1,1,0,0,0,0,0,0,0,0,0,0,0,0,0,0,0,0,0,0,0,0,0,0,0,0,0,0,0,0,0,0,0,0,16.0,16,Unicorn_Absent,-1,-1.0,4,Unicorn_Absent,664,16.0,32,1.0,48,0.0,0.5,TOP,16.0,1.0,16.0,0.5,TOP
0,5501211226,2,112263,Absent,2,0,0,0,0,0,1,0,0,0,1,0,0,0,0,0,0,0,0,0,0,0,0,0,0,0,0,0,0,0,0,0,0,0,0,0,0,0,0,0,0,0,0,0,0,0,0,0,0,0,0,0,0,0,0,0,0,0,0,0,0,0,0,0,0,31.0,1,Unicorn_Absent,-1,-1.0,0,Unicorn_Absent,63,16.0,2,,33,,0.5,RS,,0.0,,,BOTTOM
0,5501211226,10,112263,Absent,36,0,0,0,0,0,0,0,0,0,1,1,1,1,1,1,0,0,1,1,1,1,1,1,0,0,1,1,1,1,1,1,0,0,1,1,1,1,1,1,0,0,1,1,1,1,1,1,0,0,1,1,1,1,1,1,0,0,0,0,0,0,0,0,0,14.0,18,Unicorn_Absent,-1,-1.0,7,Unicorn_Absent,-190,14.0,36,0.36,50,0.06307692307692309,0.5,IN,12.0,1.0,20.0,0.6296296296296297,IN
0,5501211226,11,112263,Absent,36,0,0,0,0,0,0,0,0,0,1,1,1,1,1,1,0,0,1,1,1,1,1,1,0,0,1,1,1,1,1,1,0,0,1,1,1,1,1,1,0,0,1,1,1,1,1,1,0,0,1,1,1,1,1,1,0,0,0,0,0,0,0,0,0,14.0,18,Unicorn_Absent,-1,-1.0,7,Unicorn_Absent,-176,14.0,36,1.0,50,0.0,0.5,IN,14.0,1.0,18.0,0.06307692307692309,IN
0,5501211226,12,112263,Absent,36,0,0,0,0,0,0,0,0,0,1,1,1,1,1,1,0,0,1,1,1,1,1,1,0,0,1,1,1,1,1,1,0,0,1,1,1,1,1,1,0,0,1,1,1,1,1,1,0,0,1,1,1,1,1,1,0,0,0,0,0,0,0,0,0,14.0,18,Unicorn_Absent,-1,-1.0,7,Unicorn_Absent,-162,14.0,36,1.0,50,0.0,0.5,IN,14.0,1.0,18.0,0.0,IN
0,5501211226,13,112263,Absent,36,0,0,0,0,0,0,0,0,0,1,1,1,1,1,1,0,0,1,1,1,1,1,1,0,0,1,1,1,1,1,1,0,0,1,1,1,1,1,1,0,0,1,1,1,1,1,1,0,0,1,1,1,1,1,1,0,0,0,0,0,0,0,0,0,14.0,18,Unicorn_Absent,-1,-1.0,7,Unicorn_Absent,-148,14.0,36,1.0,50,0.0,0.5,IN,14.0,1.0,18.0,0.0,IN
0,5501211226,17,112263,Absent,6,0,0,0,1,0,0,0,0,0,0,0,0,0,0,1,0,0,0,0,0,1,0,0,0,0,0,0,0,0,0,0,0,0,0,0,0,0,0,1,0,0,0,0,0,0,0,0,1,0,0,0,0,0,1,0,0,0,0,0,0,0,0,0,0,26.0,6,Unicorn_Absent,-1,-1.0,0,Unicorn_Absent,-158,0.0,6,0.10526315789473684,64,0.39473684210526316,0.90625,RS,14.0,0.08571428571428572,18.0,0.0,BOTTOM
0,5501211226,20,112263,Absent,28,1,1,1,1,1,1,1,1,1,0,0,0,0,0,0,1,1,0,0,0,0,0,0,1,1,0,0,0,0,0,0,1,1,0,0,0,0,0,0,1,1,0,0,0,0,0,0,1,1,0,0,0,0,0,0,1,1,1,1,1,1,1,1,1,32.0,0,Unicorn_Absent,-1,-1.0,8,Unicorn_Absent,-94,16.0,28,0.30434782608695654,64,0.25815217391304346,1.0,OUT,0.0,1.0,32.0,0.9142857142857143,OUT
0,5501211226,31,112263,Absent,32,1,1,1,1,0,0,0,0,1,1,1,1,0,0,0,0,1,1,1,1,0,0,0,0,1,1,1,1,0,0,0,0,1,1,1,1,0,0,0,0,1,1,1,1,0,0,0,0,1,1,1,1,0,0,0,0,1,1,1,1,0,0,0,0,14.0,18,Unicorn_Absent,-1,-1.0,5,Unicorn_Absent,-352,14.0,32,1.0,50,0.0,0.5,LEFT,14.0,1.0,18.0,0.0,LEFT
0,5501211226,32,112263,Absent,32,1,1,1,1,0,0,0,0,1,1,1,1,0,0,0,0,1,1,1,1,0,0,0,0,1,1,1,1,0,0,0,0,1,1,1,1,0,0,0,0,1,1,1,1,0,0,0,0,1,1,1,1,0,0,0,0,1,1,1,1,0,0,0,0,14.0,18,Unicorn_Absent,-1,-1.0,5,Unicorn_Absent,-338,14.0,32,1.0,50,0.0,0.5,LEFT,14.0,1.0,18.0,0.0,LEFT
0,5501211226,33,112263,Absent,32,1,1,1,1,0,0,0,0,1,1,1,1,0,0,0,0,1,1,1,1,0,0,0,0,1,1,1,1,0,0,0,0,1,1,1,1,0,0,0,0,1,1,1,1,0,0,0,0,1,1,1,1,0,0,0,0,1,1,1,1,0,0,0,0,14.0,18,Unicorn_Absent,-1,-1.0,5,Unicorn_Absent,-324,14.0,32,1.0,50,0.0,0.5,LEFT,14.0,1.0,18.0,0.0,LEFT
0,5501211226,34,112263,Absent,32,1,1,1,1,0,0,0,0,1,1,1,1,0,0,0,0,1,1,1,1,0,0,0,0,1,1,1,1,0,0,0,0,1,1,1,1,0,0,0,0,1,1,1,1,0,0,0,0,1,1,1,1,0,0,0,0,1,1,1,1,0,0,0,0,14.0,18,Unicorn_Absent,-1,-1.0,5,Unicorn_Absent,-310,14.0,32,1.0,50,0.0,0.5,LEFT,14.0,1.0,18.0,0.0,LEFT
0,5501211226,35,112263,Absent,32,1,1,1,1,0,0,0,0,1,1,1,1,0,0,0,0,1,1,1,1,0,0,0,0,1,1,1,1,0,0,0,0,1,1,1,1,0,0,0,0,1,1,1,1,0,0,0,0,1,1,1,1,0,0,0,0,1,1,1,1,0,0,0,0,14.0,18,Unicorn_Absent,-1,-1.0,5,Unicorn_Absent,-296,14.0,32,1.0,50,0.0,0.5,LEFT,14.0,1.0,18.0,0.0,LEFT
0,5501211226,36,112263,Absent,32,1,1,1,1,0,0,0,0,1,1,1,1,0,0,0,0,1,1,1,1,0,0,0,0,1,1,1,1,0,0,0,0,1,1,1,1,0,0,0,0,1,1,1,1,0,0,0,0,1,1,1,1,0,0,0,0,1,1,1,1,0,0,0,0,14.0,18,Unicorn_Absent,-1,-1.0,5,Unicorn_Absent,-282,14.0,32,1.0,50,0.0,0.5,LEFT,14.0,1.0,18.0,0.0,LEFT
0,5501211226,37,112263,Absent,32,1,1,1,1,0,0,0,0,1,1,1,1,0,0,0,0,1,1,1,1,0,0,0,0,1,1,1,1,0,0,0,0,1,1,1,1,0,0,0,0,1,1,1,1,0,0,0,0,1,1,1,1,0,0,0,0,1,1,1,1,0,0,0,0,14.0,18,Unicorn_Absent,-1,-1.0,5,Unicorn_Absent,-268,14.0,32,1.0,50,0.0,0.5,LEFT,14.0,1.0,18.0,0.0,LEFT
0,5501211226,47,112263,Absent,32,0,0,0,0,1,1,1,1,0,0,0,0,1,1,1,1,0,0,0,0,1,1,1,1,0,0,0,0,1,1,1,1,0,0,0,0,1,1,1,1,0,0,0,0,1,1,1,1,0,0,0,0,1,1,1,1,0,0,0,0,1,1,1,1,16.0,16,Unicorn_Absent,-1,-1.0,6,Unicorn_Absent,-227,16.0,32,1.0,48,0.0,0.5,RIGHT,16.0,1.0,16.0,0.0,RIGHT
0,5501211226,51,112263,Absent,64,1,1,1,1,1,1,1,1,1,1,1,1,1,1,1,1,1,1,1,1,1,1,1,1,1,1,1,1,1,1,1,1,1,1,1,1,1,1,1,1,1,1,1,1,1,1,1,1,1,1,1,1,1,1,1,1,1,1,1,1,1,1,1,1,-3.0,35,Unicorn_Absent,-1,-1.0,1,Unicorn_Absent,-274,16.0,64,0.5,64,0.13265306122448978,0.453125,ALL,16.0,0.5,16.0,0.0,TOP
0,5501211226,56,112263,Absent,28,1,1,1,1,1,1,1,1,1,0,0,0,0,0,0,1,1,0,0,0,0,0,0,1,1,0,0,0,0,0,0,1,1,0,0,0,0,0,0,1,1,0,0,0,0,0,0,1,1,0,0,0,0,0,0,1,1,1,1,1,1,1,1,1,4.0,28,Unicorn_Absent,-1,-1.0,8,Unicorn_Absent,-407,10.0,28,0.30434782608695654,64,0.19565217391304346,0.5625,OUT,16.0,0.30434782608695654,16.0,0.15999999999999998,RIGHT
0,5501211226,2,550121,Absent,32,1,1,1,1,0,0,0,0,1,1,1,1,0,0,0,0,1,1,1,1,0,0,0,0,1,1,1,1,0,0,0,0,1,1,1,1,0,0,0,0,1,1,1,1,0,0,0,0,1,1,1,1,0,0,0,0,1,1,1,1,0,0,0,0,31.0,1,Unicorn_Absent,-1,-1.0,5,Unicorn_Absent,63,16.0,32,,33,,0.5,LEFT,,1.0,,,LEFT
0,5501211226,10,550121,Absent,32,1,1,1,1,1,1,1,1,1,1,1,1,1,1,1,1,1,1,1,1,1,1,1,1,1,1,1,1,1,1,1,1,0,0,0,0,0,0,0,0,0,0,0,0,0,0,0,0,0,0,0,0,0,0,0,0,0,0,0,0,0,0,0,0,14.0,18,Unicorn_Absent,-1,-1.0,4,Unicorn_Absent,-190,14.0,32,0.4230769230769231,50,0.06307692307692309,0.5,TOP,12.0,1.0,20.0,0.6296296296296297,TOP
0,5501211226,11,550121,Absent,32,1,1,1,1,1,1,1,1,1,1,1,1,1,1,1,1,1,1,1,1,1,1,1,1,1,1,1,1,1,1,1,1,0,0,0,0,0,0,0,0,0,0,0,0,0,0,0,0,0,0,0,0,0,0,0,0,0,0,0,0,0,0,0,0,14.0,18,Unicorn_Absent,-1,-1.0,4,Unicorn_Absent,-176,14.0,32,1.0,50,0.0,0.5,TOP,14.0,1.0,18.0,0.06307692307692309,TOP
0,5501211226,12,550121,Absent,32,1,1,1,1,1,1,1,1,1,1,1,1,1,1,1,1,1,1,1,1,1,1,1,1,1,1,1,1,1,1,1,1,0,0,0,0,0,0,0,0,0,0,0,0,0,0,0,0,0,0,0,0,0,0,0,0,0,0,0,0,0,0,0,0,14.0,18,Unicorn_Absent,-1,-1.0,4,Unicorn_Absent,-162,14.0,32,1.0,50,0.0,0.5,TOP,14.0,1.0,18.0,0.0,TOP
0,5501211226,13,550121,Absent,32,1,1,1,1,1,1,1,1,1,1,1,1,1,1,1,1,1,1,1,1,1,1,1,1,1,1,1,1,1,1,1,1,0,0,0,0,0,0,0,0,0,0,0,0,0,0,0,0,0,0,0,0,0,0,0,0,0,0,0,0,0,0,0,0,14.0,18,Unicorn_Absent,-1,-1.0,4,Unicorn_Absent,-148,14.0,32,1.0,50,0.0,0.5,TOP,14.0,1.0,18.0,0.0,TOP
0,5501211226,17,550121,Absent,64,1,1,1,1,1,1,1,1,1,1,1,1,1,1,1,1,1,1,1,1,1,1,1,1,1,1,1,1,1,1,1,1,1,1,1,1,1,1,1,1,1,1,1,1,1,1,1,1,1,1,1,1,1,1,1,1,1,1,1,1,1,1,1,1,26.0,6,Unicorn_Absent,-1,-1.0,1,Unicorn_Absent,-158,0.0,64,0.5,64,0.39473684210526316,0.90625,ALL,14.0,1.0,18.0,0.0,ALL
0,5501211226,20,550121,Absent,36,0,0,0,0,0,0,0,0,0,1,1,1,1,1,1,0,0,1,1,1,1,1,1,0,0,1,1,1,1,1,1,0,0,1,1,1,1,1,1,0,0,1,1,1,1,1,1,0,0,1,1,1,1,1,1,0,0,0,0,0,0,0,0,0,32.0,0,Unicorn_Absent,-1,-1.0,7,Unicorn_Absent,-94,16.0,36,0.5625,64,0.25815217391304346,1.0,IN,0.0,0.4230769230769231,32.0,0.9142857142857143,RS
0,5501211226,31,550121,Absent,36,0,0,0,0,0,0,0,0,0,1,1,1,1,1,1,0,0,1,1,1,1,1,1,0,0,1,1,1,1,1,1,0,0,1,1,1,1,1,1,0,0,1,1,1,1,1,1,0,0,1,1,1,1,1,1,0,0,0,0,0,0,0,0,0,14.0,18,Unicorn_Absent,-1,-1.0,7,Unicorn_Absent,-352,14.0,36,1.0,50,0.0,0.5,IN,14.0,1.0,18.0,0.0,IN
0,5501211226,32,550121,Absent,36,0,0,0,0,0,0,0,0,0,1,1,1,1,1,1,0,0,1,1,1,1,1,1,0,0,1,1,1,1,1,1,0,0,1,1,1,1,1,1,0,0,1,1,1,1,1,1,0,0,1,1,1,1,1,1,0,0,0,0,0,0,0,0,0,14.0,18,Unicorn_Absent,-1,-1.0,7,Unicorn_Absent,-338,14.0,36,1.0,50,0.0,0.5,IN,14.0,1.0,18.0,0.0,IN
0,5501211226,33,550121,Absent,36,0,0,0,0,0,0,0,0,0,1,1,1,1,1,1,0,0,1,1,1,1,1,1,0,0,1,1,1,1,1,1,0,0,1,1,1,1,1,1,0,0,1,1,1,1,1,1,0,0,1,1,1,1,1,1,0,0,0,0,0,0,0,0,0,14.0,18,Unicorn_Absent,-1,-1.0,7,Unicorn_Absent,-324,14.0,36,1.0,50,0.0,0.5,IN,14.0,1.0,18.0,0.0,IN
0,5501211226,34,550121,Absent,36,0,0,0,0,0,0,0,0,0,1,1,1,1,1,1,0,0,1,1,1,1,1,1,0,0,1,1,1,1,1,1,0,0,1,1,1,1,1,1,0,0,1,1,1,1,1,1,0,0,1,1,1,1,1,1,0,0,0,0,0,0,0,0,0,14.0,18,Unicorn_Absent,-1,-1.0,7,Unicorn_Absent,-310,14.0,36,1.0,50,0.0,0.5,IN,14.0,1.0,18.0,0.0,IN
0,5501211226,35,550121,Absent,36,0,0,0,0,0,0,0,0,0,1,1,1,1,1,1,0,0,1,1,1,1,1,1,0,0,1,1,1,1,1,1,0,0,1,1,1,1,1,1,0,0,1,1,1,1,1,1,0,0,1,1,1,1,1,1,0,0,0,0,0,0,0,0,0,14.0,18,Unicorn_Absent,-1,-1.0,7,Unicorn_Absent,-296,14.0,36,1.0,50,0.0,0.5,IN,14.0,1.0,18.0,0.0,IN
0,5501211226,36,550121,Absent,36,0,0,0,0,0,0,0,0,0,1,1,1,1,1,1,0,0,1,1,1,1,1,1,0,0,1,1,1,1,1,1,0,0,1,1,1,1,1,1,0,0,1,1,1,1,1,1,0,0,1,1,1,1,1,1,0,0,0,0,0,0,0,0,0,14.0,18,Unicorn_Absent,-1,-1.0,7,Unicorn_Absent,-282,14.0,36,1.0,50,0.0,0.5,IN,14.0,1.0,18.0,0.0,IN
0,5501211226,37,550121,Absent,36,0,0,0,0,0,0,0,0,0,1,1,1,1,1,1,0,0,1,1,1,1,1,1,0,0,1,1,1,1,1,1,0,0,1,1,1,1,1,1,0,0,1,1,1,1,1,1,0,0,1,1,1,1,1,1,0,0,0,0,0,0,0,0,0,14.0,18,Unicorn_Absent,-1,-1.0,7,Unicorn_Absent,-268,14.0,36,1.0,50,0.0,0.5,IN,14.0,1.0,18.0,0.0,IN
0,5501211226,47,550121,Absent,32,1,1,1,1,1,1,1,1,1,1,1,1,1,1,1,1,1,1,1,1,1,1,1,1,1,1,1,1,1,1,1,1,0,0,0,0,0,0,0,0,0,0,0,0,0,0,0,0,0,0,0,0,0,0,0,0,0,0,0,0,0,0,0,0,16.0,16,Unicorn_Absent,-1,-1.0,4,Unicorn_Absent,-227,16.0,32,1.0,48,0.0,0.5,TOP,16.0,1.0,16.0,0.0,TOP
0,5501211226,51,550121,Absent,35,0,1,1,0,1,0,1,1,1,1,0,1,0,0,0,1,0,0,0,1,1,0,0,1,1,0,1,1,1,0,1,1,1,0,1,1,1,0,0,1,0,0,0,1,0,1,1,1,0,1,1,1,0,0,1,0,0,1,1,0,0,0,1,1,-3.0,35,Unicorn_Absent,-1,-1.0,0,Unicorn_Absent,-274,16.0,35,0.3673469387755102,64,0.13265306122448978,0.453125,RS,16.0,0.34,16.0,0.0,RIGHT
0,5501211226,56,550121,Absent,64,1,1,1,1,1,1,1,1,1,1,1,1,1,1,1,1,1,1,1,1,1,1,1,1,1,1,1,1,1,1,1,1,1,1,1,1,1,1,1,1,1,1,1,1,1,1,1,1,1,1,1,1,1,1,1,1,1,1,1,1,1,1,1,1,4.0,28,Unicorn_Absent,-1,-1.0,1,Unicorn_Absent,-407,10.0,64,0.5,64,0.19565217391304346,0.5625,ALL,16.0,0.703125,16.0,0.15999999999999998,RS
0,5564048521,3,485213,Absent,4,0,0,0,1,0,0,0,0,0,0,0,0,0,0,0,0,0,0,0,0,0,0,0,0,0,0,0,0,0,0,0,0,0,0,0,0,0,0,0,0,1,0,0,0,0,0,0,0,0,0,0,0,0,0,0,0,1,0,0,0,1,0,0,0,31.0,1,Unicorn_Absent,-1,-1.0,0,Unicorn_Absent,-15,18.0,4,,35,,0.53125,RS,,0.14285714285714285,,,OUT
0,5564048521,4,485213,Absent,28,1,1,1,1,1,1,1,1,1,0,0,0,0,0,0,1,1,0,0,0,0,0,0,1,1,0,0,0,0,0,0,1,1,0,0,0,0,0,0,1,1,0,0,0,0,0,0,1,1,0,0,0,0,0,0,1,1,1,1,1,1,1,1,1,18.0,14,Unicorn_Absent,-1,-1.0,8,Unicorn_Absent,3,18.0,28,0.14285714285714285,46,0.8571428571428572,0.5,OUT,31.0,1.0,1.0,,OUT
0,5564048521,9,485213,Absent,32,1,1,1,1,1,1,1,1,1,1,1,1,1,1,1,1,1,1,1,1,1,1,1,1,1,1,1,1,1,1,1,1,0,0,0,0,0,0,0,0,0,0,0,0,0,0,0,0,0,0,0,0,0,0,0,0,0,0,0,0,0,0,0,0,16.0,16,Unicorn_Absent,-1,-1.0,4,Unicorn_Absent,-1,16.0,32,1.0,48,0.0,0.5,TOP,16.0,1.0,16.0,0.028985507246376774,TOP
0,5564048521,15,485213,Absent,32,1,1,1,1,1,1,1,1,1,1,1,1,1,1,1,1,1,1,1,1,1,1,1,1,1,1,1,1,1,1,1,1,0,0,0,0,0,0,0,0,0,0,0,0,0,0,0,0,0,0,0,0,0,0,0,0,0,0,0,0,0,0,0,0,16.0,16,Unicorn_Absent,-1,-1.0,4,Unicorn_Absent,123,16.0,32,1.0,48,0.0,0.5,TOP,16.0,0.0,16.0,0.0,BOTTOM
0,5564048521,18,485213,Absent,32,1,1,1,1,0,0,0,0,1,1,1,1,0,0,0,0,1,1,1,1,0,0,0,0,1,1,1,1,0,0,0,0,1,1,1,1,0,0,0,0,1,1,1,1,0,0,0,0,1,1,1,1,0,0,0,0,1,1,1,1,0,0,0,0,32.0,0,Unicorn_Absent,-1,-1.0,5,Unicorn_Absent,91,21.0,32,0.3333333333333333,32,0.3333333333333333,0.5,LEFT,16.0,1.0,16.0,1.0,LEFT
0,5564048521,23,485213,Absent,32,1,1,1,1,0,0,0,0,1,1,1,1,0,0,0,0,1,1,1,1,0,0,0,0,1,1,1,1,0,0,0,0,1,1,1,1,0,0,0,0,1,1,1,1,0,0,0,0,1,1,1,1,0,0,0,0,1,1,1,1,0,0,0,0,32.0,0,Unicorn_Absent,-1,-1.0,5,Unicorn_Absent,240,32.0,32,1.0,64,0.0,1.0,LEFT,32.0,1.0,0.0,0.6046511627906976,LEFT
0,5564048521,31,485213,Absent,32,0,0,0,0,0,0,0,0,0,0,0,0,0,0,0,0,0,0,0,0,0,0,0,0,0,0,0,0,0,0,0,0,1,1,1,1,1,1,1,1,1,1,1,1,1,1,1,1,1,1,1,1,1,1,1,1,1,1,1,1,1,1,1,1,32.0,0,Unicorn_Absent,-1,-1.0,3,Unicorn_Absent,400,32.0,32,0.34146341463414637,32,0.6585365853658536,0.5,BOTTOM,32.0,1.0,0.0,0.30952380952380953,BOTTOM
0,5564048521,32,485213,Absent,32,0,0,0,0,0,0,0,0,0,0,0,0,0,0,0,0,0,0,0,0,0,0,0,0,0,0,0,0,0,0,0,0,1,1,1,1,1,1,1,1,1,1,1,1,1,1,1,1,1,1,1,1,1,1,1,1,1,1,1,1,1,1,1,1,32.0,0,Unicorn_Absent,-1,-1.0,3,Unicorn_Absent,432,32.0,32,1.0,32,0.0,0.5,BOTTOM,32.0,1.0,0.0,0.6585365853658536,BOTTOM
0,5564048521,36,485213,Absent,32,0,0,0,0,0,0,0,0,0,0,0,0,0,0,0,0,0,0,0,0,0,0,0,0,0,0,0,0,0,0,0,0,1,1,1,1,1,1,1,1,1,1,1,1,1,1,1,1,1,1,1,1,1,1,1,1,1,1,1,1,1,1,1,1,0.0,32,Unicorn_Absent,-1,-1.0,3,Unicorn_Absent,432,4.0,32,1.0,32,1.0,0.0,BOTTOM,32.0,0.30434782608695654,0.0,0.0,OUT
0,5564048521,37,485213,Absent,28,1,1,1,1,1,1,1,1,1,0,0,0,0,0,0,1,1,0,0,0,0,0,0,1,1,0,0,0,0,0,0,1,1,0,0,0,0,0,0,1,1,0,0,0,0,0,0,1,1,0,0,0,0,0,0,1,1,1,1,1,1,1,1,1,4.0,28,Unicorn_Absent,-1,-1.0,8,Unicorn_Absent,436,0.0,28,0.30434782608695654,28,0.0,0.0,OUT,0.0,0.30434782608695654,32.0,1.0,BOTTOM
0,5564048521,40,485213,Absent,28,1,1,1,1,1,1,1,1,1,0,0,0,0,0,0,1,1,0,0,0,0,0,0,1,1,0,0,0,0,0,0,1,1,0,0,0,0,0,0,1,1,0,0,0,0,0,0,1,1,0,0,0,0,0,0,1,1,1,1,1,1,1,1,1,18.0,14,Unicorn_Absent,-1,-1.0,8,Unicorn_Absent,478,18.0,28,0.30434782608695654,46,0.19565217391304346,0.5,OUT,0.0,1.0,32.0,0.13315217391304346,OUT
0,5564048521,48,485213,Absent,36,0,0,0,0,0,0,0,0,0,1,1,1,1,1,1,0,0,1,1,1,1,1,1,0,0,1,1,1,1,1,1,0,0,1,1,1,1,1,1,0,0,1,1,1,1,1,1,0,0,1,1,1,1,1,1,0,0,0,0,0,0,0,0,0,14.0,18,Unicorn_Absent,-1,-1.0,7,Unicorn_Absent,534,14.0,36,1.0,50,0.0,0.5,IN,14.0,1.0,18.0,0.3333333333333333,IN
0,5564048521,57,485213,Absent,36,0,0,0,0,0,0,0,0,0,1,1,1,1,1,1,0,0,1,1,1,1,1,1,0,0,1,1,1,1,1,1,0,0,1,1,1,1,1,1,0,0,1,1,1,1,1,1,0,0,1,1,1,1,1,1,0,0,0,0,0,0,0,0,0,14.0,18,Unicorn_Absent,-1,-1.0,7,Unicorn_Absent,766,14.0,36,1.0,50,0.0,0.5,IN,14.0,1.0,18.0,0.0,IN
0,5564048521,3,556401,Absent,32,1,1,1,1,1,1,1,1,1,1,1,1,1,1,1,1,1,1,1,1,1,1,1,1,1,1,1,1,1,1,1,1,0,0,0,0,0,0,0,0,0,0,0,0,0,0,0,0,0,0,0,0,0,0,0,0,0,0,0,0,0,0,0,0,31.0,1,Unicorn_Absent,-1,-1.0,4,Unicorn_Absent,-15,18.0,32,,35,,0.53125,TOP,,1.0,,,TOP
0,5564048521,4,556401,Absent,32,1,1,1,1,1,1,1,1,1,1,1,1,1,1,1,1,1,1,1,1,1,1,1,1,1,1,1,1,1,1,1,1,0,0,0,0,0,0,0,0,0,0,0,0,0,0,0,0,0,0,0,0,0,0,0,0,0,0,0,0,0,0,0,0,18.0,14,Unicorn_Absent,-1,-1.0,4,Unicorn_Absent,3,18.0,32,1.0,46,0.8571428571428572,0.5,TOP,31.0,1.0,1.0,,TOP
0,5564048521,9,556401,Absent,32,0,0,0,0,1,1,1,1,0,0,0,0,1,1,1,1,0,0,0,0,1,1,1,1,0,0,0,0,1,1,1,1,0,0,0,0,1,1,1,1,0,0,0,0,1,1,1,1,0,0,0,0,1,1,1,1,0,0,0,0,1,1,1,1,16.0,16,Unicorn_Absent,-1,-1.0,6,Unicorn_Absent,-1,16.0,32,1.0,48,0.0,0.5,RIGHT,16.0,1.0,16.0,0.028985507246376774,RIGHT
0,5564048521,15,556401,Absent,32,0,0,0,0,1,1,1,1,0,0,0,0,1,1,1,1,0,0,0,0,1,1,1,1,0,0,0,0,1,1,1,1,0,0,0,0,1,1,1,1,0,0,0,0,1,1,1,1,0,0,0,0,1,1,1,1,0,0,0,0,1,1,1,1,16.0,16,Unicorn_Absent,-1,-1.0,6,Unicorn_Absent,123,16.0,32,1.0,48,0.0,0.5,RIGHT,16.0,1.0,16.0,0.0,RIGHT
0,5564048521,18,556401,Absent,0,0,0,0,0,0,0,0,0,0,0,0,0,0,0,0,0,0,0,0,0,0,0,0,0,0,0,0,0,0,0,0,0,0,0,0,0,0,0,0,0,0,0,0,0,0,0,0,0,0,0,0,0,0,0,0,0,0,0,0,0,0,0,0,0,32.0,0,Unicorn_Absent,-1,-1.0,2,Unicorn_Absent,91,21.0,0,0.0,32,0.3333333333333333,0.5,NOTHING,16.0,0.0,16.0,1.0,RS
0,5564048521,23,556401,Absent,32,0,0,0,0,1,1,1,1,0,0,0,0,1,1,1,1,0,0,0,0,1,1,1,1,0,0,0,0,1,1,1,1,0,0,0,0,1,1,1,1,0,0,0,0,1,1,1,1,0,0,0,0,1,1,1,1,0,0,0,0,1,1,1,1,32.0,0,Unicorn_Absent,-1,-1.0,6,Unicorn_Absent,240,32.0,32,1.0,64,0.0,1.0,RIGHT,32.0,1.0,0.0,0.6046511627906976,RIGHT
0,5564048521,31,556401,Absent,0,0,0,0,0,0,0,0,0,0,0,0,0,0,0,0,0,0,0,0,0,0,0,0,0,0,0,0,0,0,0,0,0,0,0,0,0,0,0,0,0,0,0,0,0,0,0,0,0,0,0,0,0,0,0,0,0,0,0,0,0,0,0,0,0,32.0,0,Unicorn_Absent,-1,-1.0,2,Unicorn_Absent,400,32.0,0,1.0,32,0.6585365853658536,0.5,NOTHING,32.0,1.0,0.0,0.30952380952380953,NOTHING
0,5564048521,32,556401,Absent,0,0,0,0,0,0,0,0,0,0,0,0,0,0,0,0,0,0,0,0,0,0,0,0,0,0,0,0,0,0,0,0,0,0,0,0,0,0,0,0,0,0,0,0,0,0,0,0,0,0,0,0,0,0,0,0,0,0,0,0,0,0,0,0,0,32.0,0,Unicorn_Absent,-1,-1.0,2,Unicorn_Absent,432,32.0,0,1.0,32,0.0,0.5,NOTHING,32.0,1.0,0.0,0.6585365853658536,NOTHING
0,5564048521,36,556401,Absent,32,0,0,0,0,0,0,0,0,0,0,0,0,0,0,0,0,0,0,0,0,0,0,0,0,0,0,0,0,0,0,0,0,1,1,1,1,1,1,1,1,1,1,1,1,1,1,1,1,1,1,1,1,1,1,1,1,1,1,1,1,1,1,1,1,0.0,32,Unicorn_Absent,-1,-1.0,3,Unicorn_Absent,432,4.0,32,0.0,32,1.0,0.0,BOTTOM,32.0,0.30434782608695654,0.0,0.0,OUT
0,5564048521,37,556401,Absent,28,1,1,1,1,1,1,1,1,1,0,0,0,0,0,0,1,1,0,0,0,0,0,0,1,1,0,0,0,0,0,0,1,1,0,0,0,0,0,0,1,1,0,0,0,0,0,0,1,1,0,0,0,0,0,0,1,1,1,1,1,1,1,1,1,4.0,28,Unicorn_Absent,-1,-1.0,8,Unicorn_Absent,436,0.0,28,0.30434782608695654,28,0.0,0.0,OUT,0.0,0.4375,32.0,1.0,ALL
0,5564048521,40,556401,Absent,32,1,1,1,1,0,0,0,0,1,1,1,1,0,0,0,0,1,1,1,1,0,0,0,0,1,1,1,1,0,0,0,0,1,1,1,1,0,0,0,0,1,1,1,1,0,0,0,0,1,1,1,1,0,0,0,0,1,1,1,1,0,0,0,0,18.0,14,Unicorn_Absent,-1,-1.0,5,Unicorn_Absent,478,18.0,32,0.5,46,0.19565217391304346,0.5,LEFT,0.0,1.0,32.0,0.13315217391304346,LEFT
0,5564048521,48,556401,Absent,32,1,1,1,1,1,1,1,1,1,1,1,1,1,1,1,1,1,1,1,1,1,1,1,1,1,1,1,1,1,1,1,1,0,0,0,0,0,0,0,0,0,0,0,0,0,0,0,0,0,0,0,0,0,0,0,0,0,0,0,0,0,0,0,0,14.0,18,Unicorn_Absent,-1,-1.0,4,Unicorn_Absent,534,14.0,32,1.0,50,0.0,0.5,TOP,14.0,1.0,18.0,0.3333333333333333,TOP
0,5564048521,57,556401,Absent,32,1,1,1,1,1,1,1,1,1,1,1,1,1,1,1,1,1,1,1,1,1,1,1,1,1,1,1,1,1,1,1,1,0,0,0,0,0,0,0,0,0,0,0,0,0,0,0,0,0,0,0,0,0,0,0,0,0,0,0,0,0,0,0,0,14.0,18,Unicorn_Absent,-1,-1.0,4,Unicorn_Absent,766,14.0,32,1.0,50,0.0,0.5,TOP,14.0,1.0,18.0,0.0,TOP
0,5923140020,19,400205,Absent,32,0,0,0,0,1,1,1,1,0,0,0,0,1,1,1,1,0,0,0,0,1,1,1,1,0,0,0,0,1,1,1,1,0,0,0,0,1,1,1,1,0,0,0,0,1,1,1,1,0,0,0,0,1,1,1,1,0,0,0,0,1,1,1,1,32.0,0,Unicorn_Absent,-1,-1.0,6,Unicorn_Absent,78,32.0,32,0.3333333333333333,64,0.6666666666666667,1.0,RIGHT,16.0,1.0,16.0,0.055652173913043446,RIGHT
0,5923140020,20,400205,Absent,32,0,0,0,0,1,1,1,1,0,0,0,0,1,1,1,1,0,0,0,0,1,1,1,1,0,0,0,0,1,1,1,1,0,0,0,0,1,1,1,1,0,0,0,0,1,1,1,1,0,0,0,0,1,1,1,1,0,0,0,0,1,1,1,1,32.0,0,Unicorn_Absent,-1,-1.0,6,Unicorn_Absent,110,32.0,32,1.0,64,0.0,1.0,RIGHT,32.0,1.0,0.0,0.6666666666666667,RIGHT
0,5923140020,27,400205,Absent,32,0,0,0,0,1,1,1,1,0,0,0,0,1,1,1,1,0,0,0,0,1,1,1,1,0,0,0,0,1,1,1,1,0,0,0,0,1,1,1,1,0,0,0,0,1,1,1,1,0,0,0,0,1,1,1,1,0,0,0,0,1,1,1,1,32.0,0,Unicorn_Absent,-1,-1.0,6,Unicorn_Absent,334,32.0,32,1.0,64,0.0,1.0,RIGHT,32.0,1.0,0.0,0.0,RIGHT
0,5923140020,37,400205,Absent,32,0,0,0,0,1,1,1,1,0,0,0,0,1,1,1,1,0,0,0,0,1,1,1,1,0,0,0,0,1,1,1,1,0,0,0,0,1,1,1,1,0,0,0,0,1,1,1,1,0,0,0,0,1,1,1,1,0,0,0,0,1,1,1,1,32.0,0,Unicorn_Absent,-1,-1.0,6,Unicorn_Absent,654,32.0,32,1.0,64,0.0,1.0,RIGHT,32.0,1.0,0.0,0.0,RIGHT
0,5923140020,44,400205,Absent,32,0,0,0,0,1,1,1,1,0,0,0,0,1,1,1,1,0,0,0,0,1,1,1,1,0,0,0,0,1,1,1,1,0,0,0,0,1,1,1,1,0,0,0,0,1,1,1,1,0,0,0,0,1,1,1,1,0,0,0,0,1,1,1,1,16.0,16,Unicorn_Absent,-1,-1.0,6,Unicorn_Absent,827,16.0,32,1.0,48,0.0,0.5,RIGHT,16.0,1.0,16.0,0.6666666666666667,RIGHT
0,5923140020,45,400205,Absent,32,0,0,0,0,1,1,1,1,0,0,0,0,1,1,1,1,0,0,0,0,1,1,1,1,0,0,0,0,1,1,1,1,0,0,0,0,1,1,1,1,0,0,0,0,1,1,1,1,0,0,0,0,1,1,1,1,0,0,0,0,1,1,1,1,16.0,16,Unicorn_Absent,-1,-1.0,6,Unicorn_Absent,843,16.0,32,1.0,48,0.0,0.5,RIGHT,16.0,1.0,16.0,0.0,RIGHT
0,5923140020,46,400205,Absent,32,0,0,0,0,1,1,1,1,0,0,0,0,1,1,1,1,0,0,0,0,1,1,1,1,0,0,0,0,1,1,1,1,0,0,0,0,1,1,1,1,0,0,0,0,1,1,1,1,0,0,0,0,1,1,1,1,0,0,0,0,1,1,1,1,16.0,16,Unicorn_Absent,-1,-1.0,6,Unicorn_Absent,859,16.0,32,1.0,48,0.0,0.5,RIGHT,16.0,1.0,16.0,0.0,RIGHT
0,5923140020,19,592311,Absent,32,1,1,1,1,0,0,0,0,1,1,1,1,0,0,0,0,1,1,1,1,0,0,0,0,1,1,1,1,0,0,0,0,1,1,1,1,0,0,0,0,1,1,1,1,0,0,0,0,1,1,1,1,0,0,0,0,1,1,1,1,0,0,0,0,32.0,0,Unicorn_Absent,-1,-1.0,5,Unicorn_Absent,78,32.0,32,1.0,64,0.6666666666666667,1.0,LEFT,16.0,1.0,16.0,0.055652173913043446,LEFT
0,5923140020,20,592311,Absent,32,1,1,1,1,0,0,0,0,1,1,1,1,0,0,0,0,1,1,1,1,0,0,0,0,1,1,1,1,0,0,0,0,1,1,1,1,0,0,0,0,1,1,1,1,0,0,0,0,1,1,1,1,0,0,0,0,1,1,1,1,0,0,0,0,32.0,0,Unicorn_Absent,-1,-1.0,5,Unicorn_Absent,110,32.0,32,1.0,64,0.0,1.0,LEFT,32.0,1.0,0.0,0.6666666666666667,LEFT
0,5923140020,27,592311,Absent,32,1,1,1,1,0,0,0,0,1,1,1,1,0,0,0,0,1,1,1,1,0,0,0,0,1,1,1,1,0,0,0,0,1,1,1,1,0,0,0,0,1,1,1,1,0,0,0,0,1,1,1,1,0,0,0,0,1,1,1,1,0,0,0,0,32.0,0,Unicorn_Absent,-1,-1.0,5,Unicorn_Absent,334,32.0,32,1.0,64,0.0,1.0,LEFT,32.0,1.0,0.0,0.0,LEFT
0,5923140020,37,592311,Absent,32,1,1,1,1,0,0,0,0,1,1,1,1,0,0,0,0,1,1,1,1,0,0,0,0,1,1,1,1,0,0,0,0,1,1,1,1,0,0,0,0,1,1,1,1,0,0,0,0,1,1,1,1,0,0,0,0,1,1,1,1,0,0,0,0,32.0,0,Unicorn_Absent,-1,-1.0,5,Unicorn_Absent,654,32.0,32,1.0,64,0.0,1.0,LEFT,32.0,1.0,0.0,0.0,LEFT
0,5923140020,44,592311,Absent,32,1,1,1,1,1,1,1,1,1,1,1,1,1,1,1,1,1,1,1,1,1,1,1,1,1,1,1,1,1,1,1,1,0,0,0,0,0,0,0,0,0,0,0,0,0,0,0,0,0,0,0,0,0,0,0,0,0,0,0,0,0,0,0,0,16.0,16,Unicorn_Absent,-1,-1.0,4,Unicorn_Absent,827,16.0,32,1.0,48,0.0,0.5,TOP,16.0,1.0,16.0,0.6666666666666667,TOP
0,5923140020,45,592311,Absent,32,1,1,1,1,1,1,1,1,1,1,1,1,1,1,1,1,1,1,1,1,1,1,1,1,1,1,1,1,1,1,1,1,0,0,0,0,0,0,0,0,0,0,0,0,0,0,0,0,0,0,0,0,0,0,0,0,0,0,0,0,0,0,0,0,16.0,16,Unicorn_Absent,-1,-1.0,4,Unicorn_Absent,843,16.0,32,1.0,48,0.0,0.5,TOP,16.0,1.0,16.0,0.0,TOP
0,5923140020,46,592311,Absent,32,1,1,1,1,1,1,1,1,1,1,1,1,1,1,1,1,1,1,1,1,1,1,1,1,1,1,1,1,1,1,1,1,0,0,0,0,0,0,0,0,0,0,0,0,0,0,0,0,0,0,0,0,0,0,0,0,0,0,0,0,0,0,0,0,16.0,16,Unicorn_Absent,-1,-1.0,4,Unicorn_Absent,859,16.0,32,1.0,48,0.0,0.5,TOP,16.0,1.0,16.0,0.0,TOP
0,5943762091,4,594374,Absent,32,1,1,1,1,1,1,1,1,1,1,1,1,1,1,1,1,1,1,1,1,1,1,1,1,1,1,1,1,1,1,1,1,0,0,0,0,0,0,0,0,0,0,0,0,0,0,0,0,0,0,0,0,0,0,0,0,0,0,0,0,0,0,0,0,18.0,14,Unicorn_Absent,-1,-1.0,4,Unicorn_Absent,-27,18.0,32,0.3333333333333333,46,0.10416666666666669,0.5,TOP,0.0,1.0,32.0,,TOP
0,5943762091,13,594374,Absent,32,0,0,0,0,0,0,0,0,0,0,0,0,0,0,0,0,0,0,0,0,0,0,0,0,0,0,0,0,0,0,0,0,1,1,1,1,1,1,1,1,1,1,1,1,1,1,1,1,1,1,1,1,1,1,1,1,1,1,1,1,1,1,1,1,32.0,0,Unicorn_Absent,-1,-1.0,3,Unicorn_Absent,-88,32.0,32,0.30434782608695654,32,0.30434782608695654,0.5,BOTTOM,13.0,1.0,19.0,0.40384615384615385,BOTTOM
0,5943762091,16,594374,Absent,36,0,0,0,0,0,0,0,0,0,1,1,1,1,1,1,0,0,1,1,1,1,1,1,0,0,1,1,1,1,1,1,0,0,1,1,1,1,1,1,0,0,1,1,1,1,1,1,0,0,1,1,1,1,1,1,0,0,0,0,0,0,0,0,0,-1.0,33,Unicorn_Absent,-1,-1.0,7,Unicorn_Absent,-121,32.0,36,0.36,58,0.36,0.390625,IN,32.0,1.0,0.0,0.0,IN
0,5943762091,25,594374,Absent,36,0,0,0,0,0,0,0,0,0,1,1,1,1,1,1,0,0,1,1,1,1,1,1,0,0,1,1,1,1,1,1,0,0,1,1,1,1,1,1,0,0,1,1,1,1,1,1,0,0,1,1,1,1,1,1,0,0,0,0,0,0,0,0,0,14.0,18,Unicorn_Absent,-1,-1.0,7,Unicorn_Absent,104,14.0,36,1.0,50,0.0,0.5,IN,14.0,1.0,18.0,1.0,IN
0,5943762091,26,594374,Absent,36,0,0,0,0,0,0,0,0,0,1,1,1,1,1,1,0,0,1,1,1,1,1,1,0,0,1,1,1,1,1,1,0,0,1,1,1,1,1,1,0,0,1,1,1,1,1,1,0,0,1,1,1,1,1,1,0,0,0,0,0,0,0,0,0,14.0,18,Unicorn_Absent,-1,-1.0,7,Unicorn_Absent,118,14.0,36,1.0,50,0.0,0.5,IN,14.0,1.0,18.0,0.0,IN
0,5943762091,27,594374,Absent,36,0,0,0,0,0,0,0,0,0,1,1,1,1,1,1,0,0,1,1,1,1,1,1,0,0,1,1,1,1,1,1,0,0,1,1,1,1,1,1,0,0,1,1,1,1,1,1,0,0,1,1,1,1,1,1,0,0,0,0,0,0,0,0,0,14.0,18,Unicorn_Absent,-1,-1.0,7,Unicorn_Absent,132,32.0,36,1.0,50,0.0,0.5,IN,14.0,0.0,18.0,0.0,NOTHING
0,5943762091,28,594374,Absent,0,0,0,0,0,0,0,0,0,0,0,0,0,0,0,0,0,0,0,0,0,0,0,0,0,0,0,0,0,0,0,0,0,0,0,0,0,0,0,0,0,0,0,0,0,0,0,0,0,0,0,0,0,0,0,0,0,0,0,0,0,0,0,0,0,32.0,0,Unicorn_Absent,-1,-1.0,2,Unicorn_Absent,164,32.0,0,0.0,32,1.0,0.5,NOTHING,14.0,1.0,18.0,0.0,NOTHING
0,5943762091,29,594374,Absent,0,0,0,0,0,0,0,0,0,0,0,0,0,0,0,0,0,0,0,0,0,0,0,0,0,0,0,0,0,0,0,0,0,0,0,0,0,0,0,0,0,0,0,0,0,0,0,0,0,0,0,0,0,0,0,0,0,0,0,0,0,0,0,0,0,32.0,0,Unicorn_Absent,-1,-1.0,2,Unicorn_Absent,196,32.0,0,1.0,32,0.0,0.5,NOTHING,32.0,1.0,0.0,1.0,NOTHING
0,5943762091,30,594374,Absent,0,0,0,0,0,0,0,0,0,0,0,0,0,0,0,0,0,0,0,0,0,0,0,0,0,0,0,0,0,0,0,0,0,0,0,0,0,0,0,0,0,0,0,0,0,0,0,0,0,0,0,0,0,0,0,0,0,0,0,0,0,0,0,0,0,32.0,0,Unicorn_Absent,-1,-1.0,2,Unicorn_Absent,228,32.0,0,1.0,32,0.0,0.5,NOTHING,32.0,1.0,0.0,0.0,NOTHING
0,5943762091,31,594374,Absent,0,0,0,0,0,0,0,0,0,0,0,0,0,0,0,0,0,0,0,0,0,0,0,0,0,0,0,0,0,0,0,0,0,0,0,0,0,0,0,0,0,0,0,0,0,0,0,0,0,0,0,0,0,0,0,0,0,0,0,0,0,0,0,0,0,32.0,0,Unicorn_Absent,-1,-1.0,2,Unicorn_Absent,260,32.0,0,1.0,32,0.0,0.5,NOTHING,32.0,1.0,0.0,0.0,NOTHING
0,5943762091,32,594374,Absent,0,0,0,0,0,0,0,0,0,0,0,0,0,0,0,0,0,0,0,0,0,0,0,0,0,0,0,0,0,0,0,0,0,0,0,0,0,0,0,0,0,0,0,0,0,0,0,0,0,0,0,0,0,0,0,0,0,0,0,0,0,0,0,0,0,32.0,0,Unicorn_Absent,-1,-1.0,2,Unicorn_Absent,292,32.0,0,1.0,32,0.0,0.5,NOTHING,32.0,1.0,0.0,0.0,NOTHING
0,5943762091,33,594374,Absent,0,0,0,0,0,0,0,0,0,0,0,0,0,0,0,0,0,0,0,0,0,0,0,0,0,0,0,0,0,0,0,0,0,0,0,0,0,0,0,0,0,0,0,0,0,0,0,0,0,0,0,0,0,0,0,0,0,0,0,0,0,0,0,0,0,32.0,0,Unicorn_Absent,-1,-1.0,2,Unicorn_Absent,324,32.0,0,1.0,32,0.0,0.5,NOTHING,32.0,1.0,0.0,0.0,NOTHING
0,5943762091,34,594374,Absent,0,0,0,0,0,0,0,0,0,0,0,0,0,0,0,0,0,0,0,0,0,0,0,0,0,0,0,0,0,0,0,0,0,0,0,0,0,0,0,0,0,0,0,0,0,0,0,0,0,0,0,0,0,0,0,0,0,0,0,0,0,0,0,0,0,32.0,0,Unicorn_Absent,-1,-1.0,2,Unicorn_Absent,356,32.0,0,1.0,32,0.0,0.5,NOTHING,32.0,1.0,0.0,0.0,NOTHING
0,5943762091,37,594374,Absent,28,1,1,1,1,1,1,1,1,1,0,0,0,0,0,0,1,1,0,0,0,0,0,0,1,1,0,0,0,0,0,0,1,1,0,0,0,0,0,0,1,1,0,0,0,0,0,0,1,1,0,0,0,0,0,0,1,1,1,1,1,1,1,1,1,4.0,28,Unicorn_Absent,-1,-1.0,8,Unicorn_Absent,328,32.0,28,0.0,64,0.5,0.5625,OUT,32.0,0.0,0.0,0.0,NOTHING
0,5943762091,44,594374,Absent,0,0,0,0,0,0,0,0,0,0,0,0,0,0,0,0,0,0,0,0,0,0,0,0,0,0,0,0,0,0,0,0,0,0,0,0,0,0,0,0,0,0,0,0,0,0,0,0,0,0,0,0,0,0,0,0,0,0,0,0,0,0,0,0,0,32.0,0,Unicorn_Absent,-1,-1.0,2,Unicorn_Absent,456,32.0,0,1.0,32,0.6666666666666667,0.5,NOTHING,32.0,1.0,0.0,0.64,NOTHING
0,5943762091,45,594374,Absent,0,0,0,0,0,0,0,0,0,0,0,0,0,0,0,0,0,0,0,0,0,0,0,0,0,0,0,0,0,0,0,0,0,0,0,0,0,0,0,0,0,0,0,0,0,0,0,0,0,0,0,0,0,0,0,0,0,0,0,0,0,0,0,0,0,32.0,0,Unicorn_Absent,-1,-1.0,2,Unicorn_Absent,488,32.0,0,1.0,32,0.0,0.5,NOTHING,32.0,1.0,0.0,0.6666666666666667,NOTHING
0,5943762091,48,594374,Absent,0,0,0,0,0,0,0,0,0,0,0,0,0,0,0,0,0,0,0,0,0,0,0,0,0,0,0,0,0,0,0,0,0,0,0,0,0,0,0,0,0,0,0,0,0,0,0,0,0,0,0,0,0,0,0,0,0,0,0,0,0,0,0,0,0,32.0,0,Unicorn_Absent,-1,-1.0,2,Unicorn_Absent,584,32.0,0,1.0,64,0.0,1.0,NOTHING,32.0,1.0,0.0,0.5,NOTHING
0,5943762091,49,594374,Absent,0,0,0,0,0,0,0,0,0,0,0,0,0,0,0,0,0,0,0,0,0,0,0,0,0,0,0,0,0,0,0,0,0,0,0,0,0,0,0,0,0,0,0,0,0,0,0,0,0,0,0,0,0,0,0,0,0,0,0,0,0,0,0,0,0,32.0,0,Unicorn_Absent,-1,-1.0,2,Unicorn_Absent,616,32.0,0,1.0,64,0.0,1.0,NOTHING,32.0,1.0,0.0,0.0,NOTHING
0,5943762091,50,594374,Absent,0,0,0,0,0,0,0,0,0,0,0,0,0,0,0,0,0,0,0,0,0,0,0,0,0,0,0,0,0,0,0,0,0,0,0,0,0,0,0,0,0,0,0,0,0,0,0,0,0,0,0,0,0,0,0,0,0,0,0,0,0,0,0,0,0,32.0,0,Unicorn_Absent,-1,-1.0,2,Unicorn_Absent,648,32.0,0,1.0,64,0.0,1.0,NOTHING,32.0,1.0,0.0,0.0,NOTHING
0,5943762091,4,620914,Absent,28,1,1,1,1,1,1,1,1,1,0,0,0,0,0,0,1,1,0,0,0,0,0,0,1,1,0,0,0,0,0,0,1,1,0,0,0,0,0,0,1,1,0,0,0,0,0,0,1,1,0,0,0,0,0,0,1,1,1,1,1,1,1,1,1,18.0,14,Unicorn_Absent,-1,-1.0,8,Unicorn_Absent,-27,18.0,28,0.4375,46,0.10416666666666669,0.5,OUT,0.0,1.0,32.0,,OUT
0,5943762091,13,620914,Absent,0,0,0,0,0,0,0,0,0,0,0,0,0,0,0,0,0,0,0,0,0,0,0,0,0,0,0,0,0,0,0,0,0,0,0,0,0,0,0,0,0,0,0,0,0,0,0,0,0,0,0,0,0,0,0,0,0,0,0,0,0,0,0,0,0,32.0,0,Unicorn_Absent,-1,-1.0,2,Unicorn_Absent,-88,32.0,0,0.0,32,0.30434782608695654,0.5,NOTHING,13.0,1.0,19.0,0.40384615384615385,NOTHING
0,5943762091,16,620914,Absent,55,1,1,1,0,0,1,1,0,1,1,0,1,1,1,1,1,1,1,1,1,1,1,1,1,1,1,1,1,1,1,1,0,1,1,1,1,1,1,0,1,0,1,1,1,1,1,1,1,1,1,1,1,0,1,1,0,1,1,1,1,1,1,1,1,-1.0,33,Unicorn_Absent,-1,-1.0,0,Unicorn_Absent,-121,32.0,55,0.0,58,0.36,0.390625,RS,32.0,0.0,0.0,0.0,NOTHING
0,5943762091,25,620914,Absent,32,1,1,1,1,1,1,1,1,1,1,1,1,1,1,1,1,1,1,1,1,1,1,1,1,1,1,1,1,1,1,1,1,0,0,0,0,0,0,0,0,0,0,0,0,0,0,0,0,0,0,0,0,0,0,0,0,0,0,0,0,0,0,0,0,14.0,18,Unicorn_Absent,-1,-1.0,4,Unicorn_Absent,104,14.0,32,1.0,50,0.0,0.5,TOP,14.0,1.0,18.0,1.0,TOP
0,5943762091,26,620914,Absent,32,1,1,1,1,1,1,1,1,1,1,1,1,1,1,1,1,1,1,1,1,1,1,1,1,1,1,1,1,1,1,1,1,0,0,0,0,0,0,0,0,0,0,0,0,0,0,0,0,0,0,0,0,0,0,0,0,0,0,0,0,0,0,0,0,14.0,18,Unicorn_Absent,-1,-1.0,4,Unicorn_Absent,118,14.0,32,1.0,50,0.0,0.5,TOP,14.0,1.0,18.0,0.0,TOP
0,5943762091,27,620914,Absent,32,1,1,1,1,1,1,1,1,1,1,1,1,1,1,1,1,1,1,1,1,1,1,1,1,1,1,1,1,1,1,1,1,0,0,0,0,0,0,0,0,0,0,0,0,0,0,0,0,0,0,0,0,0,0,0,0,0,0,0,0,0,0,0,0,14.0,18,Unicorn_Absent,-1,-1.0,4,Unicorn_Absent,132,32.0,32,1.0,50,0.0,0.5,TOP,14.0,1.0,18.0,0.0,TOP
0,5943762091,28,620914,Absent,32,1,1,1,1,1,1,1,1,1,1,1,1,1,1,1,1,1,1,1,1,1,1,1,1,1,1,1,1,1,1,1,1,0,0,0,0,0,0,0,0,0,0,0,0,0,0,0,0,0,0,0,0,0,0,0,0,0,0,0,0,0,0,0,0,32.0,0,Unicorn_Absent,-1,-1.0,4,Unicorn_Absent,164,32.0,32,1.0,32,1.0,0.5,TOP,14.0,1.0,18.0,0.0,TOP
0,5943762091,29,620914,Absent,32,1,1,1,1,1,1,1,1,1,1,1,1,1,1,1,1,1,1,1,1,1,1,1,1,1,1,1,1,1,1,1,1,0,0,0,0,0,0,0,0,0,0,0,0,0,0,0,0,0,0,0,0,0,0,0,0,0,0,0,0,0,0,0,0,32.0,0,Unicorn_Absent,-1,-1.0,4,Unicorn_Absent,196,32.0,32,1.0,32,0.0,0.5,TOP,32.0,1.0,0.0,1.0,TOP
0,5943762091,30,620914,Absent,32,1,1,1,1,1,1,1,1,1,1,1,1,1,1,1,1,1,1,1,1,1,1,1,1,1,1,1,1,1,1,1,1,0,0,0,0,0,0,0,0,0,0,0,0,0,0,0,0,0,0,0,0,0,0,0,0,0,0,0,0,0,0,0,0,32.0,0,Unicorn_Absent,-1,-1.0,4,Unicorn_Absent,228,32.0,32,1.0,32,0.0,0.5,TOP,32.0,1.0,0.0,0.0,TOP
0,5943762091,31,620914,Absent,32,1,1,1,1,1,1,1,1,1,1,1,1,1,1,1,1,1,1,1,1,1,1,1,1,1,1,1,1,1,1,1,1,0,0,0,0,0,0,0,0,0,0,0,0,0,0,0,0,0,0,0,0,0,0,0,0,0,0,0,0,0,0,0,0,32.0,0,Unicorn_Absent,-1,-1.0,4,Unicorn_Absent,260,32.0,32,1.0,32,0.0,0.5,TOP,32.0,1.0,0.0,0.0,TOP
0,5943762091,32,620914,Absent,32,1,1,1,1,1,1,1,1,1,1,1,1,1,1,1,1,1,1,1,1,1,1,1,1,1,1,1,1,1,1,1,1,0,0,0,0,0,0,0,0,0,0,0,0,0,0,0,0,0,0,0,0,0,0,0,0,0,0,0,0,0,0,0,0,32.0,0,Unicorn_Absent,-1,-1.0,4,Unicorn_Absent,292,32.0,32,1.0,32,0.0,0.5,TOP,32.0,1.0,0.0,0.0,TOP
0,5943762091,33,620914,Absent,32,1,1,1,1,1,1,1,1,1,1,1,1,1,1,1,1,1,1,1,1,1,1,1,1,1,1,1,1,1,1,1,1,0,0,0,0,0,0,0,0,0,0,0,0,0,0,0,0,0,0,0,0,0,0,0,0,0,0,0,0,0,0,0,0,32.0,0,Unicorn_Absent,-1,-1.0,4,Unicorn_Absent,324,32.0,32,1.0,32,0.0,0.5,TOP,32.0,1.0,0.0,0.0,TOP
0,5943762091,34,620914,Absent,32,1,1,1,1,1,1,1,1,1,1,1,1,1,1,1,1,1,1,1,1,1,1,1,1,1,1,1,1,1,1,1,1,0,0,0,0,0,0,0,0,0,0,0,0,0,0,0,0,0,0,0,0,0,0,0,0,0,0,0,0,0,0,0,0,32.0,0,Unicorn_Absent,-1,-1.0,4,Unicorn_Absent,356,32.0,32,1.0,32,0.0,0.5,TOP,32.0,1.0,0.0,0.0,TOP
0,5943762091,37,620914,Absent,64,1,1,1,1,1,1,1,1,1,1,1,1,1,1,1,1,1,1,1,1,1,1,1,1,1,1,1,1,1,1,1,1,1,1,1,1,1,1,1,1,1,1,1,1,1,1,1,1,1,1,1,1,1,1,1,1,1,1,1,1,1,1,1,1,4.0,28,Unicorn_Absent,-1,-1.0,1,Unicorn_Absent,328,32.0,64,0.5,64,0.5,0.5625,ALL,32.0,0.5625,0.0,0.0,IN
0,5943762091,44,620914,Absent,32,0,0,0,0,1,1,1,1,0,0,0,0,1,1,1,1,0,0,0,0,1,1,1,1,0,0,0,0,1,1,1,1,0,0,0,0,1,1,1,1,0,0,0,0,1,1,1,1,0,0,0,0,1,1,1,1,0,0,0,0,1,1,1,1,32.0,0,Unicorn_Absent,-1,-1.0,6,Unicorn_Absent,456,32.0,32,0.3333333333333333,32,0.6666666666666667,0.5,RIGHT,32.0,1.0,0.0,0.64,RIGHT
0,5943762091,45,620914,Absent,32,0,0,0,0,1,1,1,1,0,0,0,0,1,1,1,1,0,0,0,0,1,1,1,1,0,0,0,0,1,1,1,1,0,0,0,0,1,1,1,1,0,0,0,0,1,1,1,1,0,0,0,0,1,1,1,1,0,0,0,0,1,1,1,1,32.0,0,Unicorn_Absent,-1,-1.0,6,Unicorn_Absent,488,32.0,32,1.0,32,0.0,0.5,RIGHT,32.0,0.5,0.0,0.6666666666666667,ALL
0,5943762091,48,620914,Absent,64,1,1,1,1,1,1,1,1,1,1,1,1,1,1,1,1,1,1,1,1,1,1,1,1,1,1,1,1,1,1,1,1,1,1,1,1,1,1,1,1,1,1,1,1,1,1,1,1,1,1,1,1,1,1,1,1,1,1,1,1,1,1,1,1,32.0,0,Unicorn_Absent,-1,-1.0,1,Unicorn_Absent,584,32.0,64,1.0,64,0.0,1.0,ALL,32.0,1.0,0.0,0.5,ALL
0,5943762091,49,620914,Absent,64,1,1,1,1,1,1,1,1,1,1,1,1,1,1,1,1,1,1,1,1,1,1,1,1,1,1,1,1,1,1,1,1,1,1,1,1,1,1,1,1,1,1,1,1,1,1,1,1,1,1,1,1,1,1,1,1,1,1,1,1,1,1,1,1,32.0,0,Unicorn_Absent,-1,-1.0,1,Unicorn_Absent,616,32.0,64,1.0,64,0.0,1.0,ALL,32.0,1.0,0.0,0.0,ALL
0,5943762091,50,620914,Absent,64,1,1,1,1,1,1,1,1,1,1,1,1,1,1,1,1,1,1,1,1,1,1,1,1,1,1,1,1,1,1,1,1,1,1,1,1,1,1,1,1,1,1,1,1,1,1,1,1,1,1,1,1,1,1,1,1,1,1,1,1,1,1,1,1,32.0,0,Unicorn_Absent,-1,-1.0,1,Unicorn_Absent,648,32.0,64,1.0,64,0.0,1.0,ALL,32.0,1.0,0.0,0.0,ALL
0,6008923337,1,233375,Absent,31,1,1,0,0,0,0,0,1,1,1,1,1,1,1,0,0,0,0,1,1,0,1,1,1,0,0,0,1,1,1,0,0,0,1,0,0,0,0,1,0,0,1,1,0,1,0,0,0,1,1,1,1,1,0,1,0,0,1,0,0,0,0,1,1,24.0,8,Unicorn_Absent,-1,-1.0,0,Unicorn_Absent,24,16.0,31,,40,,0.5,RS,,0.37735849056603776,,,RS
0,6008923337,5,233375,Absent,32,1,1,1,1,1,1,1,1,1,1,1,1,1,1,1,1,1,1,1,1,1,1,1,1,1,1,1,1,1,1,1,1,0,0,0,0,0,0,0,0,0,0,0,0,0,0,0,0,0,0,0,0,0,0,0,0,0,0,0,0,0,0,0,0,32.0,0,Unicorn_Absent,-1,-1.0,4,Unicorn_Absent,136,0.0,32,0.5416666666666666,64,0.45833333333333337,1.0,TOP,16.0,1.0,16.0,0.12094823415578138,TOP
0,6008923337,23,233375,Absent,28,1,1,1,1,1,1,1,1,1,0,0,0,0,0,0,1,1,0,0,0,0,0,0,1,1,0,0,0,0,0,0,1,1,0,0,0,0,0,0,1,1,0,0,0,0,0,0,1,1,0,0,0,0,0,0,1,1,1,1,1,1,1,1,1,18.0,14,Unicorn_Absent,-1,-1.0,8,Unicorn_Absent,319,18.0,28,1.0,46,0.0,0.5,OUT,18.0,1.0,14.0,0.0,OUT
0,6008923337,24,233375,Absent,28,1,1,1,1,1,1,1,1,1,0,0,0,0,0,0,1,1,0,0,0,0,0,0,1,1,0,0,0,0,0,0,1,1,0,0,0,0,0,0,1,1,0,0,0,0,0,0,1,1,0,0,0,0,0,0,1,1,1,1,1,1,1,1,1,18.0,14,Unicorn_Absent,-1,-1.0,8,Unicorn_Absent,337,18.0,28,1.0,46,0.0,0.5,OUT,18.0,1.0,14.0,0.0,OUT
0,6008923337,25,233375,Absent,28,1,1,1,1,1,1,1,1,1,0,0,0,0,0,0,1,1,0,0,0,0,0,0,1,1,0,0,0,0,0,0,1,1,0,0,0,0,0,0,1,1,0,0,0,0,0,0,1,1,0,0,0,0,0,0,1,1,1,1,1,1,1,1,1,18.0,14,Unicorn_Absent,-1,-1.0,8,Unicorn_Absent,355,18.0,28,1.0,46,0.0,0.5,OUT,18.0,1.0,14.0,0.0,OUT
0,6008923337,26,233375,Absent,28,1,1,1,1,1,1,1,1,1,0,0,0,0,0,0,1,1,0,0,0,0,0,0,1,1,0,0,0,0,0,0,1,1,0,0,0,0,0,0,1,1,0,0,0,0,0,0,1,1,0,0,0,0,0,0,1,1,1,1,1,1,1,1,1,18.0,14,Unicorn_Absent,-1,-1.0,8,Unicorn_Absent,373,18.0,28,1.0,46,0.0,0.5,OUT,18.0,1.0,14.0,0.0,OUT
0,6008923337,35,233375,Absent,0,0,0,0,0,0,0,0,0,0,0,0,0,0,0,0,0,0,0,0,0,0,0,0,0,0,0,0,0,0,0,0,0,0,0,0,0,0,0,0,0,0,0,0,0,0,0,0,0,0,0,0,0,0,0,0,0,0,0,0,0,0,0,0,0,32.0,0,Unicorn_Absent,-1,-1.0,2,Unicorn_Absent,524,32.0,0,1.0,64,0.4375,1.0,NOTHING,32.0,1.0,0.0,0.36,NOTHING
0,6008923337,52,233375,Absent,0,0,0,0,0,0,0,0,0,0,0,0,0,0,0,0,0,0,0,0,0,0,0,0,0,0,0,0,0,0,0,0,0,0,0,0,0,0,0,0,0,0,0,0,0,0,0,0,0,0,0,0,0,0,0,0,0,0,0,0,0,0,0,0,0,32.0,0,Unicorn_Absent,-1,-1.0,2,Unicorn_Absent,895,32.0,0,1.0,32,0.0,0.5,NOTHING,32.0,1.0,0.0,0.3333333333333333,NOTHING
0,6008923337,56,233375,Absent,0,0,0,0,0,0,0,0,0,0,0,0,0,0,0,0,0,0,0,0,0,0,0,0,0,0,0,0,0,0,0,0,0,0,0,0,0,0,0,0,0,0,0,0,0,0,0,0,0,0,0,0,0,0,0,0,0,0,0,0,0,0,0,0,0,32.0,0,Unicorn_Absent,-1,-1.0,2,Unicorn_Absent,927,32.0,0,1.0,32,0.6666666666666667,0.5,NOTHING,32.0,1.0,0.0,0.0,NOTHING
0,6008923337,57,233375,Absent,0,0,0,0,0,0,0,0,0,0,0,0,0,0,0,0,0,0,0,0,0,0,0,0,0,0,0,0,0,0,0,0,0,0,0,0,0,0,0,0,0,0,0,0,0,0,0,0,0,0,0,0,0,0,0,0,0,0,0,0,0,0,0,0,0,32.0,0,Unicorn_Absent,-1,-1.0,2,Unicorn_Absent,959,32.0,0,1.0,32,0.0,0.5,NOTHING,32.0,1.0,0.0,0.6666666666666667,NOTHING
0,6008923337,1,600892,Absent,17,0,0,1,0,0,0,0,0,0,1,0,0,1,1,0,0,0,0,1,0,1,0,0,0,1,0,0,0,0,0,0,0,1,0,0,0,1,0,0,0,0,1,1,0,0,0,1,0,0,1,1,0,0,0,0,1,1,0,0,0,1,0,0,0,24.0,8,Unicorn_Absent,-1,-1.0,0,Unicorn_Absent,24,16.0,17,,40,,0.5,RS,,0.2564102564102564,,,BOTTOM
0,6008923337,5,600892,Absent,32,0,0,0,0,0,0,0,0,0,0,0,0,0,0,0,0,0,0,0,0,0,0,0,0,0,0,0,0,0,0,0,0,1,1,1,1,1,1,1,1,1,1,1,1,1,1,1,1,1,1,1,1,1,1,1,1,1,1,1,1,1,1,1,1,32.0,0,Unicorn_Absent,-1,-1.0,3,Unicorn_Absent,136,0.0,32,1.0,64,0.45833333333333337,1.0,BOTTOM,16.0,0.5,16.0,0.12094823415578138,ALL
0,6008923337,23,600892,Absent,32,1,1,1,1,0,0,0,0,1,1,1,1,0,0,0,0,1,1,1,1,0,0,0,0,1,1,1,1,0,0,0,0,1,1,1,1,0,0,0,0,1,1,1,1,0,0,0,0,1,1,1,1,0,0,0,0,1,1,1,1,0,0,0,0,18.0,14,Unicorn_Absent,-1,-1.0,5,Unicorn_Absent,319,18.0,32,1.0,46,0.0,0.5,LEFT,18.0,1.0,14.0,0.0,LEFT
0,6008923337,24,600892,Absent,32,1,1,1,1,0,0,0,0,1,1,1,1,0,0,0,0,1,1,1,1,0,0,0,0,1,1,1,1,0,0,0,0,1,1,1,1,0,0,0,0,1,1,1,1,0,0,0,0,1,1,1,1,0,0,0,0,1,1,1,1,0,0,0,0,18.0,14,Unicorn_Absent,-1,-1.0,5,Unicorn_Absent,337,18.0,32,1.0,46,0.0,0.5,LEFT,18.0,1.0,14.0,0.0,LEFT
0,6008923337,25,600892,Absent,32,1,1,1,1,0,0,0,0,1,1,1,1,0,0,0,0,1,1,1,1,0,0,0,0,1,1,1,1,0,0,0,0,1,1,1,1,0,0,0,0,1,1,1,1,0,0,0,0,1,1,1,1,0,0,0,0,1,1,1,1,0,0,0,0,18.0,14,Unicorn_Absent,-1,-1.0,5,Unicorn_Absent,355,18.0,32,1.0,46,0.0,0.5,LEFT,18.0,1.0,14.0,0.0,LEFT
0,6008923337,26,600892,Absent,32,1,1,1,1,0,0,0,0,1,1,1,1,0,0,0,0,1,1,1,1,0,0,0,0,1,1,1,1,0,0,0,0,1,1,1,1,0,0,0,0,1,1,1,1,0,0,0,0,1,1,1,1,0,0,0,0,1,1,1,1,0,0,0,0,18.0,14,Unicorn_Absent,-1,-1.0,5,Unicorn_Absent,373,18.0,32,1.0,46,0.0,0.5,LEFT,18.0,1.0,14.0,0.0,LEFT
0,6008923337,35,600892,Absent,64,1,1,1,1,1,1,1,1,1,1,1,1,1,1,1,1,1,1,1,1,1,1,1,1,1,1,1,1,1,1,1,1,1,1,1,1,1,1,1,1,1,1,1,1,1,1,1,1,1,1,1,1,1,1,1,1,1,1,1,1,1,1,1,1,32.0,0,Unicorn_Absent,-1,-1.0,1,Unicorn_Absent,524,32.0,64,0.5625,64,0.4375,1.0,ALL,32.0,1.0,0.0,0.36,ALL
0,6008923337,52,600892,Absent,32,1,1,1,1,1,1,1,1,1,1,1,1,1,1,1,1,1,1,1,1,1,1,1,1,1,1,1,1,1,1,1,1,0,0,0,0,0,0,0,0,0,0,0,0,0,0,0,0,0,0,0,0,0,0,0,0,0,0,0,0,0,0,0,0,32.0,0,Unicorn_Absent,-1,-1.0,4,Unicorn_Absent,895,32.0,32,1.0,32,0.0,0.5,TOP,32.0,1.0,0.0,0.3333333333333333,TOP
0,6008923337,56,600892,Absent,32,1,1,1,1,0,0,0,0,1,1,1,1,0,0,0,0,1,1,1,1,0,0,0,0,1,1,1,1,0,0,0,0,1,1,1,1,0,0,0,0,1,1,1,1,0,0,0,0,1,1,1,1,0,0,0,0,1,1,1,1,0,0,0,0,32.0,0,Unicorn_Absent,-1,-1.0,5,Unicorn_Absent,927,32.0,32,0.3333333333333333,32,0.6666666666666667,0.5,LEFT,32.0,1.0,0.0,0.0,LEFT
0,6008923337,57,600892,Absent,32,1,1,1,1,0,0,0,0,1,1,1,1,0,0,0,0,1,1,1,1,0,0,0,0,1,1,1,1,0,0,0,0,1,1,1,1,0,0,0,0,1,1,1,1,0,0,0,0,1,1,1,1,0,0,0,0,1,1,1,1,0,0,0,0,32.0,0,Unicorn_Absent,-1,-1.0,5,Unicorn_Absent,959,32.0,32,1.0,32,0.0,0.5,LEFT,32.0,1.0,0.0,0.6666666666666667,LEFT
0,6013656307,6,563070,Absent,64,1,1,1,1,1,1,1,1,1,1,1,1,1,1,1,1,1,1,1,1,1,1,1,1,1,1,1,1,1,1,1,1,1,1,1,1,1,1,1,1,1,1,1,1,1,1,1,1,1,1,1,1,1,1,1,1,1,1,1,1,1,1,1,1,4.0,28,Unicorn_Absent,-1,-1.0,1,Unicorn_Absent,-44,16.0,64,0.5,64,0.19565217391304346,0.5625,ALL,0.0,0.5,32.0,,TOP
0,6013656307,7,563070,Absent,32,1,1,1,1,1,1,1,1,1,1,1,1,1,1,1,1,1,1,1,1,1,1,1,1,1,1,1,1,1,1,1,1,0,0,0,0,0,0,0,0,0,0,0,0,0,0,0,0,0,0,0,0,0,0,0,0,0,0,0,0,0,0,0,0,16.0,16,Unicorn_Absent,-1,-1.0,4,Unicorn_Absent,-28,16.0,32,0.5,48,0.19565217391304346,0.5,TOP,4.0,1.0,28.0,0.19565217391304346,TOP
0,6013656307,12,563070,Absent,0,0,0,0,0,0,0,0,0,0,0,0,0,0,0,0,0,0,0,0,0,0,0,0,0,0,0,0,0,0,0,0,0,0,0,0,0,0,0,0,0,0,0,0,0,0,0,0,0,0,0,0,0,0,0,0,0,0,0,0,0,0,0,0,0,32.0,0,Unicorn_Absent,-1,-1.0,2,Unicorn_Absent,116,32.0,0,0.0,32,1.0,0.5,NOTHING,16.0,1.0,16.0,0.0,NOTHING
0,6013656307,13,563070,Absent,0,0,0,0,0,0,0,0,0,0,0,0,0,0,0,0,0,0,0,0,0,0,0,0,0,0,0,0,0,0,0,0,0,0,0,0,0,0,0,0,0,0,0,0,0,0,0,0,0,0,0,0,0,0,0,0,0,0,0,0,0,0,0,0,0,32.0,0,Unicorn_Absent,-1,-1.0,2,Unicorn_Absent,148,32.0,0,1.0,32,0.0,0.5,NOTHING,32.0,1.0,0.0,1.0,NOTHING
0,6013656307,14,563070,Absent,0,0,0,0,0,0,0,0,0,0,0,0,0,0,0,0,0,0,0,0,0,0,0,0,0,0,0,0,0,0,0,0,0,0,0,0,0,0,0,0,0,0,0,0,0,0,0,0,0,0,0,0,0,0,0,0,0,0,0,0,0,0,0,0,0,32.0,0,Unicorn_Absent,-1,-1.0,2,Unicorn_Absent,180,32.0,0,1.0,32,0.0,0.5,NOTHING,32.0,1.0,0.0,0.0,NOTHING
0,6013656307,15,563070,Absent,0,0,0,0,0,0,0,0,0,0,0,0,0,0,0,0,0,0,0,0,0,0,0,0,0,0,0,0,0,0,0,0,0,0,0,0,0,0,0,0,0,0,0,0,0,0,0,0,0,0,0,0,0,0,0,0,0,0,0,0,0,0,0,0,0,32.0,0,Unicorn_Absent,-1,-1.0,2,Unicorn_Absent,212,32.0,0,1.0,32,0.0,0.5,NOTHING,32.0,1.0,0.0,0.0,NOTHING
0,6013656307,16,563070,Absent,0,0,0,0,0,0,0,0,0,0,0,0,0,0,0,0,0,0,0,0,0,0,0,0,0,0,0,0,0,0,0,0,0,0,0,0,0,0,0,0,0,0,0,0,0,0,0,0,0,0,0,0,0,0,0,0,0,0,0,0,0,0,0,0,0,32.0,0,Unicorn_Absent,-1,-1.0,2,Unicorn_Absent,244,32.0,0,1.0,32,0.0,0.5,NOTHING,32.0,1.0,0.0,0.0,NOTHING
0,6013656307,17,563070,Absent,0,0,0,0,0,0,0,0,0,0,0,0,0,0,0,0,0,0,0,0,0,0,0,0,0,0,0,0,0,0,0,0,0,0,0,0,0,0,0,0,0,0,0,0,0,0,0,0,0,0,0,0,0,0,0,0,0,0,0,0,0,0,0,0,0,32.0,0,Unicorn_Absent,-1,-1.0,2,Unicorn_Absent,276,32.0,0,1.0,32,0.0,0.5,NOTHING,32.0,1.0,0.0,0.0,NOTHING
0,6013656307,20,563070,Absent,0,0,0,0,0,0,0,0,0,0,0,0,0,0,0,0,0,0,0,0,0,0,0,0,0,0,0,0,0,0,0,0,0,0,0,0,0,0,0,0,0,0,0,0,0,0,0,0,0,0,0,0,0,0,0,0,0,0,0,0,0,0,0,0,0,32.0,0,Unicorn_Absent,-1,-1.0,2,Unicorn_Absent,372,32.0,0,1.0,32,0.0,0.5,NOTHING,32.0,1.0,0.0,0.0,NOTHING
0,6013656307,40,563070,Absent,0,0,0,0,0,0,0,0,0,0,0,0,0,0,0,0,0,0,0,0,0,0,0,0,0,0,0,0,0,0,0,0,0,0,0,0,0,0,0,0,0,0,0,0,0,0,0,0,0,0,0,0,0,0,0,0,0,0,0,0,0,0,0,0,0,32.0,0,Unicorn_Absent,-1,-1.0,2,Unicorn_Absent,664,32.0,0,1.0,64,0.0,1.0,NOTHING,32.0,1.0,0.0,0.0,NOTHING
0,6013656307,43,563070,Absent,0,0,0,0,0,0,0,0,0,0,0,0,0,0,0,0,0,0,0,0,0,0,0,0,0,0,0,0,0,0,0,0,0,0,0,0,0,0,0,0,0,0,0,0,0,0,0,0,0,0,0,0,0,0,0,0,0,0,0,0,0,0,0,0,0,32.0,0,Unicorn_Absent,-1,-1.0,2,Unicorn_Absent,760,32.0,0,1.0,64,0.0,1.0,NOTHING,32.0,1.0,0.0,0.0,NOTHING
0,6013656307,44,563070,Absent,0,0,0,0,0,0,0,0,0,0,0,0,0,0,0,0,0,0,0,0,0,0,0,0,0,0,0,0,0,0,0,0,0,0,0,0,0,0,0,0,0,0,0,0,0,0,0,0,0,0,0,0,0,0,0,0,0,0,0,0,0,0,0,0,0,32.0,0,Unicorn_Absent,-1,-1.0,2,Unicorn_Absent,792,32.0,0,1.0,64,0.0,1.0,NOTHING,32.0,1.0,0.0,0.0,NOTHING
0,6013656307,48,563070,Absent,0,0,0,0,0,0,0,0,0,0,0,0,0,0,0,0,0,0,0,0,0,0,0,0,0,0,0,0,0,0,0,0,0,0,0,0,0,0,0,0,0,0,0,0,0,0,0,0,0,0,0,0,0,0,0,0,0,0,0,0,0,0,0,0,0,32.0,0,Unicorn_Absent,-1,-1.0,2,Unicorn_Absent,920,32.0,0,1.0,64,0.0,1.0,NOTHING,32.0,1.0,0.0,0.0,NOTHING
0,6013656307,56,563070,Absent,0,0,0,0,0,0,0,0,0,0,0,0,0,0,0,0,0,0,0,0,0,0,0,0,0,0,0,0,0,0,0,0,0,0,0,0,0,0,0,0,0,0,0,0,0,0,0,0,0,0,0,0,0,0,0,0,0,0,0,0,0,0,0,0,0,32.0,0,Unicorn_Absent,-1,-1.0,2,Unicorn_Absent,1176,32.0,0,1.0,64,0.0,1.0,NOTHING,32.0,1.0,0.0,0.0,NOTHING
0,6013656307,6,601367,Absent,28,1,1,1,1,1,1,1,1,1,0,0,0,0,0,0,1,1,0,0,0,0,0,0,1,1,0,0,0,0,0,0,1,1,0,0,0,0,0,0,1,1,0,0,0,0,0,0,1,1,0,0,0,0,0,0,1,1,1,1,1,1,1,1,1,4.0,28,Unicorn_Absent,-1,-1.0,8,Unicorn_Absent,-44,16.0,28,0.30434782608695654,64,0.19565217391304346,0.5625,OUT,0.0,0.30434782608695654,32.0,,LEFT
0,6013656307,7,601367,Absent,32,1,1,1,1,0,0,0,0,1,1,1,1,0,0,0,0,1,1,1,1,0,0,0,0,1,1,1,1,0,0,0,0,1,1,1,1,0,0,0,0,1,1,1,1,0,0,0,0,1,1,1,1,0,0,0,0,1,1,1,1,0,0,0,0,16.0,16,Unicorn_Absent,-1,-1.0,5,Unicorn_Absent,-28,16.0,32,0.30434782608695654,48,0.19565217391304346,0.5,LEFT,4.0,1.0,28.0,0.19565217391304346,LEFT
0,6013656307,12,601367,Absent,32,1,1,1,1,0,0,0,0,1,1,1,1,0,0,0,0,1,1,1,1,0,0,0,0,1,1,1,1,0,0,0,0,1,1,1,1,0,0,0,0,1,1,1,1,0,0,0,0,1,1,1,1,0,0,0,0,1,1,1,1,0,0,0,0,32.0,0,Unicorn_Absent,-1,-1.0,5,Unicorn_Absent,116,32.0,32,1.0,32,1.0,0.5,LEFT,16.0,1.0,16.0,0.0,LEFT
0,6013656307,13,601367,Absent,32,1,1,1,1,0,0,0,0,1,1,1,1,0,0,0,0,1,1,1,1,0,0,0,0,1,1,1,1,0,0,0,0,1,1,1,1,0,0,0,0,1,1,1,1,0,0,0,0,1,1,1,1,0,0,0,0,1,1,1,1,0,0,0,0,32.0,0,Unicorn_Absent,-1,-1.0,5,Unicorn_Absent,148,32.0,32,1.0,32,0.0,0.5,LEFT,32.0,1.0,0.0,1.0,LEFT
0,6013656307,14,601367,Absent,32,1,1,1,1,0,0,0,0,1,1,1,1,0,0,0,0,1,1,1,1,0,0,0,0,1,1,1,1,0,0,0,0,1,1,1,1,0,0,0,0,1,1,1,1,0,0,0,0,1,1,1,1,0,0,0,0,1,1,1,1,0,0,0,0,32.0,0,Unicorn_Absent,-1,-1.0,5,Unicorn_Absent,180,32.0,32,1.0,32,0.0,0.5,LEFT,32.0,1.0,0.0,0.0,LEFT
0,6013656307,15,601367,Absent,32,1,1,1,1,0,0,0,0,1,1,1,1,0,0,0,0,1,1,1,1,0,0,0,0,1,1,1,1,0,0,0,0,1,1,1,1,0,0,0,0,1,1,1,1,0,0,0,0,1,1,1,1,0,0,0,0,1,1,1,1,0,0,0,0,32.0,0,Unicorn_Absent,-1,-1.0,5,Unicorn_Absent,212,32.0,32,1.0,32,0.0,0.5,LEFT,32.0,1.0,0.0,0.0,LEFT
0,6013656307,16,601367,Absent,32,1,1,1,1,0,0,0,0,1,1,1,1,0,0,0,0,1,1,1,1,0,0,0,0,1,1,1,1,0,0,0,0,1,1,1,1,0,0,0,0,1,1,1,1,0,0,0,0,1,1,1,1,0,0,0,0,1,1,1,1,0,0,0,0,32.0,0,Unicorn_Absent,-1,-1.0,5,Unicorn_Absent,244,32.0,32,1.0,32,0.0,0.5,LEFT,32.0,1.0,0.0,0.0,LEFT
0,6013656307,17,601367,Absent,32,1,1,1,1,0,0,0,0,1,1,1,1,0,0,0,0,1,1,1,1,0,0,0,0,1,1,1,1,0,0,0,0,1,1,1,1,0,0,0,0,1,1,1,1,0,0,0,0,1,1,1,1,0,0,0,0,1,1,1,1,0,0,0,0,32.0,0,Unicorn_Absent,-1,-1.0,5,Unicorn_Absent,276,32.0,32,1.0,32,0.0,0.5,LEFT,32.0,1.0,0.0,0.0,LEFT
0,6013656307,20,601367,Absent,32,1,1,1,1,0,0,0,0,1,1,1,1,0,0,0,0,1,1,1,1,0,0,0,0,1,1,1,1,0,0,0,0,1,1,1,1,0,0,0,0,1,1,1,1,0,0,0,0,1,1,1,1,0,0,0,0,1,1,1,1,0,0,0,0,32.0,0,Unicorn_Absent,-1,-1.0,5,Unicorn_Absent,372,32.0,32,1.0,32,0.0,0.5,LEFT,32.0,1.0,0.0,0.0,LEFT
0,6013656307,40,601367,Absent,64,1,1,1,1,1,1,1,1,1,1,1,1,1,1,1,1,1,1,1,1,1,1,1,1,1,1,1,1,1,1,1,1,1,1,1,1,1,1,1,1,1,1,1,1,1,1,1,1,1,1,1,1,1,1,1,1,1,1,1,1,1,1,1,1,32.0,0,Unicorn_Absent,-1,-1.0,1,Unicorn_Absent,664,32.0,64,1.0,64,0.0,1.0,ALL,32.0,1.0,0.0,0.0,ALL
0,6013656307,43,601367,Absent,64,1,1,1,1,1,1,1,1,1,1,1,1,1,1,1,1,1,1,1,1,1,1,1,1,1,1,1,1,1,1,1,1,1,1,1,1,1,1,1,1,1,1,1,1,1,1,1,1,1,1,1,1,1,1,1,1,1,1,1,1,1,1,1,1,32.0,0,Unicorn_Absent,-1,-1.0,1,Unicorn_Absent,760,32.0,64,1.0,64,0.0,1.0,ALL,32.0,1.0,0.0,0.0,ALL
0,6013656307,44,601367,Absent,64,1,1,1,1,1,1,1,1,1,1,1,1,1,1,1,1,1,1,1,1,1,1,1,1,1,1,1,1,1,1,1,1,1,1,1,1,1,1,1,1,1,1,1,1,1,1,1,1,1,1,1,1,1,1,1,1,1,1,1,1,1,1,1,1,32.0,0,Unicorn_Absent,-1,-1.0,1,Unicorn_Absent,792,32.0,64,1.0,64,0.0,1.0,ALL,32.0,1.0,0.0,0.0,ALL
0,6013656307,48,601367,Absent,64,1,1,1,1,1,1,1,1,1,1,1,1,1,1,1,1,1,1,1,1,1,1,1,1,1,1,1,1,1,1,1,1,1,1,1,1,1,1,1,1,1,1,1,1,1,1,1,1,1,1,1,1,1,1,1,1,1,1,1,1,1,1,1,1,32.0,0,Unicorn_Absent,-1,-1.0,1,Unicorn_Absent,920,32.0,64,1.0,64,0.0,1.0,ALL,32.0,1.0,0.0,0.0,ALL
0,6013656307,56,601367,Absent,64,1,1,1,1,1,1,1,1,1,1,1,1,1,1,1,1,1,1,1,1,1,1,1,1,1,1,1,1,1,1,1,1,1,1,1,1,1,1,1,1,1,1,1,1,1,1,1,1,1,1,1,1,1,1,1,1,1,1,1,1,1,1,1,1,32.0,0,Unicorn_Absent,-1,-1.0,1,Unicorn_Absent,1176,32.0,64,1.0,64,0.0,1.0,ALL,32.0,0.5,0.0,0.0,TOP
0,6174841139,1,411395,Absent,20,0,1,0,1,0,1,0,0,1,0,0,0,0,0,0,0,0,0,1,0,0,0,0,0,1,0,0,1,0,1,0,1,0,1,0,0,1,0,0,1,0,0,1,0,0,0,0,0,1,1,1,0,1,1,1,0,0,0,0,0,1,0,0,0,20.0,12,Unicorn_Absent,-1,-1.0,0,Unicorn_Absent,20,0.0,20,,39,,0.421875,RS,,0.3125,,,ALL
0,6174841139,6,411395,Absent,36,0,0,0,0,0,0,0,0,0,1,1,1,1,1,1,0,0,1,1,1,1,1,1,0,0,1,1,1,1,1,1,0,0,1,1,1,1,1,1,0,0,1,1,1,1,1,1,0,0,1,1,1,1,1,1,0,0,0,0,0,0,0,0,0,32.0,0,Unicorn_Absent,-1,-1.0,7,Unicorn_Absent,148,32.0,36,0.5625,64,0.25815217391304346,1.0,IN,0.0,1.0,32.0,0.0267857142857143,IN
0,6174841139,9,411395,Absent,36,0,0,0,0,0,0,0,0,0,1,1,1,1,1,1,0,0,1,1,1,1,1,1,0,0,1,1,1,1,1,1,0,0,1,1,1,1,1,1,0,0,1,1,1,1,1,1,0,0,1,1,1,1,1,1,0,0,0,0,0,0,0,0,0,32.0,0,Unicorn_Absent,-1,-1.0,7,Unicorn_Absent,244,32.0,36,1.0,64,0.0,1.0,IN,32.0,1.0,0.0,0.0,IN
0,6174841139,10,411395,Absent,36,0,0,0,0,0,0,0,0,0,1,1,1,1,1,1,0,0,1,1,1,1,1,1,0,0,1,1,1,1,1,1,0,0,1,1,1,1,1,1,0,0,1,1,1,1,1,1,0,0,1,1,1,1,1,1,0,0,0,0,0,0,0,0,0,32.0,0,Unicorn_Absent,-1,-1.0,7,Unicorn_Absent,276,32.0,36,1.0,64,0.0,1.0,IN,32.0,1.0,0.0,0.0,IN
0,6174841139,13,411395,Absent,36,0,0,0,0,0,0,0,0,0,1,1,1,1,1,1,0,0,1,1,1,1,1,1,0,0,1,1,1,1,1,1,0,0,1,1,1,1,1,1,0,0,1,1,1,1,1,1,0,0,1,1,1,1,1,1,0,0,0,0,0,0,0,0,0,32.0,0,Unicorn_Absent,-1,-1.0,7,Unicorn_Absent,372,32.0,36,1.0,64,0.0,1.0,IN,32.0,1.0,0.0,0.0,IN
0,6174841139,14,411395,Absent,36,0,0,0,0,0,0,0,0,0,1,1,1,1,1,1,0,0,1,1,1,1,1,1,0,0,1,1,1,1,1,1,0,0,1,1,1,1,1,1,0,0,1,1,1,1,1,1,0,0,1,1,1,1,1,1,0,0,0,0,0,0,0,0,0,32.0,0,Unicorn_Absent,-1,-1.0,7,Unicorn_Absent,404,32.0,36,1.0,64,0.0,1.0,IN,32.0,1.0,0.0,0.0,IN
0,6174841139,15,411395,Absent,36,0,0,0,0,0,0,0,0,0,1,1,1,1,1,1,0,0,1,1,1,1,1,1,0,0,1,1,1,1,1,1,0,0,1,1,1,1,1,1,0,0,1,1,1,1,1,1,0,0,1,1,1,1,1,1,0,0,0,0,0,0,0,0,0,32.0,0,Unicorn_Absent,-1,-1.0,7,Unicorn_Absent,436,32.0,36,1.0,64,0.0,1.0,IN,32.0,1.0,0.0,0.0,IN
0,6174841139,19,411395,Absent,36,0,0,0,0,0,0,0,0,0,1,1,1,1,1,1,0,0,1,1,1,1,1,1,0,0,1,1,1,1,1,1,0,0,1,1,1,1,1,1,0,0,1,1,1,1,1,1,0,0,1,1,1,1,1,1,0,0,0,0,0,0,0,0,0,32.0,0,Unicorn_Absent,-1,-1.0,7,Unicorn_Absent,564,-4.0,36,1.0,64,0.0,1.0,IN,32.0,1.0,0.0,0.0,IN
0,6174841139,20,411395,Absent,36,0,0,0,0,0,0,0,0,0,1,1,1,1,1,1,0,0,1,1,1,1,1,1,0,0,1,1,1,1,1,1,0,0,1,1,1,1,1,1,0,0,1,1,1,1,1,1,0,0,1,1,1,1,1,1,0,0,0,0,0,0,0,0,0,-4.0,36,Unicorn_Absent,-1,-1.0,7,Unicorn_Absent,560,18.0,36,1.0,36,1.0,0.0,IN,32.0,0.36,0.0,0.0,BOTTOM
0,6174841139,23,411395,Absent,32,0,0,0,0,1,1,1,1,0,0,0,0,1,1,1,1,0,0,0,0,1,1,1,1,0,0,0,0,1,1,1,1,0,0,0,0,1,1,1,1,0,0,0,0,1,1,1,1,0,0,0,0,1,1,1,1,0,0,0,0,1,1,1,1,11.0,21,Unicorn_Absent,-1,-1.0,6,Unicorn_Absent,511,16.0,32,0.3333333333333333,51,0.0,0.46875,RIGHT,18.0,1.0,14.0,0.36,RIGHT
0,6174841139,24,411395,Absent,32,0,0,0,0,1,1,1,1,0,0,0,0,1,1,1,1,0,0,0,0,1,1,1,1,0,0,0,0,1,1,1,1,0,0,0,0,1,1,1,1,0,0,0,0,1,1,1,1,0,0,0,0,1,1,1,1,0,0,0,0,1,1,1,1,16.0,16,Unicorn_Absent,-1,-1.0,6,Unicorn_Absent,527,16.0,32,1.0,48,0.6153846153846154,0.5,RIGHT,11.0,1.0,21.0,0.0,RIGHT
0,6174841139,27,411395,Absent,32,0,0,0,0,1,1,1,1,0,0,0,0,1,1,1,1,0,0,0,0,1,1,1,1,0,0,0,0,1,1,1,1,0,0,0,0,1,1,1,1,0,0,0,0,1,1,1,1,0,0,0,0,1,1,1,1,0,0,0,0,1,1,1,1,16.0,16,Unicorn_Absent,-1,-1.0,6,Unicorn_Absent,591,16.0,32,1.0,48,0.0,0.5,RIGHT,16.0,1.0,16.0,0.0,RIGHT
0,6174841139,38,411395,Absent,36,0,0,0,0,0,0,0,0,0,1,1,1,1,1,1,0,0,1,1,1,1,1,1,0,0,1,1,1,1,1,1,0,0,1,1,1,1,1,1,0,0,1,1,1,1,1,1,0,0,1,1,1,1,1,1,0,0,0,0,0,0,0,0,0,14.0,18,Unicorn_Absent,-1,-1.0,7,Unicorn_Absent,580,14.0,36,0.36,50,0.026666666666666672,0.5,IN,16.0,1.0,16.0,0.0,IN
0,6174841139,39,411395,Absent,36,0,0,0,0,0,0,0,0,0,1,1,1,1,1,1,0,0,1,1,1,1,1,1,0,0,1,1,1,1,1,1,0,0,1,1,1,1,1,1,0,0,1,1,1,1,1,1,0,0,1,1,1,1,1,1,0,0,0,0,0,0,0,0,0,14.0,18,Unicorn_Absent,-1,-1.0,7,Unicorn_Absent,594,14.0,36,1.0,50,1.0,0.5,IN,14.0,1.0,18.0,0.026666666666666672,IN
0,6174841139,47,411395,Absent,36,0,0,0,0,0,0,0,0,0,1,1,1,1,1,1,0,0,1,1,1,1,1,1,0,0,1,1,1,1,1,1,0,0,1,1,1,1,1,1,0,0,1,1,1,1,1,1,0,0,1,1,1,1,1,1,0,0,0,0,0,0,0,0,0,32.0,0,Unicorn_Absent,-1,-1.0,7,Unicorn_Absent,574,32.0,36,0.36,64,0.64,1.0,IN,18.0,1.0,14.0,0.055652173913043446,IN
0,6174841139,48,411395,Absent,36,0,0,0,0,0,0,0,0,0,1,1,1,1,1,1,0,0,1,1,1,1,1,1,0,0,1,1,1,1,1,1,0,0,1,1,1,1,1,1,0,0,1,1,1,1,1,1,0,0,1,1,1,1,1,1,0,0,0,0,0,0,0,0,0,32.0,0,Unicorn_Absent,-1,-1.0,7,Unicorn_Absent,606,32.0,36,1.0,64,0.0,1.0,IN,32.0,1.0,0.0,0.64,IN
0,6174841139,49,411395,Absent,36,0,0,0,0,0,0,0,0,0,1,1,1,1,1,1,0,0,1,1,1,1,1,1,0,0,1,1,1,1,1,1,0,0,1,1,1,1,1,1,0,0,1,1,1,1,1,1,0,0,1,1,1,1,1,1,0,0,0,0,0,0,0,0,0,32.0,0,Unicorn_Absent,-1,-1.0,7,Unicorn_Absent,638,32.0,36,1.0,64,0.0,1.0,IN,32.0,1.0,0.0,0.0,IN
0,6174841139,50,411395,Absent,36,0,0,0,0,0,0,0,0,0,1,1,1,1,1,1,0,0,1,1,1,1,1,1,0,0,1,1,1,1,1,1,0,0,1,1,1,1,1,1,0,0,1,1,1,1,1,1,0,0,1,1,1,1,1,1,0,0,0,0,0,0,0,0,0,32.0,0,Unicorn_Absent,-1,-1.0,7,Unicorn_Absent,670,32.0,36,1.0,64,0.0,1.0,IN,32.0,1.0,0.0,0.0,IN
0,6174841139,53,411395,Absent,36,0,0,0,0,0,0,0,0,0,1,1,1,1,1,1,0,0,1,1,1,1,1,1,0,0,1,1,1,1,1,1,0,0,1,1,1,1,1,1,0,0,1,1,1,1,1,1,0,0,1,1,1,1,1,1,0,0,0,0,0,0,0,0,0,32.0,0,Unicorn_Absent,-1,-1.0,7,Unicorn_Absent,766,32.0,36,1.0,64,0.0,1.0,IN,32.0,1.0,0.0,0.0,IN
0,6174841139,54,411395,Absent,36,0,0,0,0,0,0,0,0,0,1,1,1,1,1,1,0,0,1,1,1,1,1,1,0,0,1,1,1,1,1,1,0,0,1,1,1,1,1,1,0,0,1,1,1,1,1,1,0,0,1,1,1,1,1,1,0,0,0,0,0,0,0,0,0,32.0,0,Unicorn_Absent,-1,-1.0,7,Unicorn_Absent,798,32.0,36,1.0,64,0.0,1.0,IN,32.0,1.0,0.0,0.0,IN
0,6174841139,55,411395,Absent,36,0,0,0,0,0,0,0,0,0,1,1,1,1,1,1,0,0,1,1,1,1,1,1,0,0,1,1,1,1,1,1,0,0,1,1,1,1,1,1,0,0,1,1,1,1,1,1,0,0,1,1,1,1,1,1,0,0,0,0,0,0,0,0,0,32.0,0,Unicorn_Absent,-1,-1.0,7,Unicorn_Absent,830,32.0,36,1.0,64,0.0,1.0,IN,32.0,1.0,0.0,0.0,IN
0,6174841139,56,411395,Absent,36,0,0,0,0,0,0,0,0,0,1,1,1,1,1,1,0,0,1,1,1,1,1,1,0,0,1,1,1,1,1,1,0,0,1,1,1,1,1,1,0,0,1,1,1,1,1,1,0,0,1,1,1,1,1,1,0,0,0,0,0,0,0,0,0,32.0,0,Unicorn_Absent,-1,-1.0,7,Unicorn_Absent,862,32.0,36,1.0,64,0.0,1.0,IN,32.0,1.0,0.0,0.0,IN
0,6174841139,1,617485,Absent,31,0,1,1,1,0,0,0,1,0,0,0,0,0,0,0,0,1,1,1,1,1,1,1,1,0,0,1,0,0,0,0,1,0,0,1,1,1,0,0,1,0,0,1,1,0,1,0,0,1,1,1,1,0,0,1,0,0,0,1,1,1,0,1,1,20.0,12,Unicorn_Absent,-1,-1.0,0,Unicorn_Absent,20,0.0,31,,39,,0.421875,RS,,0.2857142857142857,,,TOP
0,6174841139,6,617485,Absent,28,1,1,1,1,1,1,1,1,1,0,0,0,0,0,0,1,1,0,0,0,0,0,0,1,1,0,0,0,0,0,0,1,1,0,0,0,0,0,0,1,1,0,0,0,0,0,0,1,1,0,0,0,0,0,0,1,1,1,1,1,1,1,1,1,32.0,0,Unicorn_Absent,-1,-1.0,8,Unicorn_Absent,148,32.0,28,0.30434782608695654,64,0.25815217391304346,1.0,OUT,0.0,1.0,32.0,0.0267857142857143,OUT
0,6174841139,9,617485,Absent,28,1,1,1,1,1,1,1,1,1,0,0,0,0,0,0,1,1,0,0,0,0,0,0,1,1,0,0,0,0,0,0,1,1,0,0,0,0,0,0,1,1,0,0,0,0,0,0,1,1,0,0,0,0,0,0,1,1,1,1,1,1,1,1,1,32.0,0,Unicorn_Absent,-1,-1.0,8,Unicorn_Absent,244,32.0,28,1.0,64,0.0,1.0,OUT,32.0,1.0,0.0,0.0,OUT
0,6174841139,10,617485,Absent,28,1,1,1,1,1,1,1,1,1,0,0,0,0,0,0,1,1,0,0,0,0,0,0,1,1,0,0,0,0,0,0,1,1,0,0,0,0,0,0,1,1,0,0,0,0,0,0,1,1,0,0,0,0,0,0,1,1,1,1,1,1,1,1,1,32.0,0,Unicorn_Absent,-1,-1.0,8,Unicorn_Absent,276,32.0,28,1.0,64,0.0,1.0,OUT,32.0,1.0,0.0,0.0,OUT
0,6174841139,13,617485,Absent,28,1,1,1,1,1,1,1,1,1,0,0,0,0,0,0,1,1,0,0,0,0,0,0,1,1,0,0,0,0,0,0,1,1,0,0,0,0,0,0,1,1,0,0,0,0,0,0,1,1,0,0,0,0,0,0,1,1,1,1,1,1,1,1,1,32.0,0,Unicorn_Absent,-1,-1.0,8,Unicorn_Absent,372,32.0,28,1.0,64,0.0,1.0,OUT,32.0,1.0,0.0,0.0,OUT
0,6174841139,14,617485,Absent,28,1,1,1,1,1,1,1,1,1,0,0,0,0,0,0,1,1,0,0,0,0,0,0,1,1,0,0,0,0,0,0,1,1,0,0,0,0,0,0,1,1,0,0,0,0,0,0,1,1,0,0,0,0,0,0,1,1,1,1,1,1,1,1,1,32.0,0,Unicorn_Absent,-1,-1.0,8,Unicorn_Absent,404,32.0,28,1.0,64,0.0,1.0,OUT,32.0,1.0,0.0,0.0,OUT
0,6174841139,15,617485,Absent,28,1,1,1,1,1,1,1,1,1,0,0,0,0,0,0,1,1,0,0,0,0,0,0,1,1,0,0,0,0,0,0,1,1,0,0,0,0,0,0,1,1,0,0,0,0,0,0,1,1,0,0,0,0,0,0,1,1,1,1,1,1,1,1,1,32.0,0,Unicorn_Absent,-1,-1.0,8,Unicorn_Absent,436,32.0,28,1.0,64,0.0,1.0,OUT,32.0,1.0,0.0,0.0,OUT
0,6174841139,19,617485,Absent,28,1,1,1,1,1,1,1,1,1,0,0,0,0,0,0,1,1,0,0,0,0,0,0,1,1,0,0,0,0,0,0,1,1,0,0,0,0,0,0,1,1,0,0,0,0,0,0,1,1,0,0,0,0,0,0,1,1,1,1,1,1,1,1,1,32.0,0,Unicorn_Absent,-1,-1.0,8,Unicorn_Absent,564,-4.0,28,1.0,64,0.0,1.0,OUT,32.0,0.0,0.0,0.0,IN
0,6174841139,20,617485,Absent,36,0,0,0,0,0,0,0,0,0,1,1,1,1,1,1,0,0,1,1,1,1,1,1,0,0,1,1,1,1,1,1,0,0,1,1,1,1,1,1,0,0,1,1,1,1,1,1,0,0,1,1,1,1,1,1,0,0,0,0,0,0,0,0,0,-4.0,36,Unicorn_Absent,-1,-1.0,7,Unicorn_Absent,560,18.0,36,0.0,36,1.0,0.0,IN,32.0,0.0,0.0,0.0,OUT
0,6174841139,23,617485,Absent,40,1,0,0,1,0,0,0,1,1,1,1,1,1,1,0,1,1,1,0,0,0,1,1,1,1,1,0,0,1,0,1,1,1,1,0,0,1,0,1,1,0,1,0,1,0,1,0,0,1,1,1,1,1,1,1,1,0,0,0,1,1,1,0,1,11.0,21,Unicorn_Absent,-1,-1.0,0,Unicorn_Absent,511,16.0,40,0.3333333333333333,51,0.0,0.46875,RS,18.0,0.38461538461538464,14.0,0.36,BOTTOM
0,6174841139,24,617485,Absent,32,0,0,0,0,0,0,0,0,0,0,0,0,0,0,0,0,0,0,0,0,0,0,0,0,0,0,0,0,0,0,0,0,1,1,1,1,1,1,1,1,1,1,1,1,1,1,1,1,1,1,1,1,1,1,1,1,1,1,1,1,1,1,1,1,16.0,16,Unicorn_Absent,-1,-1.0,3,Unicorn_Absent,527,16.0,32,0.38461538461538464,48,0.6153846153846154,0.5,BOTTOM,11.0,1.0,21.0,0.0,BOTTOM
0,6174841139,27,617485,Absent,32,0,0,0,0,0,0,0,0,0,0,0,0,0,0,0,0,0,0,0,0,0,0,0,0,0,0,0,0,0,0,0,0,1,1,1,1,1,1,1,1,1,1,1,1,1,1,1,1,1,1,1,1,1,1,1,1,1,1,1,1,1,1,1,1,16.0,16,Unicorn_Absent,-1,-1.0,3,Unicorn_Absent,591,16.0,32,1.0,48,0.0,0.5,BOTTOM,16.0,1.0,16.0,0.0,BOTTOM
0,6174841139,38,617485,Absent,32,0,0,0,0,0,0,0,0,0,0,0,0,0,0,0,0,0,0,0,0,0,0,0,0,0,0,0,0,0,0,0,0,1,1,1,1,1,1,1,1,1,1,1,1,1,1,1,1,1,1,1,1,1,1,1,1,1,1,1,1,1,1,1,1,14.0,18,Unicorn_Absent,-1,-1.0,3,Unicorn_Absent,580,14.0,32,0.3333333333333333,50,0.026666666666666672,0.5,BOTTOM,16.0,0.0,16.0,0.0,TOP
0,6174841139,39,617485,Absent,32,1,1,1,1,1,1,1,1,1,1,1,1,1,1,1,1,1,1,1,1,1,1,1,1,1,1,1,1,1,1,1,1,0,0,0,0,0,0,0,0,0,0,0,0,0,0,0,0,0,0,0,0,0,0,0,0,0,0,0,0,0,0,0,0,14.0,18,Unicorn_Absent,-1,-1.0,4,Unicorn_Absent,594,14.0,32,0.0,50,1.0,0.5,TOP,14.0,1.0,18.0,0.026666666666666672,TOP
0,6174841139,47,617485,Absent,28,1,1,1,1,1,1,1,1,1,0,0,0,0,0,0,1,1,0,0,0,0,0,0,1,1,0,0,0,0,0,0,1,1,0,0,0,0,0,0,1,1,0,0,0,0,0,0,1,1,0,0,0,0,0,0,1,1,1,1,1,1,1,1,1,32.0,0,Unicorn_Absent,-1,-1.0,8,Unicorn_Absent,574,32.0,28,1.0,64,0.64,1.0,OUT,18.0,1.0,14.0,0.055652173913043446,OUT
0,6174841139,48,617485,Absent,28,1,1,1,1,1,1,1,1,1,0,0,0,0,0,0,1,1,0,0,0,0,0,0,1,1,0,0,0,0,0,0,1,1,0,0,0,0,0,0,1,1,0,0,0,0,0,0,1,1,0,0,0,0,0,0,1,1,1,1,1,1,1,1,1,32.0,0,Unicorn_Absent,-1,-1.0,8,Unicorn_Absent,606,32.0,28,1.0,64,0.0,1.0,OUT,32.0,1.0,0.0,0.64,OUT
0,6174841139,49,617485,Absent,28,1,1,1,1,1,1,1,1,1,0,0,0,0,0,0,1,1,0,0,0,0,0,0,1,1,0,0,0,0,0,0,1,1,0,0,0,0,0,0,1,1,0,0,0,0,0,0,1,1,0,0,0,0,0,0,1,1,1,1,1,1,1,1,1,32.0,0,Unicorn_Absent,-1,-1.0,8,Unicorn_Absent,638,32.0,28,1.0,64,0.0,1.0,OUT,32.0,1.0,0.0,0.0,OUT
0,6174841139,50,617485,Absent,28,1,1,1,1,1,1,1,1,1,0,0,0,0,0,0,1,1,0,0,0,0,0,0,1,1,0,0,0,0,0,0,1,1,0,0,0,0,0,0,1,1,0,0,0,0,0,0,1,1,0,0,0,0,0,0,1,1,1,1,1,1,1,1,1,32.0,0,Unicorn_Absent,-1,-1.0,8,Unicorn_Absent,670,32.0,28,1.0,64,0.0,1.0,OUT,32.0,1.0,0.0,0.0,OUT
0,6174841139,53,617485,Absent,28,1,1,1,1,1,1,1,1,1,0,0,0,0,0,0,1,1,0,0,0,0,0,0,1,1,0,0,0,0,0,0,1,1,0,0,0,0,0,0,1,1,0,0,0,0,0,0,1,1,0,0,0,0,0,0,1,1,1,1,1,1,1,1,1,32.0,0,Unicorn_Absent,-1,-1.0,8,Unicorn_Absent,766,32.0,28,1.0,64,0.0,1.0,OUT,32.0,1.0,0.0,0.0,OUT
0,6174841139,54,617485,Absent,28,1,1,1,1,1,1,1,1,1,0,0,0,0,0,0,1,1,0,0,0,0,0,0,1,1,0,0,0,0,0,0,1,1,0,0,0,0,0,0,1,1,0,0,0,0,0,0,1,1,0,0,0,0,0,0,1,1,1,1,1,1,1,1,1,32.0,0,Unicorn_Absent,-1,-1.0,8,Unicorn_Absent,798,32.0,28,1.0,64,0.0,1.0,OUT,32.0,1.0,0.0,0.0,OUT
0,6174841139,55,617485,Absent,28,1,1,1,1,1,1,1,1,1,0,0,0,0,0,0,1,1,0,0,0,0,0,0,1,1,0,0,0,0,0,0,1,1,0,0,0,0,0,0,1,1,0,0,0,0,0,0,1,1,0,0,0,0,0,0,1,1,1,1,1,1,1,1,1,32.0,0,Unicorn_Absent,-1,-1.0,8,Unicorn_Absent,830,32.0,28,1.0,64,0.0,1.0,OUT,32.0,1.0,0.0,0.0,OUT
0,6174841139,56,617485,Absent,28,1,1,1,1,1,1,1,1,1,0,0,0,0,0,0,1,1,0,0,0,0,0,0,1,1,0,0,0,0,0,0,1,1,0,0,0,0,0,0,1,1,0,0,0,0,0,0,1,1,0,0,0,0,0,0,1,1,1,1,1,1,1,1,1,32.0,0,Unicorn_Absent,-1,-1.0,8,Unicorn_Absent,862,32.0,28,1.0,64,0.0,1.0,OUT,32.0,1.0,0.0,0.0,OUT
0,6235082486,1,623508,Absent,39,1,0,0,1,1,1,1,0,1,0,0,0,1,1,0,1,1,0,1,0,1,1,1,1,1,0,0,1,0,1,0,1,1,1,1,1,1,0,1,1,1,0,0,0,0,0,0,1,1,1,1,1,0,1,1,0,0,1,1,1,1,1,0,0,-5.0,37,Unicorn_Absent,-1,-1.0,0,Unicorn_Absent,-5,14.0,39,,63,,0.40625,RS,,0.3157894736842105,,,IN
0,6235082486,2,623508,Absent,36,0,0,0,0,0,0,0,0,0,1,1,1,1,1,1,0,0,1,1,1,1,1,1,0,0,1,1,1,1,1,1,0,0,1,1,1,1,1,1,0,0,1,1,1,1,1,1,0,0,1,1,1,1,1,1,0,0,0,0,0,0,0,0,0,14.0,18,Unicorn_Absent,-1,-1.0,7,Unicorn_Absent,9,14.0,36,0.3157894736842105,50,0.1842105263157895,0.5,IN,-5.0,1.0,37.0,,IN
0,6235082486,10,623508,Absent,32,1,1,1,1,0,0,0,0,1,1,1,1,0,0,0,0,1,1,1,1,0,0,0,0,1,1,1,1,0,0,0,0,1,1,1,1,0,0,0,0,1,1,1,1,0,0,0,0,1,1,1,1,0,0,0,0,1,1,1,1,0,0,0,0,14.0,18,Unicorn_Absent,-1,-1.0,5,Unicorn_Absent,-105,14.0,32,0.36,50,0.0,0.5,LEFT,14.0,1.0,18.0,0.0,LEFT
0,6235082486,14,623508,Absent,36,0,0,0,0,0,0,0,0,0,1,1,1,1,1,1,0,0,1,1,1,1,1,1,0,0,1,1,1,1,1,1,0,0,1,1,1,1,1,1,0,0,1,1,1,1,1,1,0,0,1,1,1,1,1,1,0,0,0,0,0,0,0,0,0,-4.0,36,Unicorn_Absent,-1,-1.0,7,Unicorn_Absent,-52,16.0,36,0.36,36,0.64,0.0,IN,14.0,0.36,18.0,0.0,LEFT
0,6235082486,17,623508,Absent,32,1,1,1,1,0,0,0,0,1,1,1,1,0,0,0,0,1,1,1,1,0,0,0,0,1,1,1,1,0,0,0,0,1,1,1,1,0,0,0,0,1,1,1,1,0,0,0,0,1,1,1,1,0,0,0,0,1,1,1,1,0,0,0,0,16.0,16,Unicorn_Absent,-1,-1.0,5,Unicorn_Absent,12,16.0,32,1.0,48,0.0,0.5,LEFT,16.0,1.0,16.0,0.0,LEFT
0,6235082486,20,623508,Absent,32,1,1,1,1,0,0,0,0,1,1,1,1,0,0,0,0,1,1,1,1,0,0,0,0,1,1,1,1,0,0,0,0,1,1,1,1,0,0,0,0,1,1,1,1,0,0,0,0,1,1,1,1,0,0,0,0,1,1,1,1,0,0,0,0,16.0,16,Unicorn_Absent,-1,-1.0,5,Unicorn_Absent,76,16.0,32,1.0,48,0.0,0.5,LEFT,16.0,1.0,16.0,0.0,LEFT
0,6235082486,21,623508,Absent,32,1,1,1,1,0,0,0,0,1,1,1,1,0,0,0,0,1,1,1,1,0,0,0,0,1,1,1,1,0,0,0,0,1,1,1,1,0,0,0,0,1,1,1,1,0,0,0,0,1,1,1,1,0,0,0,0,1,1,1,1,0,0,0,0,16.0,16,Unicorn_Absent,-1,-1.0,5,Unicorn_Absent,92,16.0,32,1.0,48,0.0,0.5,LEFT,16.0,1.0,16.0,0.0,LEFT
0,6235082486,24,623508,Absent,32,1,1,1,1,0,0,0,0,1,1,1,1,0,0,0,0,1,1,1,1,0,0,0,0,1,1,1,1,0,0,0,0,1,1,1,1,0,0,0,0,1,1,1,1,0,0,0,0,1,1,1,1,0,0,0,0,1,1,1,1,0,0,0,0,16.0,16,Unicorn_Absent,-1,-1.0,5,Unicorn_Absent,156,16.0,32,1.0,48,0.0,0.5,LEFT,16.0,1.0,16.0,0.0,LEFT
0,6235082486,25,623508,Absent,32,1,1,1,1,0,0,0,0,1,1,1,1,0,0,0,0,1,1,1,1,0,0,0,0,1,1,1,1,0,0,0,0,1,1,1,1,0,0,0,0,1,1,1,1,0,0,0,0,1,1,1,1,0,0,0,0,1,1,1,1,0,0,0,0,16.0,16,Unicorn_Absent,-1,-1.0,5,Unicorn_Absent,172,16.0,32,1.0,48,0.0,0.5,LEFT,16.0,1.0,16.0,0.0,LEFT
0,6235082486,26,623508,Absent,32,1,1,1,1,0,0,0,0,1,1,1,1,0,0,0,0,1,1,1,1,0,0,0,0,1,1,1,1,0,0,0,0,1,1,1,1,0,0,0,0,1,1,1,1,0,0,0,0,1,1,1,1,0,0,0,0,1,1,1,1,0,0,0,0,16.0,16,Unicorn_Absent,-1,-1.0,5,Unicorn_Absent,188,16.0,32,1.0,48,0.0,0.5,LEFT,16.0,1.0,16.0,0.0,LEFT
0,6235082486,27,623508,Absent,32,1,1,1,1,0,0,0,0,1,1,1,1,0,0,0,0,1,1,1,1,0,0,0,0,1,1,1,1,0,0,0,0,1,1,1,1,0,0,0,0,1,1,1,1,0,0,0,0,1,1,1,1,0,0,0,0,1,1,1,1,0,0,0,0,16.0,16,Unicorn_Absent,-1,-1.0,5,Unicorn_Absent,204,16.0,32,1.0,48,0.0,0.5,LEFT,16.0,1.0,16.0,0.0,LEFT
0,6235082486,40,623508,Absent,36,0,0,0,0,0,0,0,0,0,1,1,1,1,1,1,0,0,1,1,1,1,1,1,0,0,1,1,1,1,1,1,0,0,1,1,1,1,1,1,0,0,1,1,1,1,1,1,0,0,1,1,1,1,1,1,0,0,0,0,0,0,0,0,0,14.0,18,Unicorn_Absent,-1,-1.0,7,Unicorn_Absent,183,14.0,36,1.0,50,0.0,0.5,IN,14.0,1.0,18.0,0.6111111111111112,IN
0,6235082486,55,623508,Absent,64,1,1,1,1,1,1,1,1,1,1,1,1,1,1,1,1,1,1,1,1,1,1,1,1,1,1,1,1,1,1,1,1,1,1,1,1,1,1,1,1,1,1,1,1,1,1,1,1,1,1,1,1,1,1,1,1,1,1,1,1,1,1,1,1,32.0,0,Unicorn_Absent,-1,-1.0,1,Unicorn_Absent,159,32.0,64,0.4375,64,0.5625,1.0,ALL,32.0,1.0,0.0,0.30434782608695654,ALL
0,6235082486,56,623508,Absent,64,1,1,1,1,1,1,1,1,1,1,1,1,1,1,1,1,1,1,1,1,1,1,1,1,1,1,1,1,1,1,1,1,1,1,1,1,1,1,1,1,1,1,1,1,1,1,1,1,1,1,1,1,1,1,1,1,1,1,1,1,1,1,1,1,32.0,0,Unicorn_Absent,-1,-1.0,1,Unicorn_Absent,191,32.0,64,1.0,64,0.0,1.0,ALL,32.0,1.0,0.0,0.5625,ALL
0,6235082486,1,824863,Absent,61,1,1,1,1,1,1,1,1,0,1,1,1,1,1,1,1,1,1,1,1,1,1,1,1,0,1,1,1,1,1,1,1,1,1,1,1,1,1,1,1,1,1,1,1,1,1,1,1,1,1,1,1,1,1,1,1,1,1,1,1,1,1,1,0,-5.0,37,Unicorn_Absent,-1,-1.0,0,Unicorn_Absent,-5,14.0,61,,63,,0.40625,RS,,0.5,,,BOTTOM
0,6235082486,2,824863,Absent,32,0,0,0,0,0,0,0,0,0,0,0,0,0,0,0,0,0,0,0,0,0,0,0,0,0,0,0,0,0,0,0,0,1,1,1,1,1,1,1,1,1,1,1,1,1,1,1,1,1,1,1,1,1,1,1,1,1,1,1,1,1,1,1,1,14.0,18,Unicorn_Absent,-1,-1.0,3,Unicorn_Absent,9,14.0,32,0.5,50,0.1842105263157895,0.5,BOTTOM,-5.0,1.0,37.0,,BOTTOM
0,6235082486,10,824863,Absent,36,0,0,0,0,0,0,0,0,0,1,1,1,1,1,1,0,0,1,1,1,1,1,1,0,0,1,1,1,1,1,1,0,0,1,1,1,1,1,1,0,0,1,1,1,1,1,1,0,0,1,1,1,1,1,1,0,0,0,0,0,0,0,0,0,14.0,18,Unicorn_Absent,-1,-1.0,7,Unicorn_Absent,-105,14.0,36,0.36,50,0.0,0.5,IN,14.0,1.0,18.0,0.0,IN
0,6235082486,14,824863,Absent,36,0,0,0,0,0,0,0,0,0,1,1,1,1,1,1,0,0,1,1,1,1,1,1,0,0,1,1,1,1,1,1,0,0,1,1,1,1,1,1,0,0,1,1,1,1,1,1,0,0,1,1,1,1,1,1,0,0,0,0,0,0,0,0,0,-4.0,36,Unicorn_Absent,-1,-1.0,7,Unicorn_Absent,-52,16.0,36,1.0,36,0.64,0.0,IN,14.0,0.36,18.0,0.0,BOTTOM
0,6235082486,17,824863,Absent,32,0,0,0,0,0,0,0,0,0,0,0,0,0,0,0,0,0,0,0,0,0,0,0,0,0,0,0,0,0,0,0,0,1,1,1,1,1,1,1,1,1,1,1,1,1,1,1,1,1,1,1,1,1,1,1,1,1,1,1,1,1,1,1,1,16.0,16,Unicorn_Absent,-1,-1.0,3,Unicorn_Absent,12,16.0,32,1.0,48,0.0,0.5,BOTTOM,16.0,1.0,16.0,0.0,BOTTOM
0,6235082486,20,824863,Absent,32,0,0,0,0,0,0,0,0,0,0,0,0,0,0,0,0,0,0,0,0,0,0,0,0,0,0,0,0,0,0,0,0,1,1,1,1,1,1,1,1,1,1,1,1,1,1,1,1,1,1,1,1,1,1,1,1,1,1,1,1,1,1,1,1,16.0,16,Unicorn_Absent,-1,-1.0,3,Unicorn_Absent,76,16.0,32,1.0,48,0.0,0.5,BOTTOM,16.0,1.0,16.0,0.0,BOTTOM
0,6235082486,21,824863,Absent,32,0,0,0,0,0,0,0,0,0,0,0,0,0,0,0,0,0,0,0,0,0,0,0,0,0,0,0,0,0,0,0,0,1,1,1,1,1,1,1,1,1,1,1,1,1,1,1,1,1,1,1,1,1,1,1,1,1,1,1,1,1,1,1,1,16.0,16,Unicorn_Absent,-1,-1.0,3,Unicorn_Absent,92,16.0,32,1.0,48,0.0,0.5,BOTTOM,16.0,1.0,16.0,0.0,BOTTOM
0,6235082486,24,824863,Absent,32,0,0,0,0,0,0,0,0,0,0,0,0,0,0,0,0,0,0,0,0,0,0,0,0,0,0,0,0,0,0,0,0,1,1,1,1,1,1,1,1,1,1,1,1,1,1,1,1,1,1,1,1,1,1,1,1,1,1,1,1,1,1,1,1,16.0,16,Unicorn_Absent,-1,-1.0,3,Unicorn_Absent,156,16.0,32,1.0,48,0.0,0.5,BOTTOM,16.0,1.0,16.0,0.0,BOTTOM
0,6235082486,25,824863,Absent,32,0,0,0,0,0,0,0,0,0,0,0,0,0,0,0,0,0,0,0,0,0,0,0,0,0,0,0,0,0,0,0,0,1,1,1,1,1,1,1,1,1,1,1,1,1,1,1,1,1,1,1,1,1,1,1,1,1,1,1,1,1,1,1,1,16.0,16,Unicorn_Absent,-1,-1.0,3,Unicorn_Absent,172,16.0,32,1.0,48,0.0,0.5,BOTTOM,16.0,1.0,16.0,0.0,BOTTOM
0,6235082486,26,824863,Absent,32,0,0,0,0,0,0,0,0,0,0,0,0,0,0,0,0,0,0,0,0,0,0,0,0,0,0,0,0,0,0,0,0,1,1,1,1,1,1,1,1,1,1,1,1,1,1,1,1,1,1,1,1,1,1,1,1,1,1,1,1,1,1,1,1,16.0,16,Unicorn_Absent,-1,-1.0,3,Unicorn_Absent,188,16.0,32,1.0,48,0.0,0.5,BOTTOM,16.0,1.0,16.0,0.0,BOTTOM
0,6235082486,27,824863,Absent,32,0,0,0,0,0,0,0,0,0,0,0,0,0,0,0,0,0,0,0,0,0,0,0,0,0,0,0,0,0,0,0,0,1,1,1,1,1,1,1,1,1,1,1,1,1,1,1,1,1,1,1,1,1,1,1,1,1,1,1,1,1,1,1,1,16.0,16,Unicorn_Absent,-1,-1.0,3,Unicorn_Absent,204,16.0,32,1.0,48,0.0,0.5,BOTTOM,16.0,1.0,16.0,0.0,BOTTOM
0,6235082486,40,824863,Absent,32,0,0,0,0,0,0,0,0,0,0,0,0,0,0,0,0,0,0,0,0,0,0,0,0,0,0,0,0,0,0,0,0,1,1,1,1,1,1,1,1,1,1,1,1,1,1,1,1,1,1,1,1,1,1,1,1,1,1,1,1,1,1,1,1,14.0,18,Unicorn_Absent,-1,-1.0,3,Unicorn_Absent,183,14.0,32,1.0,50,0.0,0.5,BOTTOM,14.0,1.0,18.0,0.6111111111111112,BOTTOM
0,6235082486,55,824863,Absent,0,0,0,0,0,0,0,0,0,0,0,0,0,0,0,0,0,0,0,0,0,0,0,0,0,0,0,0,0,0,0,0,0,0,0,0,0,0,0,0,0,0,0,0,0,0,0,0,0,0,0,0,0,0,0,0,0,0,0,0,0,0,0,0,0,32.0,0,Unicorn_Absent,-1,-1.0,2,Unicorn_Absent,159,32.0,0,1.0,64,0.5625,1.0,NOTHING,32.0,1.0,0.0,0.30434782608695654,NOTHING
0,6235082486,56,824863,Absent,0,0,0,0,0,0,0,0,0,0,0,0,0,0,0,0,0,0,0,0,0,0,0,0,0,0,0,0,0,0,0,0,0,0,0,0,0,0,0,0,0,0,0,0,0,0,0,0,0,0,0,0,0,0,0,0,0,0,0,0,0,0,0,0,0,32.0,0,Unicorn_Absent,-1,-1.0,2,Unicorn_Absent,191,32.0,0,1.0,64,0.0,1.0,NOTHING,32.0,1.0,0.0,0.5625,NOTHING
0,6352522403,1,224030,Absent,45,1,1,1,1,1,1,0,0,0,1,0,0,1,1,0,1,1,1,1,1,1,1,1,1,0,1,1,1,0,1,1,1,0,0,1,0,0,1,0,0,1,1,1,0,1,1,1,0,1,1,1,1,1,1,1,1,0,0,1,0,1,1,1,1,29.0,3,Unicorn_Absent,-1,-1.0,0,Unicorn_Absent,29,0.0,45,,47,,0.6875,RS,,0.703125,,,ALL
0,6352522403,2,224030,Absent,64,1,1,1,1,1,1,1,1,1,1,1,1,1,1,1,1,1,1,1,1,1,1,1,1,1,1,1,1,1,1,1,1,1,1,1,1,1,1,1,1,1,1,1,1,1,1,1,1,1,1,1,1,1,1,1,1,1,1,1,1,1,1,1,1,0.0,32,Unicorn_Absent,-1,-1.0,1,Unicorn_Absent,29,14.0,64,0.703125,64,0.6753472222222222,0.5,ALL,29.0,0.5,3.0,,TOP
0,6352522403,6,224030,Absent,32,1,1,1,1,1,1,1,1,1,1,1,1,1,1,1,1,1,1,1,1,1,1,1,1,1,1,1,1,1,1,1,1,0,0,0,0,0,0,0,0,0,0,0,0,0,0,0,0,0,0,0,0,0,0,0,0,0,0,0,0,0,0,0,0,18.0,14,Unicorn_Absent,-1,-1.0,4,Unicorn_Absent,70,18.0,32,1.0,46,1.0,0.5,TOP,14.0,1.0,18.0,0.14,TOP
0,6352522403,9,224030,Absent,32,1,1,1,1,1,1,1,1,1,1,1,1,1,1,1,1,1,1,1,1,1,1,1,1,1,1,1,1,1,1,1,1,0,0,0,0,0,0,0,0,0,0,0,0,0,0,0,0,0,0,0,0,0,0,0,0,0,0,0,0,0,0,0,0,18.0,14,Unicorn_Absent,-1,-1.0,4,Unicorn_Absent,134,32.0,32,1.0,46,0.0,0.5,TOP,18.0,1.0,14.0,0.0,TOP
0,6352522403,10,224030,Absent,32,1,1,1,1,1,1,1,1,1,1,1,1,1,1,1,1,1,1,1,1,1,1,1,1,1,1,1,1,1,1,1,1,0,0,0,0,0,0,0,0,0,0,0,0,0,0,0,0,0,0,0,0,0,0,0,0,0,0,0,0,0,0,0,0,32.0,0,Unicorn_Absent,-1,-1.0,4,Unicorn_Absent,166,32.0,32,1.0,64,0.6956521739130435,1.0,TOP,18.0,1.0,14.0,0.0,TOP
0,6352522403,11,224030,Absent,32,1,1,1,1,1,1,1,1,1,1,1,1,1,1,1,1,1,1,1,1,1,1,1,1,1,1,1,1,1,1,1,1,0,0,0,0,0,0,0,0,0,0,0,0,0,0,0,0,0,0,0,0,0,0,0,0,0,0,0,0,0,0,0,0,32.0,0,Unicorn_Absent,-1,-1.0,4,Unicorn_Absent,198,32.0,32,1.0,64,0.0,1.0,TOP,32.0,1.0,0.0,0.6956521739130435,TOP
0,6352522403,18,224030,Absent,28,1,1,1,1,1,1,1,1,1,0,0,0,0,0,0,1,1,0,0,0,0,0,0,1,1,0,0,0,0,0,0,1,1,0,0,0,0,0,0,1,1,0,0,0,0,0,0,1,1,0,0,0,0,0,0,1,1,1,1,1,1,1,1,1,4.0,28,Unicorn_Absent,-1,-1.0,8,Unicorn_Absent,270,32.0,28,0.30434782608695654,28,0.0,0.0,OUT,32.0,0.4375,0.0,0.0,ALL
0,6352522403,19,224030,Absent,64,1,1,1,1,1,1,1,1,1,1,1,1,1,1,1,1,1,1,1,1,1,1,1,1,1,1,1,1,1,1,1,1,1,1,1,1,1,1,1,1,1,1,1,1,1,1,1,1,1,1,1,1,1,1,1,1,1,1,1,1,1,1,1,1,32.0,0,Unicorn_Absent,-1,-1.0,1,Unicorn_Absent,302,32.0,64,0.4375,64,0.4375,1.0,ALL,4.0,1.0,28.0,0.0,ALL
0,6352522403,28,224030,Absent,64,1,1,1,1,1,1,1,1,1,1,1,1,1,1,1,1,1,1,1,1,1,1,1,1,1,1,1,1,1,1,1,1,1,1,1,1,1,1,1,1,1,1,1,1,1,1,1,1,1,1,1,1,1,1,1,1,1,1,1,1,1,1,1,1,32.0,0,Unicorn_Absent,-1,-1.0,1,Unicorn_Absent,590,32.0,64,1.0,64,0.0,1.0,ALL,32.0,1.0,0.0,0.0,ALL
0,6352522403,29,224030,Absent,64,1,1,1,1,1,1,1,1,1,1,1,1,1,1,1,1,1,1,1,1,1,1,1,1,1,1,1,1,1,1,1,1,1,1,1,1,1,1,1,1,1,1,1,1,1,1,1,1,1,1,1,1,1,1,1,1,1,1,1,1,1,1,1,1,32.0,0,Unicorn_Absent,-1,-1.0,1,Unicorn_Absent,622,32.0,64,1.0,64,0.0,1.0,ALL,32.0,1.0,0.0,0.0,ALL
0,6352522403,32,224030,Absent,64,1,1,1,1,1,1,1,1,1,1,1,1,1,1,1,1,1,1,1,1,1,1,1,1,1,1,1,1,1,1,1,1,1,1,1,1,1,1,1,1,1,1,1,1,1,1,1,1,1,1,1,1,1,1,1,1,1,1,1,1,1,1,1,1,32.0,0,Unicorn_Absent,-1,-1.0,1,Unicorn_Absent,718,32.0,64,1.0,64,0.0,1.0,ALL,32.0,1.0,0.0,0.0,ALL
0,6352522403,36,224030,Absent,64,1,1,1,1,1,1,1,1,1,1,1,1,1,1,1,1,1,1,1,1,1,1,1,1,1,1,1,1,1,1,1,1,1,1,1,1,1,1,1,1,1,1,1,1,1,1,1,1,1,1,1,1,1,1,1,1,1,1,1,1,1,1,1,1,32.0,0,Unicorn_Absent,-1,-1.0,1,Unicorn_Absent,846,32.0,64,1.0,64,0.0,1.0,ALL,32.0,1.0,0.0,0.0,ALL
0,6352522403,37,224030,Absent,64,1,1,1,1,1,1,1,1,1,1,1,1,1,1,1,1,1,1,1,1,1,1,1,1,1,1,1,1,1,1,1,1,1,1,1,1,1,1,1,1,1,1,1,1,1,1,1,1,1,1,1,1,1,1,1,1,1,1,1,1,1,1,1,1,32.0,0,Unicorn_Absent,-1,-1.0,1,Unicorn_Absent,878,32.0,64,1.0,64,0.0,1.0,ALL,32.0,1.0,0.0,0.0,ALL
0,6352522403,43,224030,Absent,64,1,1,1,1,1,1,1,1,1,1,1,1,1,1,1,1,1,1,1,1,1,1,1,1,1,1,1,1,1,1,1,1,1,1,1,1,1,1,1,1,1,1,1,1,1,1,1,1,1,1,1,1,1,1,1,1,1,1,1,1,1,1,1,1,32.0,0,Unicorn_Absent,-1,-1.0,1,Unicorn_Absent,1070,32.0,64,1.0,64,0.0,1.0,ALL,32.0,1.0,0.0,0.0,ALL
0,6352522403,44,224030,Absent,64,1,1,1,1,1,1,1,1,1,1,1,1,1,1,1,1,1,1,1,1,1,1,1,1,1,1,1,1,1,1,1,1,1,1,1,1,1,1,1,1,1,1,1,1,1,1,1,1,1,1,1,1,1,1,1,1,1,1,1,1,1,1,1,1,32.0,0,Unicorn_Absent,-1,-1.0,1,Unicorn_Absent,1102,32.0,64,1.0,64,0.0,1.0,ALL,32.0,1.0,0.0,0.0,ALL
0,6352522403,51,224030,Absent,64,1,1,1,1,1,1,1,1,1,1,1,1,1,1,1,1,1,1,1,1,1,1,1,1,1,1,1,1,1,1,1,1,1,1,1,1,1,1,1,1,1,1,1,1,1,1,1,1,1,1,1,1,1,1,1,1,1,1,1,1,1,1,1,1,32.0,0,Unicorn_Absent,-1,-1.0,1,Unicorn_Absent,1326,32.0,64,1.0,64,0.0,1.0,ALL,32.0,1.0,0.0,0.0,ALL
0,6352522403,52,224030,Absent,64,1,1,1,1,1,1,1,1,1,1,1,1,1,1,1,1,1,1,1,1,1,1,1,1,1,1,1,1,1,1,1,1,1,1,1,1,1,1,1,1,1,1,1,1,1,1,1,1,1,1,1,1,1,1,1,1,1,1,1,1,1,1,1,1,32.0,0,Unicorn_Absent,-1,-1.0,1,Unicorn_Absent,1358,32.0,64,1.0,64,0.0,1.0,ALL,32.0,1.0,0.0,0.0,ALL
0,6352522403,53,224030,Absent,64,1,1,1,1,1,1,1,1,1,1,1,1,1,1,1,1,1,1,1,1,1,1,1,1,1,1,1,1,1,1,1,1,1,1,1,1,1,1,1,1,1,1,1,1,1,1,1,1,1,1,1,1,1,1,1,1,1,1,1,1,1,1,1,1,32.0,0,Unicorn_Absent,-1,-1.0,1,Unicorn_Absent,1390,32.0,64,1.0,64,0.0,1.0,ALL,32.0,1.0,0.0,0.0,ALL
0,6352522403,54,224030,Absent,64,1,1,1,1,1,1,1,1,1,1,1,1,1,1,1,1,1,1,1,1,1,1,1,1,1,1,1,1,1,1,1,1,1,1,1,1,1,1,1,1,1,1,1,1,1,1,1,1,1,1,1,1,1,1,1,1,1,1,1,1,1,1,1,1,32.0,0,Unicorn_Absent,-1,-1.0,1,Unicorn_Absent,1422,32.0,64,1.0,64,0.0,1.0,ALL,32.0,1.0,0.0,0.0,ALL
0,6352522403,55,224030,Absent,64,1,1,1,1,1,1,1,1,1,1,1,1,1,1,1,1,1,1,1,1,1,1,1,1,1,1,1,1,1,1,1,1,1,1,1,1,1,1,1,1,1,1,1,1,1,1,1,1,1,1,1,1,1,1,1,1,1,1,1,1,1,1,1,1,32.0,0,Unicorn_Absent,-1,-1.0,1,Unicorn_Absent,1454,32.0,64,1.0,64,0.0,1.0,ALL,32.0,1.0,0.0,0.0,ALL
0,6352522403,56,224030,Absent,64,1,1,1,1,1,1,1,1,1,1,1,1,1,1,1,1,1,1,1,1,1,1,1,1,1,1,1,1,1,1,1,1,1,1,1,1,1,1,1,1,1,1,1,1,1,1,1,1,1,1,1,1,1,1,1,1,1,1,1,1,1,1,1,1,32.0,0,Unicorn_Absent,-1,-1.0,1,Unicorn_Absent,1486,32.0,64,1.0,64,0.0,1.0,ALL,32.0,1.0,0.0,0.0,ALL
0,6352522403,57,224030,Absent,64,1,1,1,1,1,1,1,1,1,1,1,1,1,1,1,1,1,1,1,1,1,1,1,1,1,1,1,1,1,1,1,1,1,1,1,1,1,1,1,1,1,1,1,1,1,1,1,1,1,1,1,1,1,1,1,1,1,1,1,1,1,1,1,1,32.0,0,Unicorn_Absent,-1,-1.0,1,Unicorn_Absent,1518,32.0,64,1.0,64,0.0,1.0,ALL,32.0,1.0,0.0,0.0,ALL
0,6352522403,1,635257,Absent,5,0,0,0,0,0,0,0,0,0,0,0,0,1,0,1,0,0,0,0,0,0,0,0,0,1,0,0,0,0,1,0,1,0,0,0,0,0,0,0,0,0,0,0,0,0,0,0,0,0,0,0,0,0,0,0,0,0,0,0,0,0,0,0,0,29.0,3,Unicorn_Absent,-1,-1.0,0,Unicorn_Absent,29,0.0,5,,47,,0.6875,RS,,0.027777777777777776,,,LEFT
0,6352522403,2,635257,Absent,32,1,1,1,1,0,0,0,0,1,1,1,1,0,0,0,0,1,1,1,1,0,0,0,0,1,1,1,1,0,0,0,0,1,1,1,1,0,0,0,0,1,1,1,1,0,0,0,0,1,1,1,1,0,0,0,0,1,1,1,1,0,0,0,0,0.0,32,Unicorn_Absent,-1,-1.0,5,Unicorn_Absent,29,14.0,32,0.027777777777777776,64,0.6753472222222222,0.5,LEFT,29.0,0.36,3.0,,IN
0,6352522403,6,635257,Absent,28,1,1,1,1,1,1,1,1,1,0,0,0,0,0,0,1,1,0,0,0,0,0,0,1,1,0,0,0,0,0,0,1,1,0,0,0,0,0,0,1,1,0,0,0,0,0,0,1,1,0,0,0,0,0,0,1,1,1,1,1,1,1,1,1,18.0,14,Unicorn_Absent,-1,-1.0,8,Unicorn_Absent,70,18.0,28,0.0,46,1.0,0.5,OUT,14.0,1.0,18.0,0.14,OUT
0,6352522403,9,635257,Absent,28,1,1,1,1,1,1,1,1,1,0,0,0,0,0,0,1,1,0,0,0,0,0,0,1,1,0,0,0,0,0,0,1,1,0,0,0,0,0,0,1,1,0,0,0,0,0,0,1,1,0,0,0,0,0,0,1,1,1,1,1,1,1,1,1,18.0,14,Unicorn_Absent,-1,-1.0,8,Unicorn_Absent,134,32.0,28,1.0,46,0.0,0.5,OUT,18.0,0.30434782608695654,14.0,0.0,BOTTOM
0,6352522403,10,635257,Absent,32,0,0,0,0,0,0,0,0,0,0,0,0,0,0,0,0,0,0,0,0,0,0,0,0,0,0,0,0,0,0,0,0,1,1,1,1,1,1,1,1,1,1,1,1,1,1,1,1,1,1,1,1,1,1,1,1,1,1,1,1,1,1,1,1,32.0,0,Unicorn_Absent,-1,-1.0,3,Unicorn_Absent,166,32.0,32,0.30434782608695654,64,0.6956521739130435,1.0,BOTTOM,18.0,1.0,14.0,0.0,BOTTOM
0,6352522403,11,635257,Absent,32,0,0,0,0,0,0,0,0,0,0,0,0,0,0,0,0,0,0,0,0,0,0,0,0,0,0,0,0,0,0,0,0,1,1,1,1,1,1,1,1,1,1,1,1,1,1,1,1,1,1,1,1,1,1,1,1,1,1,1,1,1,1,1,1,32.0,0,Unicorn_Absent,-1,-1.0,3,Unicorn_Absent,198,32.0,32,1.0,64,0.0,1.0,BOTTOM,32.0,1.0,0.0,0.6956521739130435,BOTTOM
0,6352522403,18,635257,Absent,28,1,1,1,1,1,1,1,1,1,0,0,0,0,0,0,1,1,0,0,0,0,0,0,1,1,0,0,0,0,0,0,1,1,0,0,0,0,0,0,1,1,0,0,0,0,0,0,1,1,0,0,0,0,0,0,1,1,1,1,1,1,1,1,1,4.0,28,Unicorn_Absent,-1,-1.0,8,Unicorn_Absent,270,32.0,28,0.30434782608695654,28,0.0,0.0,OUT,32.0,0.0,0.0,0.0,NOTHING
0,6352522403,19,635257,Absent,0,0,0,0,0,0,0,0,0,0,0,0,0,0,0,0,0,0,0,0,0,0,0,0,0,0,0,0,0,0,0,0,0,0,0,0,0,0,0,0,0,0,0,0,0,0,0,0,0,0,0,0,0,0,0,0,0,0,0,0,0,0,0,0,0,32.0,0,Unicorn_Absent,-1,-1.0,2,Unicorn_Absent,302,32.0,0,0.0,64,0.4375,1.0,NOTHING,4.0,1.0,28.0,0.0,NOTHING
0,6352522403,28,635257,Absent,0,0,0,0,0,0,0,0,0,0,0,0,0,0,0,0,0,0,0,0,0,0,0,0,0,0,0,0,0,0,0,0,0,0,0,0,0,0,0,0,0,0,0,0,0,0,0,0,0,0,0,0,0,0,0,0,0,0,0,0,0,0,0,0,0,32.0,0,Unicorn_Absent,-1,-1.0,2,Unicorn_Absent,590,32.0,0,1.0,64,0.0,1.0,NOTHING,32.0,1.0,0.0,0.0,NOTHING
0,6352522403,29,635257,Absent,0,0,0,0,0,0,0,0,0,0,0,0,0,0,0,0,0,0,0,0,0,0,0,0,0,0,0,0,0,0,0,0,0,0,0,0,0,0,0,0,0,0,0,0,0,0,0,0,0,0,0,0,0,0,0,0,0,0,0,0,0,0,0,0,0,32.0,0,Unicorn_Absent,-1,-1.0,2,Unicorn_Absent,622,32.0,0,1.0,64,0.0,1.0,NOTHING,32.0,1.0,0.0,0.0,NOTHING
0,6352522403,32,635257,Absent,0,0,0,0,0,0,0,0,0,0,0,0,0,0,0,0,0,0,0,0,0,0,0,0,0,0,0,0,0,0,0,0,0,0,0,0,0,0,0,0,0,0,0,0,0,0,0,0,0,0,0,0,0,0,0,0,0,0,0,0,0,0,0,0,0,32.0,0,Unicorn_Absent,-1,-1.0,2,Unicorn_Absent,718,32.0,0,1.0,64,0.0,1.0,NOTHING,32.0,1.0,0.0,0.0,NOTHING
0,6352522403,36,635257,Absent,0,0,0,0,0,0,0,0,0,0,0,0,0,0,0,0,0,0,0,0,0,0,0,0,0,0,0,0,0,0,0,0,0,0,0,0,0,0,0,0,0,0,0,0,0,0,0,0,0,0,0,0,0,0,0,0,0,0,0,0,0,0,0,0,0,32.0,0,Unicorn_Absent,-1,-1.0,2,Unicorn_Absent,846,32.0,0,1.0,64,0.0,1.0,NOTHING,32.0,1.0,0.0,0.0,NOTHING
0,6352522403,37,635257,Absent,0,0,0,0,0,0,0,0,0,0,0,0,0,0,0,0,0,0,0,0,0,0,0,0,0,0,0,0,0,0,0,0,0,0,0,0,0,0,0,0,0,0,0,0,0,0,0,0,0,0,0,0,0,0,0,0,0,0,0,0,0,0,0,0,0,32.0,0,Unicorn_Absent,-1,-1.0,2,Unicorn_Absent,878,32.0,0,1.0,64,0.0,1.0,NOTHING,32.0,1.0,0.0,0.0,NOTHING
0,6352522403,43,635257,Absent,0,0,0,0,0,0,0,0,0,0,0,0,0,0,0,0,0,0,0,0,0,0,0,0,0,0,0,0,0,0,0,0,0,0,0,0,0,0,0,0,0,0,0,0,0,0,0,0,0,0,0,0,0,0,0,0,0,0,0,0,0,0,0,0,0,32.0,0,Unicorn_Absent,-1,-1.0,2,Unicorn_Absent,1070,32.0,0,1.0,64,0.0,1.0,NOTHING,32.0,1.0,0.0,0.0,NOTHING
0,6352522403,44,635257,Absent,0,0,0,0,0,0,0,0,0,0,0,0,0,0,0,0,0,0,0,0,0,0,0,0,0,0,0,0,0,0,0,0,0,0,0,0,0,0,0,0,0,0,0,0,0,0,0,0,0,0,0,0,0,0,0,0,0,0,0,0,0,0,0,0,0,32.0,0,Unicorn_Absent,-1,-1.0,2,Unicorn_Absent,1102,32.0,0,1.0,64,0.0,1.0,NOTHING,32.0,1.0,0.0,0.0,NOTHING
0,6352522403,51,635257,Absent,0,0,0,0,0,0,0,0,0,0,0,0,0,0,0,0,0,0,0,0,0,0,0,0,0,0,0,0,0,0,0,0,0,0,0,0,0,0,0,0,0,0,0,0,0,0,0,0,0,0,0,0,0,0,0,0,0,0,0,0,0,0,0,0,0,32.0,0,Unicorn_Absent,-1,-1.0,2,Unicorn_Absent,1326,32.0,0,1.0,64,0.0,1.0,NOTHING,32.0,1.0,0.0,0.0,NOTHING
0,6352522403,52,635257,Absent,0,0,0,0,0,0,0,0,0,0,0,0,0,0,0,0,0,0,0,0,0,0,0,0,0,0,0,0,0,0,0,0,0,0,0,0,0,0,0,0,0,0,0,0,0,0,0,0,0,0,0,0,0,0,0,0,0,0,0,0,0,0,0,0,0,32.0,0,Unicorn_Absent,-1,-1.0,2,Unicorn_Absent,1358,32.0,0,1.0,64,0.0,1.0,NOTHING,32.0,1.0,0.0,0.0,NOTHING
0,6352522403,53,635257,Absent,0,0,0,0,0,0,0,0,0,0,0,0,0,0,0,0,0,0,0,0,0,0,0,0,0,0,0,0,0,0,0,0,0,0,0,0,0,0,0,0,0,0,0,0,0,0,0,0,0,0,0,0,0,0,0,0,0,0,0,0,0,0,0,0,0,32.0,0,Unicorn_Absent,-1,-1.0,2,Unicorn_Absent,1390,32.0,0,1.0,64,0.0,1.0,NOTHING,32.0,1.0,0.0,0.0,NOTHING
0,6352522403,54,635257,Absent,0,0,0,0,0,0,0,0,0,0,0,0,0,0,0,0,0,0,0,0,0,0,0,0,0,0,0,0,0,0,0,0,0,0,0,0,0,0,0,0,0,0,0,0,0,0,0,0,0,0,0,0,0,0,0,0,0,0,0,0,0,0,0,0,0,32.0,0,Unicorn_Absent,-1,-1.0,2,Unicorn_Absent,1422,32.0,0,1.0,64,0.0,1.0,NOTHING,32.0,1.0,0.0,0.0,NOTHING
0,6352522403,55,635257,Absent,0,0,0,0,0,0,0,0,0,0,0,0,0,0,0,0,0,0,0,0,0,0,0,0,0,0,0,0,0,0,0,0,0,0,0,0,0,0,0,0,0,0,0,0,0,0,0,0,0,0,0,0,0,0,0,0,0,0,0,0,0,0,0,0,0,32.0,0,Unicorn_Absent,-1,-1.0,2,Unicorn_Absent,1454,32.0,0,1.0,64,0.0,1.0,NOTHING,32.0,1.0,0.0,0.0,NOTHING
0,6352522403,56,635257,Absent,0,0,0,0,0,0,0,0,0,0,0,0,0,0,0,0,0,0,0,0,0,0,0,0,0,0,0,0,0,0,0,0,0,0,0,0,0,0,0,0,0,0,0,0,0,0,0,0,0,0,0,0,0,0,0,0,0,0,0,0,0,0,0,0,0,32.0,0,Unicorn_Absent,-1,-1.0,2,Unicorn_Absent,1486,32.0,0,1.0,64,0.0,1.0,NOTHING,32.0,1.0,0.0,0.0,NOTHING
0,6352522403,57,635257,Absent,0,0,0,0,0,0,0,0,0,0,0,0,0,0,0,0,0,0,0,0,0,0,0,0,0,0,0,0,0,0,0,0,0,0,0,0,0,0,0,0,0,0,0,0,0,0,0,0,0,0,0,0,0,0,0,0,0,0,0,0,0,0,0,0,0,32.0,0,Unicorn_Absent,-1,-1.0,2,Unicorn_Absent,1518,32.0,0,1.0,64,0.0,1.0,NOTHING,32.0,1.0,0.0,0.0,NOTHING
0,6481290194,12,648127,Absent,28,1,1,1,1,1,1,1,1,1,0,0,0,0,0,0,1,1,0,0,0,0,0,0,1,1,0,0,0,0,0,0,1,1,0,0,0,0,0,0,1,1,0,0,0,0,0,0,1,1,0,0,0,0,0,0,1,1,1,1,1,1,1,1,1,18.0,14,Unicorn_Absent,-1,-1.0,8,Unicorn_Absent,59,18.0,28,1.0,46,0.0,0.5,OUT,18.0,1.0,14.0,0.5,OUT
0,6481290194,13,648127,Absent,28,1,1,1,1,1,1,1,1,1,0,0,0,0,0,0,1,1,0,0,0,0,0,0,1,1,0,0,0,0,0,0,1,1,0,0,0,0,0,0,1,1,0,0,0,0,0,0,1,1,0,0,0,0,0,0,1,1,1,1,1,1,1,1,1,18.0,14,Unicorn_Absent,-1,-1.0,8,Unicorn_Absent,77,18.0,28,1.0,46,0.0,0.5,OUT,18.0,1.0,14.0,0.0,OUT
0,6481290194,21,648127,Absent,64,1,1,1,1,1,1,1,1,1,1,1,1,1,1,1,1,1,1,1,1,1,1,1,1,1,1,1,1,1,1,1,1,1,1,1,1,1,1,1,1,1,1,1,1,1,1,1,1,1,1,1,1,1,1,1,1,1,1,1,1,1,1,1,1,4.0,28,Unicorn_Absent,-1,-1.0,1,Unicorn_Absent,105,32.0,64,0.4375,64,0.13315217391304346,0.5625,ALL,18.0,0.0,14.0,0.0,NOTHING
0,6481290194,24,648127,Absent,64,1,1,1,1,1,1,1,1,1,1,1,1,1,1,1,1,1,1,1,1,1,1,1,1,1,1,1,1,1,1,1,1,1,1,1,1,1,1,1,1,1,1,1,1,1,1,1,1,1,1,1,1,1,1,1,1,1,1,1,1,1,1,1,1,0.0,32,Unicorn_Absent,-1,-1.0,1,Unicorn_Absent,73,21.0,64,0.0,64,0.36,0.5,ALL,32.0,0.5,0.0,0.0,BOTTOM
0,6481290194,25,648127,Absent,32,0,0,0,0,0,0,0,0,0,0,0,0,0,0,0,0,0,0,0,0,0,0,0,0,0,0,0,0,0,0,0,0,1,1,1,1,1,1,1,1,1,1,1,1,1,1,1,1,1,1,1,1,1,1,1,1,1,1,1,1,1,1,1,1,21.0,11,Unicorn_Absent,-1,-1.0,3,Unicorn_Absent,94,19.0,32,0.5,45,0.25555555555555554,0.53125,BOTTOM,0.0,1.0,32.0,0.36,BOTTOM
0,6481290194,33,648127,Absent,0,0,0,0,0,0,0,0,0,0,0,0,0,0,0,0,0,0,0,0,0,0,0,0,0,0,0,0,0,0,0,0,0,0,0,0,0,0,0,0,0,0,0,0,0,0,0,0,0,0,0,0,0,0,0,0,0,0,0,0,0,0,0,0,0,32.0,0,Unicorn_Absent,-1,-1.0,2,Unicorn_Absent,127,32.0,0,1.0,64,0.0,1.0,NOTHING,32.0,1.0,0.0,0.375,NOTHING
0,6481290194,49,648127,Absent,0,0,0,0,0,0,0,0,0,0,0,0,0,0,0,0,0,0,0,0,0,0,0,0,0,0,0,0,0,0,0,0,0,0,0,0,0,0,0,0,0,0,0,0,0,0,0,0,0,0,0,0,0,0,0,0,0,0,0,0,0,0,0,0,0,32.0,0,Unicorn_Absent,-1,-1.0,2,Unicorn_Absent,639,32.0,0,1.0,64,0.0,1.0,NOTHING,32.0,1.0,0.0,0.0,NOTHING
0,6481290194,50,648127,Absent,0,0,0,0,0,0,0,0,0,0,0,0,0,0,0,0,0,0,0,0,0,0,0,0,0,0,0,0,0,0,0,0,0,0,0,0,0,0,0,0,0,0,0,0,0,0,0,0,0,0,0,0,0,0,0,0,0,0,0,0,0,0,0,0,0,32.0,0,Unicorn_Absent,-1,-1.0,2,Unicorn_Absent,671,32.0,0,1.0,36,0.4375,0.5625,NOTHING,32.0,1.0,0.0,0.0,NOTHING
0,6481290194,51,648127,Absent,0,0,0,0,0,0,0,0,0,0,0,0,0,0,0,0,0,0,0,0,0,0,0,0,0,0,0,0,0,0,0,0,0,0,0,0,0,0,0,0,0,0,0,0,0,0,0,0,0,0,0,0,0,0,0,0,0,0,0,0,0,0,0,0,0,32.0,0,Unicorn_Absent,-1,-1.0,2,Unicorn_Absent,703,32.0,0,1.0,36,0.0,0.5625,NOTHING,32.0,1.0,0.0,0.4375,NOTHING
0,6481290194,52,648127,Absent,0,0,0,0,0,0,0,0,0,0,0,0,0,0,0,0,0,0,0,0,0,0,0,0,0,0,0,0,0,0,0,0,0,0,0,0,0,0,0,0,0,0,0,0,0,0,0,0,0,0,0,0,0,0,0,0,0,0,0,0,0,0,0,0,0,32.0,0,Unicorn_Absent,-1,-1.0,2,Unicorn_Absent,735,32.0,0,1.0,36,0.0,0.5625,NOTHING,32.0,1.0,0.0,0.0,NOTHING
0,6481290194,12,901942,Absent,32,1,1,1,1,1,1,1,1,1,1,1,1,1,1,1,1,1,1,1,1,1,1,1,1,1,1,1,1,1,1,1,1,0,0,0,0,0,0,0,0,0,0,0,0,0,0,0,0,0,0,0,0,0,0,0,0,0,0,0,0,0,0,0,0,18.0,14,Unicorn_Absent,-1,-1.0,4,Unicorn_Absent,59,18.0,32,1.0,46,0.0,0.5,TOP,18.0,1.0,14.0,0.5,TOP
0,6481290194,13,901942,Absent,32,1,1,1,1,1,1,1,1,1,1,1,1,1,1,1,1,1,1,1,1,1,1,1,1,1,1,1,1,1,1,1,1,0,0,0,0,0,0,0,0,0,0,0,0,0,0,0,0,0,0,0,0,0,0,0,0,0,0,0,0,0,0,0,0,18.0,14,Unicorn_Absent,-1,-1.0,4,Unicorn_Absent,77,18.0,32,1.0,46,0.0,0.5,TOP,18.0,1.0,14.0,0.0,TOP
0,6481290194,21,901942,Absent,28,1,1,1,1,1,1,1,1,1,0,0,0,0,0,0,1,1,0,0,0,0,0,0,1,1,0,0,0,0,0,0,1,1,0,0,0,0,0,0,1,1,0,0,0,0,0,0,1,1,0,0,0,0,0,0,1,1,1,1,1,1,1,1,1,4.0,28,Unicorn_Absent,-1,-1.0,8,Unicorn_Absent,105,32.0,28,0.30434782608695654,64,0.13315217391304346,0.5625,OUT,18.0,0.0,14.0,0.0,IN
0,6481290194,24,901942,Absent,32,0,0,0,0,0,0,0,0,0,0,0,0,0,0,0,0,0,0,0,0,0,0,0,0,0,0,0,0,0,0,0,0,1,1,1,1,1,1,1,1,1,1,1,1,1,1,1,1,1,1,1,1,1,1,1,1,1,1,1,1,1,1,1,1,0.0,32,Unicorn_Absent,-1,-1.0,3,Unicorn_Absent,73,21.0,32,0.36,64,0.36,0.5,BOTTOM,32.0,0.24444444444444444,0.0,0.0,RS
0,6481290194,25,901942,Absent,24,0,0,0,1,0,0,1,0,0,0,0,1,0,0,1,0,1,1,0,1,1,0,1,0,1,1,0,1,0,1,0,0,0,0,0,0,1,0,0,0,0,0,1,0,0,1,0,0,0,0,1,0,1,1,0,1,1,1,0,0,1,1,0,0,21.0,11,Unicorn_Absent,-1,-1.0,0,Unicorn_Absent,94,19.0,24,0.24444444444444444,45,0.25555555555555554,0.53125,RS,0.0,0.2631578947368421,32.0,0.36,RS
0,6481290194,33,901942,Absent,64,1,1,1,1,1,1,1,1,1,1,1,1,1,1,1,1,1,1,1,1,1,1,1,1,1,1,1,1,1,1,1,1,1,1,1,1,1,1,1,1,1,1,1,1,1,1,1,1,1,1,1,1,1,1,1,1,1,1,1,1,1,1,1,1,32.0,0,Unicorn_Absent,-1,-1.0,1,Unicorn_Absent,127,32.0,64,1.0,64,0.0,1.0,ALL,32.0,1.0,0.0,0.375,ALL
0,6481290194,49,901942,Absent,64,1,1,1,1,1,1,1,1,1,1,1,1,1,1,1,1,1,1,1,1,1,1,1,1,1,1,1,1,1,1,1,1,1,1,1,1,1,1,1,1,1,1,1,1,1,1,1,1,1,1,1,1,1,1,1,1,1,1,1,1,1,1,1,1,32.0,0,Unicorn_Absent,-1,-1.0,1,Unicorn_Absent,639,32.0,64,1.0,64,0.0,1.0,ALL,32.0,0.5625,0.0,0.0,IN
0,6481290194,50,901942,Absent,36,0,0,0,0,0,0,0,0,0,1,1,1,1,1,1,0,0,1,1,1,1,1,1,0,0,1,1,1,1,1,1,0,0,1,1,1,1,1,1,0,0,1,1,1,1,1,1,0,0,1,1,1,1,1,1,0,0,0,0,0,0,0,0,0,32.0,0,Unicorn_Absent,-1,-1.0,7,Unicorn_Absent,671,32.0,36,0.5625,36,0.4375,0.5625,IN,32.0,1.0,0.0,0.0,IN
0,6481290194,51,901942,Absent,36,0,0,0,0,0,0,0,0,0,1,1,1,1,1,1,0,0,1,1,1,1,1,1,0,0,1,1,1,1,1,1,0,0,1,1,1,1,1,1,0,0,1,1,1,1,1,1,0,0,1,1,1,1,1,1,0,0,0,0,0,0,0,0,0,32.0,0,Unicorn_Absent,-1,-1.0,7,Unicorn_Absent,703,32.0,36,1.0,36,0.0,0.5625,IN,32.0,1.0,0.0,0.4375,IN
0,6481290194,52,901942,Absent,36,0,0,0,0,0,0,0,0,0,1,1,1,1,1,1,0,0,1,1,1,1,1,1,0,0,1,1,1,1,1,1,0,0,1,1,1,1,1,1,0,0,1,1,1,1,1,1,0,0,1,1,1,1,1,1,0,0,0,0,0,0,0,0,0,32.0,0,Unicorn_Absent,-1,-1.0,7,Unicorn_Absent,735,32.0,36,1.0,36,0.0,0.5625,IN,32.0,1.0,0.0,0.0,IN
0,6577378287,12,657736,Absent,64,1,1,1,1,1,1,1,1,1,1,1,1,1,1,1,1,1,1,1,1,1,1,1,1,1,1,1,1,1,1,1,1,1,1,1,1,1,1,1,1,1,1,1,1,1,1,1,1,1,1,1,1,1,1,1,1,1,1,1,1,1,1,1,1,32.0,0,Unicorn_Absent,-1,-1.0,1,Unicorn_Absent,236,32.0,64,1.0,64,0.0,1.0,ALL,32.0,1.0,0.0,0.078125,ALL
0,6577378287,16,657736,Absent,28,1,1,1,1,1,1,1,1,1,0,0,0,0,0,0,1,1,0,0,0,0,0,0,1,1,0,0,0,0,0,0,1,1,0,0,0,0,0,0,1,1,0,0,0,0,0,0,1,1,0,0,0,0,0,0,1,1,1,1,1,1,1,1,1,32.0,0,Unicorn_Absent,-1,-1.0,8,Unicorn_Absent,364,32.0,28,0.4375,28,0.5625,0.4375,OUT,32.0,1.0,0.0,0.0,OUT
0,6577378287,17,657736,Absent,28,1,1,1,1,1,1,1,1,1,0,0,0,0,0,0,1,1,0,0,0,0,0,0,1,1,0,0,0,0,0,0,1,1,0,0,0,0,0,0,1,1,0,0,0,0,0,0,1,1,0,0,0,0,0,0,1,1,1,1,1,1,1,1,1,32.0,0,Unicorn_Absent,-1,-1.0,8,Unicorn_Absent,396,32.0,28,1.0,28,0.0,0.4375,OUT,32.0,1.0,0.0,0.5625,OUT
0,6577378287,18,657736,Absent,28,1,1,1,1,1,1,1,1,1,0,0,0,0,0,0,1,1,0,0,0,0,0,0,1,1,0,0,0,0,0,0,1,1,0,0,0,0,0,0,1,1,0,0,0,0,0,0,1,1,0,0,0,0,0,0,1,1,1,1,1,1,1,1,1,32.0,0,Unicorn_Absent,-1,-1.0,8,Unicorn_Absent,428,32.0,28,1.0,28,0.0,0.4375,OUT,32.0,1.0,0.0,0.0,OUT
0,6577378287,19,657736,Absent,28,1,1,1,1,1,1,1,1,1,0,0,0,0,0,0,1,1,0,0,0,0,0,0,1,1,0,0,0,0,0,0,1,1,0,0,0,0,0,0,1,1,0,0,0,0,0,0,1,1,0,0,0,0,0,0,1,1,1,1,1,1,1,1,1,32.0,0,Unicorn_Absent,-1,-1.0,8,Unicorn_Absent,460,32.0,28,1.0,28,0.0,0.4375,OUT,32.0,1.0,0.0,0.0,OUT
0,6577378287,32,657736,Absent,36,0,0,0,0,0,0,0,0,0,1,1,1,1,1,1,0,0,1,1,1,1,1,1,0,0,1,1,1,1,1,1,0,0,1,1,1,1,1,1,0,0,1,1,1,1,1,1,0,0,1,1,1,1,1,1,0,0,0,0,0,0,0,0,0,32.0,0,Unicorn_Absent,-1,-1.0,7,Unicorn_Absent,752,32.0,36,1.0,64,0.0,1.0,IN,32.0,1.0,0.0,0.0,IN
0,6577378287,33,657736,Absent,36,0,0,0,0,0,0,0,0,0,1,1,1,1,1,1,0,0,1,1,1,1,1,1,0,0,1,1,1,1,1,1,0,0,1,1,1,1,1,1,0,0,1,1,1,1,1,1,0,0,1,1,1,1,1,1,0,0,0,0,0,0,0,0,0,32.0,0,Unicorn_Absent,-1,-1.0,7,Unicorn_Absent,784,32.0,36,1.0,64,0.0,1.0,IN,32.0,1.0,0.0,0.0,IN
0,6577378287,34,657736,Absent,36,0,0,0,0,0,0,0,0,0,1,1,1,1,1,1,0,0,1,1,1,1,1,1,0,0,1,1,1,1,1,1,0,0,1,1,1,1,1,1,0,0,1,1,1,1,1,1,0,0,1,1,1,1,1,1,0,0,0,0,0,0,0,0,0,32.0,0,Unicorn_Absent,-1,-1.0,7,Unicorn_Absent,816,18.0,36,1.0,64,0.0,1.0,IN,32.0,0.34,0.0,0.0,RS
0,6577378287,35,657736,Absent,31,0,0,1,0,0,0,1,1,1,1,0,0,0,1,1,0,0,1,0,0,0,0,0,1,1,0,1,0,1,1,1,0,1,0,0,0,0,0,1,1,0,1,1,0,1,1,0,0,1,1,0,1,1,0,1,0,1,0,0,1,1,0,1,1,18.0,14,Unicorn_Absent,-1,-1.0,0,Unicorn_Absent,834,4.0,31,0.34,45,0.6599999999999999,0.484375,RS,32.0,0.3111111111111111,0.0,0.0,OUT
0,6577378287,36,657736,Absent,28,1,1,1,1,1,1,1,1,1,0,0,0,0,0,0,1,1,0,0,0,0,0,0,1,1,0,0,0,0,0,0,1,1,0,0,0,0,0,0,1,1,0,0,0,0,0,0,1,1,0,0,0,0,0,0,1,1,1,1,1,1,1,1,1,4.0,28,Unicorn_Absent,-1,-1.0,8,Unicorn_Absent,838,18.0,28,0.3111111111111111,28,0.6888888888888889,0.0,OUT,18.0,0.30434782608695654,14.0,0.6599999999999999,BOTTOM
0,6577378287,41,657736,Absent,32,0,0,0,0,1,1,1,1,0,0,0,0,1,1,1,1,0,0,0,0,1,1,1,1,0,0,0,0,1,1,1,1,0,0,0,0,1,1,1,1,0,0,0,0,1,1,1,1,0,0,0,0,1,1,1,1,0,0,0,0,1,1,1,1,32.0,0,Unicorn_Absent,-1,-1.0,6,Unicorn_Absent,874,32.0,32,0.30303030303030304,32,0.696969696969697,0.5,RIGHT,32.0,1.0,0.0,0.13157894736842105,RIGHT
0,6577378287,42,657736,Absent,32,0,0,0,0,1,1,1,1,0,0,0,0,1,1,1,1,0,0,0,0,1,1,1,1,0,0,0,0,1,1,1,1,0,0,0,0,1,1,1,1,0,0,0,0,1,1,1,1,0,0,0,0,1,1,1,1,0,0,0,0,1,1,1,1,32.0,0,Unicorn_Absent,-1,-1.0,6,Unicorn_Absent,906,32.0,32,1.0,32,0.0,0.5,RIGHT,32.0,1.0,0.0,0.696969696969697,RIGHT
0,6577378287,43,657736,Absent,32,0,0,0,0,1,1,1,1,0,0,0,0,1,1,1,1,0,0,0,0,1,1,1,1,0,0,0,0,1,1,1,1,0,0,0,0,1,1,1,1,0,0,0,0,1,1,1,1,0,0,0,0,1,1,1,1,0,0,0,0,1,1,1,1,32.0,0,Unicorn_Absent,-1,-1.0,6,Unicorn_Absent,938,32.0,32,1.0,32,0.0,0.5,RIGHT,32.0,1.0,0.0,0.0,RIGHT
0,6577378287,44,657736,Absent,32,0,0,0,0,1,1,1,1,0,0,0,0,1,1,1,1,0,0,0,0,1,1,1,1,0,0,0,0,1,1,1,1,0,0,0,0,1,1,1,1,0,0,0,0,1,1,1,1,0,0,0,0,1,1,1,1,0,0,0,0,1,1,1,1,32.0,0,Unicorn_Absent,-1,-1.0,6,Unicorn_Absent,970,32.0,32,1.0,32,0.0,0.5,RIGHT,32.0,1.0,0.0,0.0,RIGHT
0,6577378287,52,657736,Absent,0,0,0,0,0,0,0,0,0,0,0,0,0,0,0,0,0,0,0,0,0,0,0,0,0,0,0,0,0,0,0,0,0,0,0,0,0,0,0,0,0,0,0,0,0,0,0,0,0,0,0,0,0,0,0,0,0,0,0,0,0,0,0,0,0,32.0,0,Unicorn_Absent,-1,-1.0,2,Unicorn_Absent,1130,32.0,0,1.0,64,0.0,1.0,NOTHING,32.0,1.0,0.0,0.0,NOTHING
0,6577378287,56,657736,Absent,32,1,1,1,1,1,1,1,1,1,1,1,1,1,1,1,1,1,1,1,1,1,1,1,1,1,1,1,1,1,1,1,1,0,0,0,0,0,0,0,0,0,0,0,0,0,0,0,0,0,0,0,0,0,0,0,0,0,0,0,0,0,0,0,0,0.0,32,Unicorn_Absent,-1,-1.0,4,Unicorn_Absent,1059,-32.0,32,0.0,64,1.0,0.5,TOP,32.0,0.5,0.0,0.0,ALL
0,6577378287,59,657736,Absent,32,0,0,0,0,1,1,1,1,0,0,0,0,1,1,1,1,0,0,0,0,1,1,1,1,0,0,0,0,1,1,1,1,0,0,0,0,1,1,1,1,0,0,0,0,1,1,1,1,0,0,0,0,1,1,1,1,0,0,0,0,1,1,1,1,32.0,0,Unicorn_Absent,-1,-1.0,6,Unicorn_Absent,1091,32.0,32,0.5,64,0.0,1.0,RIGHT,-32.0,1.0,64.0,0.5,RIGHT
0,6577378287,12,782877,Absent,0,0,0,0,0,0,0,0,0,0,0,0,0,0,0,0,0,0,0,0,0,0,0,0,0,0,0,0,0,0,0,0,0,0,0,0,0,0,0,0,0,0,0,0,0,0,0,0,0,0,0,0,0,0,0,0,0,0,0,0,0,0,0,0,0,32.0,0,Unicorn_Absent,-1,-1.0,2,Unicorn_Absent,236,32.0,0,1.0,64,0.0,1.0,NOTHING,32.0,1.0,0.0,0.078125,NOTHING
0,6577378287,16,782877,Absent,0,0,0,0,0,0,0,0,0,0,0,0,0,0,0,0,0,0,0,0,0,0,0,0,0,0,0,0,0,0,0,0,0,0,0,0,0,0,0,0,0,0,0,0,0,0,0,0,0,0,0,0,0,0,0,0,0,0,0,0,0,0,0,0,0,32.0,0,Unicorn_Absent,-1,-1.0,2,Unicorn_Absent,364,32.0,0,1.0,28,0.5625,0.4375,NOTHING,32.0,1.0,0.0,0.0,NOTHING
0,6577378287,17,782877,Absent,0,0,0,0,0,0,0,0,0,0,0,0,0,0,0,0,0,0,0,0,0,0,0,0,0,0,0,0,0,0,0,0,0,0,0,0,0,0,0,0,0,0,0,0,0,0,0,0,0,0,0,0,0,0,0,0,0,0,0,0,0,0,0,0,0,32.0,0,Unicorn_Absent,-1,-1.0,2,Unicorn_Absent,396,32.0,0,1.0,28,0.0,0.4375,NOTHING,32.0,1.0,0.0,0.5625,NOTHING
0,6577378287,18,782877,Absent,0,0,0,0,0,0,0,0,0,0,0,0,0,0,0,0,0,0,0,0,0,0,0,0,0,0,0,0,0,0,0,0,0,0,0,0,0,0,0,0,0,0,0,0,0,0,0,0,0,0,0,0,0,0,0,0,0,0,0,0,0,0,0,0,0,32.0,0,Unicorn_Absent,-1,-1.0,2,Unicorn_Absent,428,32.0,0,1.0,28,0.0,0.4375,NOTHING,32.0,1.0,0.0,0.0,NOTHING
0,6577378287,19,782877,Absent,0,0,0,0,0,0,0,0,0,0,0,0,0,0,0,0,0,0,0,0,0,0,0,0,0,0,0,0,0,0,0,0,0,0,0,0,0,0,0,0,0,0,0,0,0,0,0,0,0,0,0,0,0,0,0,0,0,0,0,0,0,0,0,0,0,32.0,0,Unicorn_Absent,-1,-1.0,2,Unicorn_Absent,460,32.0,0,1.0,28,0.0,0.4375,NOTHING,32.0,1.0,0.0,0.0,NOTHING
0,6577378287,32,782877,Absent,28,1,1,1,1,1,1,1,1,1,0,0,0,0,0,0,1,1,0,0,0,0,0,0,1,1,0,0,0,0,0,0,1,1,0,0,0,0,0,0,1,1,0,0,0,0,0,0,1,1,0,0,0,0,0,0,1,1,1,1,1,1,1,1,1,32.0,0,Unicorn_Absent,-1,-1.0,8,Unicorn_Absent,752,32.0,28,1.0,64,0.0,1.0,OUT,32.0,1.0,0.0,0.0,OUT
0,6577378287,33,782877,Absent,28,1,1,1,1,1,1,1,1,1,0,0,0,0,0,0,1,1,0,0,0,0,0,0,1,1,0,0,0,0,0,0,1,1,0,0,0,0,0,0,1,1,0,0,0,0,0,0,1,1,0,0,0,0,0,0,1,1,1,1,1,1,1,1,1,32.0,0,Unicorn_Absent,-1,-1.0,8,Unicorn_Absent,784,32.0,28,1.0,64,0.0,1.0,OUT,32.0,1.0,0.0,0.0,OUT
0,6577378287,34,782877,Absent,28,1,1,1,1,1,1,1,1,1,0,0,0,0,0,0,1,1,0,0,0,0,0,0,1,1,0,0,0,0,0,0,1,1,0,0,0,0,0,0,1,1,0,0,0,0,0,0,1,1,0,0,0,0,0,0,1,1,1,1,1,1,1,1,1,32.0,0,Unicorn_Absent,-1,-1.0,8,Unicorn_Absent,816,18.0,28,1.0,64,0.0,1.0,OUT,32.0,1.0,0.0,0.0,OUT
0,6577378287,35,782877,Absent,28,1,1,1,1,1,1,1,1,1,0,0,0,0,0,0,1,1,0,0,0,0,0,0,1,1,0,0,0,0,0,0,1,1,0,0,0,0,0,0,1,1,0,0,0,0,0,0,1,1,0,0,0,0,0,0,1,1,1,1,1,1,1,1,1,18.0,14,Unicorn_Absent,-1,-1.0,8,Unicorn_Absent,834,4.0,28,1.0,45,0.6599999999999999,0.484375,OUT,32.0,1.0,0.0,0.0,OUT
0,6577378287,36,782877,Absent,28,1,1,1,1,1,1,1,1,1,0,0,0,0,0,0,1,1,0,0,0,0,0,0,1,1,0,0,0,0,0,0,1,1,0,0,0,0,0,0,1,1,0,0,0,0,0,0,1,1,0,0,0,0,0,0,1,1,1,1,1,1,1,1,1,4.0,28,Unicorn_Absent,-1,-1.0,8,Unicorn_Absent,838,18.0,28,1.0,28,0.6888888888888889,0.0,OUT,18.0,1.0,14.0,0.6599999999999999,OUT
0,6577378287,41,782877,Absent,0,0,0,0,0,0,0,0,0,0,0,0,0,0,0,0,0,0,0,0,0,0,0,0,0,0,0,0,0,0,0,0,0,0,0,0,0,0,0,0,0,0,0,0,0,0,0,0,0,0,0,0,0,0,0,0,0,0,0,0,0,0,0,0,0,32.0,0,Unicorn_Absent,-1,-1.0,2,Unicorn_Absent,874,32.0,0,1.0,32,0.696969696969697,0.5,NOTHING,32.0,1.0,0.0,0.13157894736842105,NOTHING
0,6577378287,42,782877,Absent,0,0,0,0,0,0,0,0,0,0,0,0,0,0,0,0,0,0,0,0,0,0,0,0,0,0,0,0,0,0,0,0,0,0,0,0,0,0,0,0,0,0,0,0,0,0,0,0,0,0,0,0,0,0,0,0,0,0,0,0,0,0,0,0,0,32.0,0,Unicorn_Absent,-1,-1.0,2,Unicorn_Absent,906,32.0,0,1.0,32,0.0,0.5,NOTHING,32.0,1.0,0.0,0.696969696969697,NOTHING
0,6577378287,43,782877,Absent,0,0,0,0,0,0,0,0,0,0,0,0,0,0,0,0,0,0,0,0,0,0,0,0,0,0,0,0,0,0,0,0,0,0,0,0,0,0,0,0,0,0,0,0,0,0,0,0,0,0,0,0,0,0,0,0,0,0,0,0,0,0,0,0,0,32.0,0,Unicorn_Absent,-1,-1.0,2,Unicorn_Absent,938,32.0,0,1.0,32,0.0,0.5,NOTHING,32.0,1.0,0.0,0.0,NOTHING
0,6577378287,44,782877,Absent,0,0,0,0,0,0,0,0,0,0,0,0,0,0,0,0,0,0,0,0,0,0,0,0,0,0,0,0,0,0,0,0,0,0,0,0,0,0,0,0,0,0,0,0,0,0,0,0,0,0,0,0,0,0,0,0,0,0,0,0,0,0,0,0,0,32.0,0,Unicorn_Absent,-1,-1.0,2,Unicorn_Absent,970,32.0,0,1.0,32,0.0,0.5,NOTHING,32.0,1.0,0.0,0.0,NOTHING
0,6577378287,52,782877,Absent,64,1,1,1,1,1,1,1,1,1,1,1,1,1,1,1,1,1,1,1,1,1,1,1,1,1,1,1,1,1,1,1,1,1,1,1,1,1,1,1,1,1,1,1,1,1,1,1,1,1,1,1,1,1,1,1,1,1,1,1,1,1,1,1,1,32.0,0,Unicorn_Absent,-1,-1.0,1,Unicorn_Absent,1130,32.0,64,1.0,64,0.0,1.0,ALL,32.0,1.0,0.0,0.0,ALL
0,6577378287,56,782877,Absent,64,1,1,1,1,1,1,1,1,1,1,1,1,1,1,1,1,1,1,1,1,1,1,1,1,1,1,1,1,1,1,1,1,1,1,1,1,1,1,1,1,1,1,1,1,1,1,1,1,1,1,1,1,1,1,1,1,1,1,1,1,1,1,1,1,0.0,32,Unicorn_Absent,-1,-1.0,1,Unicorn_Absent,1059,-32.0,64,1.0,64,1.0,0.5,ALL,32.0,1.0,0.0,0.0,ALL
0,6577378287,59,782877,Absent,32,1,1,1,1,0,0,0,0,1,1,1,1,0,0,0,0,1,1,1,1,0,0,0,0,1,1,1,1,0,0,0,0,1,1,1,1,0,0,0,0,1,1,1,1,0,0,0,0,1,1,1,1,0,0,0,0,1,1,1,1,0,0,0,0,32.0,0,Unicorn_Absent,-1,-1.0,5,Unicorn_Absent,1091,32.0,32,0.5,64,0.0,1.0,LEFT,-32.0,1.0,64.0,0.5,LEFT
0,6860147187,1,471870,Absent,29,0,1,0,0,0,1,1,1,0,0,0,1,0,0,1,1,0,0,1,0,0,1,1,0,0,0,0,1,1,0,0,1,1,0,0,0,1,1,0,1,0,0,1,1,1,1,1,0,0,1,0,0,0,1,1,1,0,1,0,0,1,0,1,0,11.0,21,Unicorn_Absent,-1,-1.0,0,Unicorn_Absent,11,32.0,29,,51,,0.46875,RS,,0.0,,,NOTHING
0,6860147187,2,471870,Absent,0,0,0,0,0,0,0,0,0,0,0,0,0,0,0,0,0,0,0,0,0,0,0,0,0,0,0,0,0,0,0,0,0,0,0,0,0,0,0,0,0,0,0,0,0,0,0,0,0,0,0,0,0,0,0,0,0,0,0,0,0,0,0,0,0,32.0,0,Unicorn_Absent,-1,-1.0,2,Unicorn_Absent,43,32.0,0,0.0,0,0.0,0.0,NOTHING,11.0,1.0,21.0,,NOTHING
0,6860147187,7,471870,Absent,28,1,1,1,1,1,1,1,1,1,0,0,0,0,0,0,1,1,0,0,0,0,0,0,1,1,0,0,0,0,0,0,1,1,0,0,0,0,0,0,1,1,0,0,0,0,0,0,1,1,0,0,0,0,0,0,1,1,1,1,1,1,1,1,1,18.0,14,Unicorn_Absent,-1,-1.0,8,Unicorn_Absent,77,18.0,28,0.0,46,0.0,0.5,OUT,32.0,1.0,0.0,0.0,OUT
0,6860147187,18,471870,Absent,32,1,1,1,1,0,0,0,0,1,1,1,1,0,0,0,0,1,1,1,1,0,0,0,0,1,1,1,1,0,0,0,0,1,1,1,1,0,0,0,0,1,1,1,1,0,0,0,0,1,1,1,1,0,0,0,0,1,1,1,1,0,0,0,0,32.0,0,Unicorn_Absent,-1,-1.0,5,Unicorn_Absent,165,32.0,32,0.3333333333333333,64,0.0,1.0,LEFT,32.0,1.0,0.0,0.19565217391304346,LEFT
0,6860147187,22,471870,Absent,32,1,1,1,1,0,0,0,0,1,1,1,1,0,0,0,0,1,1,1,1,0,0,0,0,1,1,1,1,0,0,0,0,1,1,1,1,0,0,0,0,1,1,1,1,0,0,0,0,1,1,1,1,0,0,0,0,1,1,1,1,0,0,0,0,32.0,0,Unicorn_Absent,-1,-1.0,5,Unicorn_Absent,293,32.0,32,1.0,64,0.0,1.0,LEFT,32.0,1.0,0.0,0.0,LEFT
0,6860147187,23,471870,Absent,32,1,1,1,1,0,0,0,0,1,1,1,1,0,0,0,0,1,1,1,1,0,0,0,0,1,1,1,1,0,0,0,0,1,1,1,1,0,0,0,0,1,1,1,1,0,0,0,0,1,1,1,1,0,0,0,0,1,1,1,1,0,0,0,0,32.0,0,Unicorn_Absent,-1,-1.0,5,Unicorn_Absent,325,32.0,32,1.0,64,0.0,1.0,LEFT,32.0,1.0,0.0,0.0,LEFT
0,6860147187,30,471870,Absent,64,1,1,1,1,1,1,1,1,1,1,1,1,1,1,1,1,1,1,1,1,1,1,1,1,1,1,1,1,1,1,1,1,1,1,1,1,1,1,1,1,1,1,1,1,1,1,1,1,1,1,1,1,1,1,1,1,1,1,1,1,1,1,1,1,0.0,32,Unicorn_Absent,-1,-1.0,1,Unicorn_Absent,349,16.0,64,0.5,64,0.16666666666666669,0.5,ALL,32.0,0.5,0.0,0.0,BOTTOM
0,6860147187,43,471870,Absent,36,0,0,0,0,0,0,0,0,0,1,1,1,1,1,1,0,0,1,1,1,1,1,1,0,0,1,1,1,1,1,1,0,0,1,1,1,1,1,1,0,0,1,1,1,1,1,1,0,0,1,1,1,1,1,1,0,0,0,0,0,0,0,0,0,14.0,18,Unicorn_Absent,-1,-1.0,7,Unicorn_Absent,293,14.0,36,0.36,50,0.055652173913043446,0.5,IN,18.0,1.0,14.0,0.13315217391304346,IN
0,6860147187,46,471870,Absent,36,0,0,0,0,0,0,0,0,0,1,1,1,1,1,1,0,0,1,1,1,1,1,1,0,0,1,1,1,1,1,1,0,0,1,1,1,1,1,1,0,0,1,1,1,1,1,1,0,0,1,1,1,1,1,1,0,0,0,0,0,0,0,0,0,14.0,18,Unicorn_Absent,-1,-1.0,7,Unicorn_Absent,353,14.0,36,1.0,50,0.0,0.5,IN,14.0,1.0,18.0,0.0,IN
0,6860147187,49,471870,Absent,36,0,0,0,0,0,0,0,0,0,1,1,1,1,1,1,0,0,1,1,1,1,1,1,0,0,1,1,1,1,1,1,0,0,1,1,1,1,1,1,0,0,1,1,1,1,1,1,0,0,1,1,1,1,1,1,0,0,0,0,0,0,0,0,0,14.0,18,Unicorn_Absent,-1,-1.0,7,Unicorn_Absent,407,14.0,36,1.0,50,0.0,0.5,IN,14.0,1.0,18.0,0.0,IN
0,6860147187,50,471870,Absent,36,0,0,0,0,0,0,0,0,0,1,1,1,1,1,1,0,0,1,1,1,1,1,1,0,0,1,1,1,1,1,1,0,0,1,1,1,1,1,1,0,0,1,1,1,1,1,1,0,0,1,1,1,1,1,1,0,0,0,0,0,0,0,0,0,14.0,18,Unicorn_Absent,-1,-1.0,7,Unicorn_Absent,421,14.0,36,1.0,50,0.0,0.5,IN,14.0,1.0,18.0,0.0,IN
0,6860147187,51,471870,Absent,36,0,0,0,0,0,0,0,0,0,1,1,1,1,1,1,0,0,1,1,1,1,1,1,0,0,1,1,1,1,1,1,0,0,1,1,1,1,1,1,0,0,1,1,1,1,1,1,0,0,1,1,1,1,1,1,0,0,0,0,0,0,0,0,0,14.0,18,Unicorn_Absent,-1,-1.0,7,Unicorn_Absent,435,14.0,36,1.0,50,0.0,0.5,IN,14.0,1.0,18.0,0.0,IN
0,6860147187,52,471870,Absent,36,0,0,0,0,0,0,0,0,0,1,1,1,1,1,1,0,0,1,1,1,1,1,1,0,0,1,1,1,1,1,1,0,0,1,1,1,1,1,1,0,0,1,1,1,1,1,1,0,0,1,1,1,1,1,1,0,0,0,0,0,0,0,0,0,14.0,18,Unicorn_Absent,-1,-1.0,7,Unicorn_Absent,449,14.0,36,1.0,50,0.0,0.5,IN,14.0,1.0,18.0,0.0,IN
0,6860147187,53,471870,Absent,36,0,0,0,0,0,0,0,0,0,1,1,1,1,1,1,0,0,1,1,1,1,1,1,0,0,1,1,1,1,1,1,0,0,1,1,1,1,1,1,0,0,1,1,1,1,1,1,0,0,1,1,1,1,1,1,0,0,0,0,0,0,0,0,0,14.0,18,Unicorn_Absent,-1,-1.0,7,Unicorn_Absent,463,21.0,36,1.0,50,0.0,0.5,IN,14.0,0.19148936170212766,18.0,0.0,RS
0,6860147187,54,471870,Absent,20,1,1,0,0,1,1,0,1,0,0,0,0,0,0,0,1,0,0,0,0,0,0,0,0,0,1,0,0,1,1,1,1,0,1,1,0,0,0,1,0,0,0,1,0,0,1,0,1,1,0,0,0,0,0,0,0,0,1,0,0,0,0,1,0,21.0,11,Unicorn_Absent,-1,-1.0,0,Unicorn_Absent,484,0.0,20,0.19148936170212766,41,0.8085106382978724,0.46875,RS,14.0,0.3125,18.0,0.0,ALL
0,6860147187,55,471870,Absent,64,1,1,1,1,1,1,1,1,1,1,1,1,1,1,1,1,1,1,1,1,1,1,1,1,1,1,1,1,1,1,1,1,1,1,1,1,1,1,1,1,1,1,1,1,1,1,1,1,1,1,1,1,1,1,1,1,1,1,1,1,1,1,1,1,0.0,32,Unicorn_Absent,-1,-1.0,1,Unicorn_Absent,484,22.0,64,0.3125,64,0.6875,0.5,ALL,21.0,0.5,11.0,0.8085106382978724,LEFT
0,6860147187,56,471870,Absent,32,1,1,1,1,0,0,0,0,1,1,1,1,0,0,0,0,1,1,1,1,0,0,0,0,1,1,1,1,0,0,0,0,1,1,1,1,0,0,0,0,1,1,1,1,0,0,0,0,1,1,1,1,0,0,0,0,1,1,1,1,0,0,0,0,22.0,10,Unicorn_Absent,-1,-1.0,5,Unicorn_Absent,506,18.0,32,0.5,47,0.20454545454545453,0.578125,LEFT,0.0,1.0,32.0,0.6875,LEFT
0,6860147187,57,471870,Absent,32,1,1,1,1,0,0,0,0,1,1,1,1,0,0,0,0,1,1,1,1,0,0,0,0,1,1,1,1,0,0,0,0,1,1,1,1,0,0,0,0,1,1,1,1,0,0,0,0,1,1,1,1,0,0,0,0,1,1,1,1,0,0,0,0,18.0,14,Unicorn_Absent,-1,-1.0,5,Unicorn_Absent,524,18.0,32,1.0,46,0.7674418604651163,0.5,LEFT,22.0,1.0,10.0,0.20454545454545453,LEFT
0,6860147187,1,686012,Absent,43,1,0,0,0,1,1,1,1,1,0,1,1,0,0,0,1,1,0,1,0,1,1,0,1,1,0,1,0,1,1,1,0,1,0,0,1,1,0,1,1,0,1,1,0,1,1,1,1,0,0,1,1,1,1,1,1,1,1,1,0,1,1,1,1,11.0,21,Unicorn_Absent,-1,-1.0,0,Unicorn_Absent,11,32.0,43,,51,,0.46875,RS,,0.0,,,NOTHING
0,6860147187,2,686012,Absent,0,0,0,0,0,0,0,0,0,0,0,0,0,0,0,0,0,0,0,0,0,0,0,0,0,0,0,0,0,0,0,0,0,0,0,0,0,0,0,0,0,0,0,0,0,0,0,0,0,0,0,0,0,0,0,0,0,0,0,0,0,0,0,0,0,32.0,0,Unicorn_Absent,-1,-1.0,2,Unicorn_Absent,43,32.0,0,0.0,0,0.0,0.0,NOTHING,11.0,1.0,21.0,,NOTHING
0,6860147187,7,686012,Absent,32,1,1,1,1,0,0,0,0,1,1,1,1,0,0,0,0,1,1,1,1,0,0,0,0,1,1,1,1,0,0,0,0,1,1,1,1,0,0,0,0,1,1,1,1,0,0,0,0,1,1,1,1,0,0,0,0,1,1,1,1,0,0,0,0,18.0,14,Unicorn_Absent,-1,-1.0,5,Unicorn_Absent,77,18.0,32,0.0,46,0.0,0.5,LEFT,32.0,1.0,0.0,0.0,LEFT
0,6860147187,18,686012,Absent,32,0,0,0,0,1,1,1,1,0,0,0,0,1,1,1,1,0,0,0,0,1,1,1,1,0,0,0,0,1,1,1,1,0,0,0,0,1,1,1,1,0,0,0,0,1,1,1,1,0,0,0,0,1,1,1,1,0,0,0,0,1,1,1,1,32.0,0,Unicorn_Absent,-1,-1.0,6,Unicorn_Absent,165,32.0,32,0.3333333333333333,64,0.0,1.0,RIGHT,32.0,1.0,0.0,0.19565217391304346,RIGHT
0,6860147187,22,686012,Absent,32,0,0,0,0,1,1,1,1,0,0,0,0,1,1,1,1,0,0,0,0,1,1,1,1,0,0,0,0,1,1,1,1,0,0,0,0,1,1,1,1,0,0,0,0,1,1,1,1,0,0,0,0,1,1,1,1,0,0,0,0,1,1,1,1,32.0,0,Unicorn_Absent,-1,-1.0,6,Unicorn_Absent,293,32.0,32,1.0,64,0.0,1.0,RIGHT,32.0,1.0,0.0,0.0,RIGHT
0,6860147187,23,686012,Absent,32,0,0,0,0,1,1,1,1,0,0,0,0,1,1,1,1,0,0,0,0,1,1,1,1,0,0,0,0,1,1,1,1,0,0,0,0,1,1,1,1,0,0,0,0,1,1,1,1,0,0,0,0,1,1,1,1,0,0,0,0,1,1,1,1,32.0,0,Unicorn_Absent,-1,-1.0,6,Unicorn_Absent,325,32.0,32,1.0,64,0.0,1.0,RIGHT,32.0,1.0,0.0,0.0,RIGHT
0,6860147187,30,686012,Absent,32,1,1,1,1,1,1,1,1,1,1,1,1,1,1,1,1,1,1,1,1,1,1,1,1,1,1,1,1,1,1,1,1,0,0,0,0,0,0,0,0,0,0,0,0,0,0,0,0,0,0,0,0,0,0,0,0,0,0,0,0,0,0,0,0,0.0,32,Unicorn_Absent,-1,-1.0,4,Unicorn_Absent,349,16.0,32,0.3333333333333333,64,0.16666666666666669,0.5,TOP,32.0,0.3333333333333333,0.0,0.0,LEFT
0,6860147187,43,686012,Absent,32,1,1,1,1,1,1,1,1,1,1,1,1,1,1,1,1,1,1,1,1,1,1,1,1,1,1,1,1,1,1,1,1,0,0,0,0,0,0,0,0,0,0,0,0,0,0,0,0,0,0,0,0,0,0,0,0,0,0,0,0,0,0,0,0,14.0,18,Unicorn_Absent,-1,-1.0,4,Unicorn_Absent,293,14.0,32,0.30434782608695654,50,0.055652173913043446,0.5,TOP,18.0,1.0,14.0,0.13315217391304346,TOP
0,6860147187,46,686012,Absent,32,1,1,1,1,1,1,1,1,1,1,1,1,1,1,1,1,1,1,1,1,1,1,1,1,1,1,1,1,1,1,1,1,0,0,0,0,0,0,0,0,0,0,0,0,0,0,0,0,0,0,0,0,0,0,0,0,0,0,0,0,0,0,0,0,14.0,18,Unicorn_Absent,-1,-1.0,4,Unicorn_Absent,353,14.0,32,1.0,50,0.0,0.5,TOP,14.0,1.0,18.0,0.0,TOP
0,6860147187,49,686012,Absent,32,1,1,1,1,1,1,1,1,1,1,1,1,1,1,1,1,1,1,1,1,1,1,1,1,1,1,1,1,1,1,1,1,0,0,0,0,0,0,0,0,0,0,0,0,0,0,0,0,0,0,0,0,0,0,0,0,0,0,0,0,0,0,0,0,14.0,18,Unicorn_Absent,-1,-1.0,4,Unicorn_Absent,407,14.0,32,1.0,50,0.0,0.5,TOP,14.0,1.0,18.0,0.0,TOP
0,6860147187,50,686012,Absent,32,1,1,1,1,1,1,1,1,1,1,1,1,1,1,1,1,1,1,1,1,1,1,1,1,1,1,1,1,1,1,1,1,0,0,0,0,0,0,0,0,0,0,0,0,0,0,0,0,0,0,0,0,0,0,0,0,0,0,0,0,0,0,0,0,14.0,18,Unicorn_Absent,-1,-1.0,4,Unicorn_Absent,421,14.0,32,1.0,50,0.0,0.5,TOP,14.0,1.0,18.0,0.0,TOP
0,6860147187,51,686012,Absent,32,1,1,1,1,1,1,1,1,1,1,1,1,1,1,1,1,1,1,1,1,1,1,1,1,1,1,1,1,1,1,1,1,0,0,0,0,0,0,0,0,0,0,0,0,0,0,0,0,0,0,0,0,0,0,0,0,0,0,0,0,0,0,0,0,14.0,18,Unicorn_Absent,-1,-1.0,4,Unicorn_Absent,435,14.0,32,1.0,50,0.0,0.5,TOP,14.0,1.0,18.0,0.0,TOP
0,6860147187,52,686012,Absent,32,1,1,1,1,1,1,1,1,1,1,1,1,1,1,1,1,1,1,1,1,1,1,1,1,1,1,1,1,1,1,1,1,0,0,0,0,0,0,0,0,0,0,0,0,0,0,0,0,0,0,0,0,0,0,0,0,0,0,0,0,0,0,0,0,14.0,18,Unicorn_Absent,-1,-1.0,4,Unicorn_Absent,449,14.0,32,1.0,50,0.0,0.5,TOP,14.0,1.0,18.0,0.0,TOP
0,6860147187,53,686012,Absent,32,1,1,1,1,1,1,1,1,1,1,1,1,1,1,1,1,1,1,1,1,1,1,1,1,1,1,1,1,1,1,1,1,0,0,0,0,0,0,0,0,0,0,0,0,0,0,0,0,0,0,0,0,0,0,0,0,0,0,0,0,0,0,0,0,14.0,18,Unicorn_Absent,-1,-1.0,4,Unicorn_Absent,463,21.0,32,1.0,50,0.0,0.5,TOP,14.0,1.0,18.0,0.0,TOP
0,6860147187,54,686012,Absent,32,1,1,1,1,1,1,1,1,1,1,1,1,1,1,1,1,1,1,1,1,1,1,1,1,1,1,1,1,1,1,1,1,0,0,0,0,0,0,0,0,0,0,0,0,0,0,0,0,0,0,0,0,0,0,0,0,0,0,0,0,0,0,0,0,21.0,11,Unicorn_Absent,-1,-1.0,4,Unicorn_Absent,484,0.0,32,1.0,41,0.8085106382978724,0.46875,TOP,14.0,1.0,18.0,0.0,TOP
0,6860147187,55,686012,Absent,32,1,1,1,1,1,1,1,1,1,1,1,1,1,1,1,1,1,1,1,1,1,1,1,1,1,1,1,1,1,1,1,1,0,0,0,0,0,0,0,0,0,0,0,0,0,0,0,0,0,0,0,0,0,0,0,0,0,0,0,0,0,0,0,0,0.0,32,Unicorn_Absent,-1,-1.0,4,Unicorn_Absent,484,22.0,32,1.0,64,0.6875,0.5,TOP,21.0,0.29545454545454547,11.0,0.8085106382978724,RS
0,6860147187,56,686012,Absent,25,1,1,0,1,1,1,0,0,0,1,0,0,0,0,0,0,0,0,0,1,1,1,1,0,0,0,1,1,1,0,0,0,0,0,0,1,1,0,0,1,0,1,1,0,1,0,1,0,0,0,0,0,1,0,0,1,0,0,0,0,1,1,1,0,22.0,10,Unicorn_Absent,-1,-1.0,0,Unicorn_Absent,506,18.0,25,0.29545454545454547,47,0.20454545454545453,0.578125,RS,0.0,0.23255813953488372,32.0,0.6875,OUT
0,6860147187,57,686012,Absent,28,1,1,1,1,1,1,1,1,1,0,0,0,0,0,0,1,1,0,0,0,0,0,0,1,1,0,0,0,0,0,0,1,1,0,0,0,0,0,0,1,1,0,0,0,0,0,0,1,1,0,0,0,0,0,0,1,1,1,1,1,1,1,1,1,18.0,14,Unicorn_Absent,-1,-1.0,8,Unicorn_Absent,524,18.0,28,0.23255813953488372,46,0.7674418604651163,0.5,OUT,22.0,1.0,10.0,0.20454545454545453,OUT
0,7084577699,4,708450,Absent,64,1,1,1,1,1,1,1,1,1,1,1,1,1,1,1,1,1,1,1,1,1,1,1,1,1,1,1,1,1,1,1,1,1,1,1,1,1,1,1,1,1,1,1,1,1,1,1,1,1,1,1,1,1,1,1,1,1,1,1,1,1,1,1,1,0.0,32,Unicorn_Absent,-1,-1.0,1,Unicorn_Absent,-40,14.0,64,0.5,64,0.17272727272727273,0.5,ALL,9.0,0.5,23.0,,LEFT
0,7084577699,8,708450,Absent,32,1,1,1,1,0,0,0,0,1,1,1,1,0,0,0,0,1,1,1,1,0,0,0,0,1,1,1,1,0,0,0,0,1,1,1,1,0,0,0,0,1,1,1,1,0,0,0,0,1,1,1,1,0,0,0,0,1,1,1,1,0,0,0,0,14.0,18,Unicorn_Absent,-1,-1.0,5,Unicorn_Absent,43,14.0,32,1.0,50,0.0,0.5,LEFT,14.0,1.0,18.0,0.14,LEFT
0,7084577699,12,708450,Absent,32,1,1,1,1,0,0,0,0,1,1,1,1,0,0,0,0,1,1,1,1,0,0,0,0,1,1,1,1,0,0,0,0,1,1,1,1,0,0,0,0,1,1,1,1,0,0,0,0,1,1,1,1,0,0,0,0,1,1,1,1,0,0,0,0,32.0,0,Unicorn_Absent,-1,-1.0,5,Unicorn_Absent,120,32.0,32,1.0,64,0.64,1.0,LEFT,14.0,1.0,18.0,0.0,LEFT
0,7084577699,13,708450,Absent,32,1,1,1,1,0,0,0,0,1,1,1,1,0,0,0,0,1,1,1,1,0,0,0,0,1,1,1,1,0,0,0,0,1,1,1,1,0,0,0,0,1,1,1,1,0,0,0,0,1,1,1,1,0,0,0,0,1,1,1,1,0,0,0,0,32.0,0,Unicorn_Absent,-1,-1.0,5,Unicorn_Absent,152,32.0,32,1.0,64,0.0,1.0,LEFT,32.0,1.0,0.0,0.64,LEFT
0,7084577699,14,708450,Absent,32,1,1,1,1,0,0,0,0,1,1,1,1,0,0,0,0,1,1,1,1,0,0,0,0,1,1,1,1,0,0,0,0,1,1,1,1,0,0,0,0,1,1,1,1,0,0,0,0,1,1,1,1,0,0,0,0,1,1,1,1,0,0,0,0,32.0,0,Unicorn_Absent,-1,-1.0,5,Unicorn_Absent,184,32.0,32,1.0,64,0.0,1.0,LEFT,32.0,1.0,0.0,0.0,LEFT
0,7084577699,15,708450,Absent,32,1,1,1,1,0,0,0,0,1,1,1,1,0,0,0,0,1,1,1,1,0,0,0,0,1,1,1,1,0,0,0,0,1,1,1,1,0,0,0,0,1,1,1,1,0,0,0,0,1,1,1,1,0,0,0,0,1,1,1,1,0,0,0,0,32.0,0,Unicorn_Absent,-1,-1.0,5,Unicorn_Absent,216,16.0,32,1.0,64,0.0,1.0,LEFT,32.0,1.0,0.0,0.0,LEFT
0,7084577699,16,708450,Absent,32,1,1,1,1,0,0,0,0,1,1,1,1,0,0,0,0,1,1,1,1,0,0,0,0,1,1,1,1,0,0,0,0,1,1,1,1,0,0,0,0,1,1,1,1,0,0,0,0,1,1,1,1,0,0,0,0,1,1,1,1,0,0,0,0,16.0,16,Unicorn_Absent,-1,-1.0,5,Unicorn_Absent,232,12.0,32,1.0,48,0.6666666666666667,0.5,LEFT,32.0,1.0,0.0,0.0,LEFT
0,7084577699,19,708450,Absent,32,1,1,1,1,1,1,1,1,1,1,1,1,1,1,1,1,1,1,1,1,1,1,1,1,1,1,1,1,1,1,1,1,0,0,0,0,0,0,0,0,0,0,0,0,0,0,0,0,0,0,0,0,0,0,0,0,0,0,0,0,0,0,0,0,32.0,0,Unicorn_Absent,-1,-1.0,4,Unicorn_Absent,180,32.0,32,0.3333333333333333,64,0.024242424242424232,1.0,TOP,12.0,1.0,20.0,0.5306122448979591,TOP
0,7084577699,20,708450,Absent,32,1,1,1,1,1,1,1,1,1,1,1,1,1,1,1,1,1,1,1,1,1,1,1,1,1,1,1,1,1,1,1,1,0,0,0,0,0,0,0,0,0,0,0,0,0,0,0,0,0,0,0,0,0,0,0,0,0,0,0,0,0,0,0,0,32.0,0,Unicorn_Absent,-1,-1.0,4,Unicorn_Absent,212,32.0,32,1.0,64,0.0,1.0,TOP,32.0,1.0,0.0,0.024242424242424232,TOP
0,7084577699,34,708450,Absent,28,1,1,1,1,1,1,1,1,1,0,0,0,0,0,0,1,1,0,0,0,0,0,0,1,1,0,0,0,0,0,0,1,1,0,0,0,0,0,0,1,1,0,0,0,0,0,0,1,1,0,0,0,0,0,0,1,1,1,1,1,1,1,1,1,18.0,14,Unicorn_Absent,-1,-1.0,8,Unicorn_Absent,618,18.0,28,0.30434782608695654,46,0.6956521739130435,0.5,OUT,32.0,1.0,0.0,0.0,OUT
0,7084577699,35,708450,Absent,28,1,1,1,1,1,1,1,1,1,0,0,0,0,0,0,1,1,0,0,0,0,0,0,1,1,0,0,0,0,0,0,1,1,0,0,0,0,0,0,1,1,0,0,0,0,0,0,1,1,0,0,0,0,0,0,1,1,1,1,1,1,1,1,1,18.0,14,Unicorn_Absent,-1,-1.0,8,Unicorn_Absent,636,18.0,28,1.0,46,0.0,0.5,OUT,18.0,1.0,14.0,0.6956521739130435,OUT
0,7084577699,36,708450,Absent,28,1,1,1,1,1,1,1,1,1,0,0,0,0,0,0,1,1,0,0,0,0,0,0,1,1,0,0,0,0,0,0,1,1,0,0,0,0,0,0,1,1,0,0,0,0,0,0,1,1,0,0,0,0,0,0,1,1,1,1,1,1,1,1,1,18.0,14,Unicorn_Absent,-1,-1.0,8,Unicorn_Absent,654,18.0,28,1.0,46,0.0,0.5,OUT,18.0,1.0,14.0,0.0,OUT
0,7084577699,39,708450,Absent,32,0,0,0,0,1,1,1,1,0,0,0,0,1,1,1,1,0,0,0,0,1,1,1,1,0,0,0,0,1,1,1,1,0,0,0,0,1,1,1,1,0,0,0,0,1,1,1,1,0,0,0,0,1,1,1,1,0,0,0,0,1,1,1,1,32.0,0,Unicorn_Absent,-1,-1.0,6,Unicorn_Absent,626,32.0,32,0.30434782608695654,32,0.30434782608695654,0.5,RIGHT,18.0,1.0,14.0,0.0,RIGHT
0,7084577699,40,708450,Absent,32,0,0,0,0,1,1,1,1,0,0,0,0,1,1,1,1,0,0,0,0,1,1,1,1,0,0,0,0,1,1,1,1,0,0,0,0,1,1,1,1,0,0,0,0,1,1,1,1,0,0,0,0,1,1,1,1,0,0,0,0,1,1,1,1,32.0,0,Unicorn_Absent,-1,-1.0,6,Unicorn_Absent,658,32.0,32,1.0,32,0.0,0.5,RIGHT,32.0,1.0,0.0,0.30434782608695654,RIGHT
0,7084577699,41,708450,Absent,32,0,0,0,0,1,1,1,1,0,0,0,0,1,1,1,1,0,0,0,0,1,1,1,1,0,0,0,0,1,1,1,1,0,0,0,0,1,1,1,1,0,0,0,0,1,1,1,1,0,0,0,0,1,1,1,1,0,0,0,0,1,1,1,1,32.0,0,Unicorn_Absent,-1,-1.0,6,Unicorn_Absent,690,32.0,32,1.0,32,0.0,0.5,RIGHT,32.0,1.0,0.0,0.0,RIGHT
0,7084577699,45,708450,Absent,64,1,1,1,1,1,1,1,1,1,1,1,1,1,1,1,1,1,1,1,1,1,1,1,1,1,1,1,1,1,1,1,1,1,1,1,1,1,1,1,1,1,1,1,1,1,1,1,1,1,1,1,1,1,1,1,1,1,1,1,1,1,1,1,1,0.0,32,Unicorn_Absent,-1,-1.0,1,Unicorn_Absent,678,32.0,64,0.5,64,0.5,0.5,ALL,32.0,0.4375,0.0,0.0,OUT
0,7084577699,46,708450,Absent,28,1,1,1,1,1,1,1,1,1,0,0,0,0,0,0,1,1,0,0,0,0,0,0,1,1,0,0,0,0,0,0,1,1,0,0,0,0,0,0,1,1,0,0,0,0,0,0,1,1,0,0,0,0,0,0,1,1,1,1,1,1,1,1,1,32.0,0,Unicorn_Absent,-1,-1.0,8,Unicorn_Absent,710,32.0,28,0.4375,28,0.4375,0.4375,OUT,0.0,1.0,32.0,0.5,OUT
0,7084577699,52,708450,Absent,32,0,0,0,0,1,1,1,1,0,0,0,0,1,1,1,1,0,0,0,0,1,1,1,1,0,0,0,0,1,1,1,1,0,0,0,0,1,1,1,1,0,0,0,0,1,1,1,1,0,0,0,0,1,1,1,1,0,0,0,0,1,1,1,1,32.0,0,Unicorn_Absent,-1,-1.0,6,Unicorn_Absent,806,32.0,32,0.30434782608695654,32,0.6956521739130435,0.5,RIGHT,32.0,1.0,0.0,0.0,RIGHT
0,7084577699,55,708450,Absent,64,1,1,1,1,1,1,1,1,1,1,1,1,1,1,1,1,1,1,1,1,1,1,1,1,1,1,1,1,1,1,1,1,1,1,1,1,1,1,1,1,1,1,1,1,1,1,1,1,1,1,1,1,1,1,1,1,1,1,1,1,1,1,1,1,32.0,0,Unicorn_Absent,-1,-1.0,1,Unicorn_Absent,902,32.0,64,0.5,64,0.5,1.0,ALL,32.0,1.0,0.0,0.0,ALL
0,7084577699,56,708450,Absent,64,1,1,1,1,1,1,1,1,1,1,1,1,1,1,1,1,1,1,1,1,1,1,1,1,1,1,1,1,1,1,1,1,1,1,1,1,1,1,1,1,1,1,1,1,1,1,1,1,1,1,1,1,1,1,1,1,1,1,1,1,1,1,1,1,32.0,0,Unicorn_Absent,-1,-1.0,1,Unicorn_Absent,934,32.0,64,1.0,64,0.0,1.0,ALL,32.0,1.0,0.0,0.5,ALL
0,7084577699,59,708450,Absent,64,1,1,1,1,1,1,1,1,1,1,1,1,1,1,1,1,1,1,1,1,1,1,1,1,1,1,1,1,1,1,1,1,1,1,1,1,1,1,1,1,1,1,1,1,1,1,1,1,1,1,1,1,1,1,1,1,1,1,1,1,1,1,1,1,32.0,0,Unicorn_Absent,-1,-1.0,1,Unicorn_Absent,1030,32.0,64,1.0,64,0.0,1.0,ALL,32.0,1.0,0.0,0.0,ALL
0,7084577699,4,776993,Absent,32,0,0,0,0,1,1,1,1,0,0,0,0,1,1,1,1,0,0,0,0,1,1,1,1,0,0,0,0,1,1,1,1,0,0,0,0,1,1,1,1,0,0,0,0,1,1,1,1,0,0,0,0,1,1,1,1,0,0,0,0,1,1,1,1,0.0,32,Unicorn_Absent,-1,-1.0,6,Unicorn_Absent,-40,14.0,32,0.32727272727272727,64,0.17272727272727273,0.5,RIGHT,9.0,0.36,23.0,,IN
0,7084577699,8,776993,Absent,36,0,0,0,0,0,0,0,0,0,1,1,1,1,1,1,0,0,1,1,1,1,1,1,0,0,1,1,1,1,1,1,0,0,1,1,1,1,1,1,0,0,1,1,1,1,1,1,0,0,1,1,1,1,1,1,0,0,0,0,0,0,0,0,0,14.0,18,Unicorn_Absent,-1,-1.0,7,Unicorn_Absent,43,14.0,36,1.0,50,0.0,0.5,IN,14.0,1.0,18.0,0.14,IN
0,7084577699,12,776993,Absent,32,0,0,0,0,1,1,1,1,0,0,0,0,1,1,1,1,0,0,0,0,1,1,1,1,0,0,0,0,1,1,1,1,0,0,0,0,1,1,1,1,0,0,0,0,1,1,1,1,0,0,0,0,1,1,1,1,0,0,0,0,1,1,1,1,32.0,0,Unicorn_Absent,-1,-1.0,6,Unicorn_Absent,120,32.0,32,0.36,64,0.64,1.0,RIGHT,14.0,1.0,18.0,0.0,RIGHT
0,7084577699,13,776993,Absent,32,0,0,0,0,1,1,1,1,0,0,0,0,1,1,1,1,0,0,0,0,1,1,1,1,0,0,0,0,1,1,1,1,0,0,0,0,1,1,1,1,0,0,0,0,1,1,1,1,0,0,0,0,1,1,1,1,0,0,0,0,1,1,1,1,32.0,0,Unicorn_Absent,-1,-1.0,6,Unicorn_Absent,152,32.0,32,1.0,64,0.0,1.0,RIGHT,32.0,1.0,0.0,0.64,RIGHT
0,7084577699,14,776993,Absent,32,0,0,0,0,1,1,1,1,0,0,0,0,1,1,1,1,0,0,0,0,1,1,1,1,0,0,0,0,1,1,1,1,0,0,0,0,1,1,1,1,0,0,0,0,1,1,1,1,0,0,0,0,1,1,1,1,0,0,0,0,1,1,1,1,32.0,0,Unicorn_Absent,-1,-1.0,6,Unicorn_Absent,184,32.0,32,1.0,64,0.0,1.0,RIGHT,32.0,1.0,0.0,0.0,RIGHT
0,7084577699,15,776993,Absent,32,0,0,0,0,1,1,1,1,0,0,0,0,1,1,1,1,0,0,0,0,1,1,1,1,0,0,0,0,1,1,1,1,0,0,0,0,1,1,1,1,0,0,0,0,1,1,1,1,0,0,0,0,1,1,1,1,0,0,0,0,1,1,1,1,32.0,0,Unicorn_Absent,-1,-1.0,6,Unicorn_Absent,216,16.0,32,1.0,64,0.0,1.0,RIGHT,32.0,0.3333333333333333,0.0,0.0,TOP
0,7084577699,16,776993,Absent,32,1,1,1,1,1,1,1,1,1,1,1,1,1,1,1,1,1,1,1,1,1,1,1,1,1,1,1,1,1,1,1,1,0,0,0,0,0,0,0,0,0,0,0,0,0,0,0,0,0,0,0,0,0,0,0,0,0,0,0,0,0,0,0,0,16.0,16,Unicorn_Absent,-1,-1.0,4,Unicorn_Absent,232,12.0,32,0.3333333333333333,48,0.6666666666666667,0.5,TOP,32.0,0.46938775510204084,0.0,0.0,RS
0,7084577699,19,776993,Absent,32,0,0,0,0,0,0,0,0,0,0,0,0,0,0,0,0,0,0,0,0,0,0,0,0,0,0,0,0,0,0,0,0,1,1,1,1,1,1,1,1,1,1,1,1,1,1,1,1,1,1,1,1,1,1,1,1,1,1,1,1,1,1,1,1,32.0,0,Unicorn_Absent,-1,-1.0,3,Unicorn_Absent,180,32.0,32,0.3090909090909091,64,0.024242424242424232,1.0,BOTTOM,12.0,1.0,20.0,0.5306122448979591,BOTTOM
0,7084577699,20,776993,Absent,32,0,0,0,0,0,0,0,0,0,0,0,0,0,0,0,0,0,0,0,0,0,0,0,0,0,0,0,0,0,0,0,0,1,1,1,1,1,1,1,1,1,1,1,1,1,1,1,1,1,1,1,1,1,1,1,1,1,1,1,1,1,1,1,1,32.0,0,Unicorn_Absent,-1,-1.0,3,Unicorn_Absent,212,32.0,32,1.0,64,0.0,1.0,BOTTOM,32.0,1.0,0.0,0.024242424242424232,BOTTOM
0,7084577699,34,776993,Absent,32,0,0,0,0,0,0,0,0,0,0,0,0,0,0,0,0,0,0,0,0,0,0,0,0,0,0,0,0,0,0,0,0,1,1,1,1,1,1,1,1,1,1,1,1,1,1,1,1,1,1,1,1,1,1,1,1,1,1,1,1,1,1,1,1,18.0,14,Unicorn_Absent,-1,-1.0,3,Unicorn_Absent,618,18.0,32,1.0,46,0.6956521739130435,0.5,BOTTOM,32.0,1.0,0.0,0.0,BOTTOM
0,7084577699,35,776993,Absent,32,0,0,0,0,0,0,0,0,0,0,0,0,0,0,0,0,0,0,0,0,0,0,0,0,0,0,0,0,0,0,0,0,1,1,1,1,1,1,1,1,1,1,1,1,1,1,1,1,1,1,1,1,1,1,1,1,1,1,1,1,1,1,1,1,18.0,14,Unicorn_Absent,-1,-1.0,3,Unicorn_Absent,636,18.0,32,1.0,46,0.0,0.5,BOTTOM,18.0,1.0,14.0,0.6956521739130435,BOTTOM
0,7084577699,36,776993,Absent,32,0,0,0,0,0,0,0,0,0,0,0,0,0,0,0,0,0,0,0,0,0,0,0,0,0,0,0,0,0,0,0,0,1,1,1,1,1,1,1,1,1,1,1,1,1,1,1,1,1,1,1,1,1,1,1,1,1,1,1,1,1,1,1,1,18.0,14,Unicorn_Absent,-1,-1.0,3,Unicorn_Absent,654,18.0,32,1.0,46,0.0,0.5,BOTTOM,18.0,1.0,14.0,0.0,BOTTOM
0,7084577699,39,776993,Absent,0,0,0,0,0,0,0,0,0,0,0,0,0,0,0,0,0,0,0,0,0,0,0,0,0,0,0,0,0,0,0,0,0,0,0,0,0,0,0,0,0,0,0,0,0,0,0,0,0,0,0,0,0,0,0,0,0,0,0,0,0,0,0,0,0,32.0,0,Unicorn_Absent,-1,-1.0,2,Unicorn_Absent,626,32.0,0,0.0,32,0.30434782608695654,0.5,NOTHING,18.0,1.0,14.0,0.0,NOTHING
0,7084577699,40,776993,Absent,0,0,0,0,0,0,0,0,0,0,0,0,0,0,0,0,0,0,0,0,0,0,0,0,0,0,0,0,0,0,0,0,0,0,0,0,0,0,0,0,0,0,0,0,0,0,0,0,0,0,0,0,0,0,0,0,0,0,0,0,0,0,0,0,0,32.0,0,Unicorn_Absent,-1,-1.0,2,Unicorn_Absent,658,32.0,0,1.0,32,0.0,0.5,NOTHING,32.0,1.0,0.0,0.30434782608695654,NOTHING
0,7084577699,41,776993,Absent,0,0,0,0,0,0,0,0,0,0,0,0,0,0,0,0,0,0,0,0,0,0,0,0,0,0,0,0,0,0,0,0,0,0,0,0,0,0,0,0,0,0,0,0,0,0,0,0,0,0,0,0,0,0,0,0,0,0,0,0,0,0,0,0,0,32.0,0,Unicorn_Absent,-1,-1.0,2,Unicorn_Absent,690,32.0,0,1.0,32,0.0,0.5,NOTHING,32.0,1.0,0.0,0.0,NOTHING
0,7084577699,45,776993,Absent,32,0,0,0,0,1,1,1,1,0,0,0,0,1,1,1,1,0,0,0,0,1,1,1,1,0,0,0,0,1,1,1,1,0,0,0,0,1,1,1,1,0,0,0,0,1,1,1,1,0,0,0,0,1,1,1,1,0,0,0,0,1,1,1,1,0.0,32,Unicorn_Absent,-1,-1.0,6,Unicorn_Absent,678,32.0,32,0.0,64,0.5,0.5,RIGHT,32.0,0.0,0.0,0.0,NOTHING
0,7084577699,46,776993,Absent,0,0,0,0,0,0,0,0,0,0,0,0,0,0,0,0,0,0,0,0,0,0,0,0,0,0,0,0,0,0,0,0,0,0,0,0,0,0,0,0,0,0,0,0,0,0,0,0,0,0,0,0,0,0,0,0,0,0,0,0,0,0,0,0,0,32.0,0,Unicorn_Absent,-1,-1.0,2,Unicorn_Absent,710,32.0,0,0.0,28,0.4375,0.4375,NOTHING,0.0,1.0,32.0,0.5,NOTHING
0,7084577699,52,776993,Absent,0,0,0,0,0,0,0,0,0,0,0,0,0,0,0,0,0,0,0,0,0,0,0,0,0,0,0,0,0,0,0,0,0,0,0,0,0,0,0,0,0,0,0,0,0,0,0,0,0,0,0,0,0,0,0,0,0,0,0,0,0,0,0,0,0,32.0,0,Unicorn_Absent,-1,-1.0,2,Unicorn_Absent,806,32.0,0,1.0,32,0.6956521739130435,0.5,NOTHING,32.0,1.0,0.0,0.0,NOTHING
0,7084577699,55,776993,Absent,0,0,0,0,0,0,0,0,0,0,0,0,0,0,0,0,0,0,0,0,0,0,0,0,0,0,0,0,0,0,0,0,0,0,0,0,0,0,0,0,0,0,0,0,0,0,0,0,0,0,0,0,0,0,0,0,0,0,0,0,0,0,0,0,0,32.0,0,Unicorn_Absent,-1,-1.0,2,Unicorn_Absent,902,32.0,0,1.0,64,0.5,1.0,NOTHING,32.0,1.0,0.0,0.0,NOTHING
0,7084577699,56,776993,Absent,0,0,0,0,0,0,0,0,0,0,0,0,0,0,0,0,0,0,0,0,0,0,0,0,0,0,0,0,0,0,0,0,0,0,0,0,0,0,0,0,0,0,0,0,0,0,0,0,0,0,0,0,0,0,0,0,0,0,0,0,0,0,0,0,0,32.0,0,Unicorn_Absent,-1,-1.0,2,Unicorn_Absent,934,32.0,0,1.0,64,0.0,1.0,NOTHING,32.0,1.0,0.0,0.5,NOTHING
0,7084577699,59,776993,Absent,0,0,0,0,0,0,0,0,0,0,0,0,0,0,0,0,0,0,0,0,0,0,0,0,0,0,0,0,0,0,0,0,0,0,0,0,0,0,0,0,0,0,0,0,0,0,0,0,0,0,0,0,0,0,0,0,0,0,0,0,0,0,0,0,0,32.0,0,Unicorn_Absent,-1,-1.0,2,Unicorn_Absent,1030,32.0,0,1.0,64,0.0,1.0,NOTHING,32.0,1.0,0.0,0.0,NOTHING
0,7579764893,7,75797,Absent,32,1,1,1,1,0,0,0,0,1,1,1,1,0,0,0,0,1,1,1,1,0,0,0,0,1,1,1,1,0,0,0,0,1,1,1,1,0,0,0,0,1,1,1,1,0,0,0,0,1,1,1,1,0,0,0,0,1,1,1,1,0,0,0,0,16.0,16,Unicorn_Absent,-1,-1.0,5,Unicorn_Absent,51,16.0,32,0.0,48,0.5,0.5,LEFT,0.0,1.0,32.0,,LEFT
0,7579764893,8,75797,Absent,32,1,1,1,1,0,0,0,0,1,1,1,1,0,0,0,0,1,1,1,1,0,0,0,0,1,1,1,1,0,0,0,0,1,1,1,1,0,0,0,0,1,1,1,1,0,0,0,0,1,1,1,1,0,0,0,0,1,1,1,1,0,0,0,0,16.0,16,Unicorn_Absent,-1,-1.0,5,Unicorn_Absent,67,16.0,32,1.0,48,0.0,0.5,LEFT,16.0,1.0,16.0,0.5,LEFT
0,7579764893,13,75797,Absent,64,1,1,1,1,1,1,1,1,1,1,1,1,1,1,1,1,1,1,1,1,1,1,1,1,1,1,1,1,1,1,1,1,1,1,1,1,1,1,1,1,1,1,1,1,1,1,1,1,1,1,1,1,1,1,1,1,1,1,1,1,1,1,1,1,0.0,32,Unicorn_Absent,-1,-1.0,1,Unicorn_Absent,15,16.0,64,0.5,64,0.0,0.5,ALL,0.0,0.5,32.0,0.5,LEFT
0,7579764893,20,75797,Absent,32,1,1,1,1,1,1,1,1,1,1,1,1,1,1,1,1,1,1,1,1,1,1,1,1,1,1,1,1,1,1,1,1,0,0,0,0,0,0,0,0,0,0,0,0,0,0,0,0,0,0,0,0,0,0,0,0,0,0,0,0,0,0,0,0,32.0,0,Unicorn_Absent,-1,-1.0,4,Unicorn_Absent,107,32.0,32,1.0,64,0.0,1.0,TOP,32.0,1.0,0.0,0.8611111111111112,TOP
0,7579764893,23,75797,Absent,32,1,1,1,1,1,1,1,1,1,1,1,1,1,1,1,1,1,1,1,1,1,1,1,1,1,1,1,1,1,1,1,1,0,0,0,0,0,0,0,0,0,0,0,0,0,0,0,0,0,0,0,0,0,0,0,0,0,0,0,0,0,0,0,0,32.0,0,Unicorn_Absent,-1,-1.0,4,Unicorn_Absent,203,32.0,32,1.0,64,0.0,1.0,TOP,32.0,1.0,0.0,0.0,TOP
0,7579764893,42,75797,Absent,32,1,1,1,1,1,1,1,1,1,1,1,1,1,1,1,1,1,1,1,1,1,1,1,1,1,1,1,1,1,1,1,1,0,0,0,0,0,0,0,0,0,0,0,0,0,0,0,0,0,0,0,0,0,0,0,0,0,0,0,0,0,0,0,0,32.0,0,Unicorn_Absent,-1,-1.0,4,Unicorn_Absent,811,32.0,32,1.0,64,0.0,1.0,TOP,32.0,1.0,0.0,0.0,TOP
0,7579764893,7,648931,Absent,32,0,0,0,0,0,0,0,0,0,0,0,0,0,0,0,0,0,0,0,0,0,0,0,0,0,0,0,0,0,0,0,0,1,1,1,1,1,1,1,1,1,1,1,1,1,1,1,1,1,1,1,1,1,1,1,1,1,1,1,1,1,1,1,1,16.0,16,Unicorn_Absent,-1,-1.0,3,Unicorn_Absent,51,16.0,32,0.5,48,0.5,0.5,BOTTOM,0.0,1.0,32.0,,BOTTOM
0,7579764893,8,648931,Absent,32,0,0,0,0,0,0,0,0,0,0,0,0,0,0,0,0,0,0,0,0,0,0,0,0,0,0,0,0,0,0,0,0,1,1,1,1,1,1,1,1,1,1,1,1,1,1,1,1,1,1,1,1,1,1,1,1,1,1,1,1,1,1,1,1,16.0,16,Unicorn_Absent,-1,-1.0,3,Unicorn_Absent,67,16.0,32,1.0,48,0.0,0.5,BOTTOM,16.0,1.0,16.0,0.5,BOTTOM
0,7579764893,13,648931,Absent,32,1,1,1,1,1,1,1,1,1,1,1,1,1,1,1,1,1,1,1,1,1,1,1,1,1,1,1,1,1,1,1,1,0,0,0,0,0,0,0,0,0,0,0,0,0,0,0,0,0,0,0,0,0,0,0,0,0,0,0,0,0,0,0,0,0.0,32,Unicorn_Absent,-1,-1.0,4,Unicorn_Absent,15,16.0,32,0.5,64,0.0,0.5,TOP,0.0,0.0,32.0,0.5,BOTTOM
0,7579764893,20,648931,Absent,32,0,0,0,0,0,0,0,0,0,0,0,0,0,0,0,0,0,0,0,0,0,0,0,0,0,0,0,0,0,0,0,0,1,1,1,1,1,1,1,1,1,1,1,1,1,1,1,1,1,1,1,1,1,1,1,1,1,1,1,1,1,1,1,1,32.0,0,Unicorn_Absent,-1,-1.0,3,Unicorn_Absent,107,32.0,32,1.0,64,0.0,1.0,BOTTOM,32.0,1.0,0.0,0.8611111111111112,BOTTOM
0,7579764893,23,648931,Absent,32,0,0,0,0,0,0,0,0,0,0,0,0,0,0,0,0,0,0,0,0,0,0,0,0,0,0,0,0,0,0,0,0,1,1,1,1,1,1,1,1,1,1,1,1,1,1,1,1,1,1,1,1,1,1,1,1,1,1,1,1,1,1,1,1,32.0,0,Unicorn_Absent,-1,-1.0,3,Unicorn_Absent,203,32.0,32,1.0,64,0.0,1.0,BOTTOM,32.0,1.0,0.0,0.0,BOTTOM
0,7579764893,42,648931,Absent,32,0,0,0,0,0,0,0,0,0,0,0,0,0,0,0,0,0,0,0,0,0,0,0,0,0,0,0,0,0,0,0,0,1,1,1,1,1,1,1,1,1,1,1,1,1,1,1,1,1,1,1,1,1,1,1,1,1,1,1,1,1,1,1,1,32.0,0,Unicorn_Absent,-1,-1.0,3,Unicorn_Absent,811,32.0,32,1.0,64,0.0,1.0,BOTTOM,32.0,1.0,0.0,0.0,BOTTOM
0,7892012691,7,126914,Absent,32,0,0,0,0,1,1,1,1,0,0,0,0,1,1,1,1,0,0,0,0,1,1,1,1,0,0,0,0,1,1,1,1,0,0,0,0,1,1,1,1,0,0,0,0,1,1,1,1,0,0,0,0,1,1,1,1,0,0,0,0,1,1,1,1,9.0,23,Unicorn_Absent,-1,-1.0,6,Unicorn_Absent,-219,2.0,32,0.0,46,0.42857142857142855,0.359375,RIGHT,26.0,1.0,6.0,,RIGHT
0,7892012691,14,126914,Absent,32,0,0,0,0,1,1,1,1,0,0,0,0,1,1,1,1,0,0,0,0,1,1,1,1,0,0,0,0,1,1,1,1,0,0,0,0,1,1,1,1,0,0,0,0,1,1,1,1,0,0,0,0,1,1,1,1,0,0,0,0,1,1,1,1,16.0,16,Unicorn_Absent,-1,-1.0,6,Unicorn_Absent,-66,16.0,32,1.0,48,0.0,0.5,RIGHT,16.0,1.0,16.0,0.5079365079365079,RIGHT
0,7892012691,32,126914,Absent,5,0,0,0,0,0,0,0,0,0,0,0,0,0,0,0,0,0,0,0,1,1,0,0,0,0,0,0,1,0,0,0,0,0,0,0,0,0,0,0,0,0,1,0,0,0,0,0,0,0,0,0,0,0,0,0,0,0,0,0,1,0,0,0,0,29.0,3,Unicorn_Absent,-1,-1.0,0,Unicorn_Absent,-144,16.0,5,0.10810810810810811,34,0.3918918918918919,0.484375,RS,-4.0,0.12121212121212122,36.0,0.64,LEFT
0,7892012691,38,126914,Absent,32,1,1,1,1,0,0,0,0,1,1,1,1,0,0,0,0,1,1,1,1,0,0,0,0,1,1,1,1,0,0,0,0,1,1,1,1,0,0,0,0,1,1,1,1,0,0,0,0,1,1,1,1,0,0,0,0,1,1,1,1,0,0,0,0,16.0,16,Unicorn_Absent,-1,-1.0,5,Unicorn_Absent,-25,16.0,32,1.0,48,0.0,0.5,LEFT,16.0,1.0,16.0,0.0,LEFT
0,7892012691,41,126914,Absent,36,0,0,0,0,0,0,0,0,0,1,1,1,1,1,1,0,0,1,1,1,1,1,1,0,0,1,1,1,1,1,1,0,0,1,1,1,1,1,1,0,0,1,1,1,1,1,1,0,0,1,1,1,1,1,1,0,0,0,0,0,0,0,0,0,14.0,18,Unicorn_Absent,-1,-1.0,7,Unicorn_Absent,-75,14.0,36,0.36,50,0.64,0.5,IN,16.0,1.0,16.0,0.0,IN
0,7892012691,42,126914,Absent,36,0,0,0,0,0,0,0,0,0,1,1,1,1,1,1,0,0,1,1,1,1,1,1,0,0,1,1,1,1,1,1,0,0,1,1,1,1,1,1,0,0,1,1,1,1,1,1,0,0,1,1,1,1,1,1,0,0,0,0,0,0,0,0,0,14.0,18,Unicorn_Absent,-1,-1.0,7,Unicorn_Absent,-61,14.0,36,1.0,50,0.0,0.5,IN,14.0,1.0,18.0,0.64,IN
0,7892012691,43,126914,Absent,36,0,0,0,0,0,0,0,0,0,1,1,1,1,1,1,0,0,1,1,1,1,1,1,0,0,1,1,1,1,1,1,0,0,1,1,1,1,1,1,0,0,1,1,1,1,1,1,0,0,1,1,1,1,1,1,0,0,0,0,0,0,0,0,0,14.0,18,Unicorn_Absent,-1,-1.0,7,Unicorn_Absent,-47,14.0,36,1.0,50,0.0,0.5,IN,14.0,1.0,18.0,0.0,IN
0,7892012691,46,126914,Absent,36,0,0,0,0,0,0,0,0,0,1,1,1,1,1,1,0,0,1,1,1,1,1,1,0,0,1,1,1,1,1,1,0,0,1,1,1,1,1,1,0,0,1,1,1,1,1,1,0,0,1,1,1,1,1,1,0,0,0,0,0,0,0,0,0,14.0,18,Unicorn_Absent,-1,-1.0,7,Unicorn_Absent,3,14.0,36,1.0,50,0.0,0.5,IN,14.0,1.0,18.0,0.0,IN
0,7892012691,47,126914,Absent,36,0,0,0,0,0,0,0,0,0,1,1,1,1,1,1,0,0,1,1,1,1,1,1,0,0,1,1,1,1,1,1,0,0,1,1,1,1,1,1,0,0,1,1,1,1,1,1,0,0,1,1,1,1,1,1,0,0,0,0,0,0,0,0,0,14.0,18,Unicorn_Absent,-1,-1.0,7,Unicorn_Absent,17,14.0,36,1.0,50,0.0,0.5,IN,14.0,1.0,18.0,0.0,IN
0,7892012691,50,126914,Absent,36,0,0,0,0,0,0,0,0,0,1,1,1,1,1,1,0,0,1,1,1,1,1,1,0,0,1,1,1,1,1,1,0,0,1,1,1,1,1,1,0,0,1,1,1,1,1,1,0,0,1,1,1,1,1,1,0,0,0,0,0,0,0,0,0,32.0,0,Unicorn_Absent,-1,-1.0,7,Unicorn_Absent,95,32.0,36,1.0,36,1.0,0.5625,IN,14.0,1.0,18.0,0.0,IN
0,7892012691,51,126914,Absent,36,0,0,0,0,0,0,0,0,0,1,1,1,1,1,1,0,0,1,1,1,1,1,1,0,0,1,1,1,1,1,1,0,0,1,1,1,1,1,1,0,0,1,1,1,1,1,1,0,0,1,1,1,1,1,1,0,0,0,0,0,0,0,0,0,32.0,0,Unicorn_Absent,-1,-1.0,7,Unicorn_Absent,127,32.0,36,1.0,36,0.0,0.5625,IN,32.0,1.0,0.0,1.0,IN
0,7892012691,7,789207,Absent,37,1,0,1,1,1,1,1,1,0,0,1,1,1,1,0,0,0,0,0,0,0,0,0,1,0,1,0,0,1,1,0,1,0,1,1,0,1,1,1,1,1,0,0,0,1,1,1,0,1,1,1,0,1,1,0,1,1,0,1,0,1,1,1,0,9.0,23,Unicorn_Absent,-1,-1.0,0,Unicorn_Absent,-219,2.0,37,0.42857142857142855,46,0.42857142857142855,0.359375,RS,26.0,0.546875,6.0,,RS
0,7892012691,14,789207,Absent,32,1,1,1,1,1,1,1,1,1,1,1,1,1,1,1,1,1,1,1,1,1,1,1,1,1,1,1,1,1,1,1,1,0,0,0,0,0,0,0,0,0,0,0,0,0,0,0,0,0,0,0,0,0,0,0,0,0,0,0,0,0,0,0,0,16.0,16,Unicorn_Absent,-1,-1.0,4,Unicorn_Absent,-66,16.0,32,1.0,48,0.0,0.5,TOP,16.0,1.0,16.0,0.5079365079365079,TOP
0,7892012691,32,789207,Absent,32,1,1,1,1,1,1,1,1,1,1,1,1,1,1,1,1,1,1,1,1,1,1,1,1,1,1,1,1,1,1,1,1,0,0,0,0,0,0,0,0,0,0,0,0,0,0,0,0,0,0,0,0,0,0,0,0,0,0,0,0,0,0,0,0,29.0,3,Unicorn_Absent,-1,-1.0,4,Unicorn_Absent,-144,16.0,32,0.5,34,0.3918918918918919,0.484375,TOP,-4.0,1.0,36.0,0.64,TOP
0,7892012691,38,789207,Absent,32,1,1,1,1,1,1,1,1,1,1,1,1,1,1,1,1,1,1,1,1,1,1,1,1,1,1,1,1,1,1,1,1,0,0,0,0,0,0,0,0,0,0,0,0,0,0,0,0,0,0,0,0,0,0,0,0,0,0,0,0,0,0,0,0,16.0,16,Unicorn_Absent,-1,-1.0,4,Unicorn_Absent,-25,16.0,32,1.0,48,0.0,0.5,TOP,16.0,1.0,16.0,0.0,TOP
0,7892012691,41,789207,Absent,32,1,1,1,1,1,1,1,1,1,1,1,1,1,1,1,1,1,1,1,1,1,1,1,1,1,1,1,1,1,1,1,1,0,0,0,0,0,0,0,0,0,0,0,0,0,0,0,0,0,0,0,0,0,0,0,0,0,0,0,0,0,0,0,0,14.0,18,Unicorn_Absent,-1,-1.0,4,Unicorn_Absent,-75,14.0,32,1.0,50,0.64,0.5,TOP,16.0,1.0,16.0,0.0,TOP
0,7892012691,42,789207,Absent,32,1,1,1,1,1,1,1,1,1,1,1,1,1,1,1,1,1,1,1,1,1,1,1,1,1,1,1,1,1,1,1,1,0,0,0,0,0,0,0,0,0,0,0,0,0,0,0,0,0,0,0,0,0,0,0,0,0,0,0,0,0,0,0,0,14.0,18,Unicorn_Absent,-1,-1.0,4,Unicorn_Absent,-61,14.0,32,1.0,50,0.0,0.5,TOP,14.0,1.0,18.0,0.64,TOP
0,7892012691,43,789207,Absent,32,1,1,1,1,1,1,1,1,1,1,1,1,1,1,1,1,1,1,1,1,1,1,1,1,1,1,1,1,1,1,1,1,0,0,0,0,0,0,0,0,0,0,0,0,0,0,0,0,0,0,0,0,0,0,0,0,0,0,0,0,0,0,0,0,14.0,18,Unicorn_Absent,-1,-1.0,4,Unicorn_Absent,-47,14.0,32,1.0,50,0.0,0.5,TOP,14.0,1.0,18.0,0.0,TOP
0,7892012691,46,789207,Absent,32,1,1,1,1,1,1,1,1,1,1,1,1,1,1,1,1,1,1,1,1,1,1,1,1,1,1,1,1,1,1,1,1,0,0,0,0,0,0,0,0,0,0,0,0,0,0,0,0,0,0,0,0,0,0,0,0,0,0,0,0,0,0,0,0,14.0,18,Unicorn_Absent,-1,-1.0,4,Unicorn_Absent,3,14.0,32,1.0,50,0.0,0.5,TOP,14.0,1.0,18.0,0.0,TOP
0,7892012691,47,789207,Absent,32,1,1,1,1,1,1,1,1,1,1,1,1,1,1,1,1,1,1,1,1,1,1,1,1,1,1,1,1,1,1,1,1,0,0,0,0,0,0,0,0,0,0,0,0,0,0,0,0,0,0,0,0,0,0,0,0,0,0,0,0,0,0,0,0,14.0,18,Unicorn_Absent,-1,-1.0,4,Unicorn_Absent,17,14.0,32,1.0,50,0.0,0.5,TOP,14.0,1.0,18.0,0.0,TOP
0,7892012691,50,789207,Absent,0,0,0,0,0,0,0,0,0,0,0,0,0,0,0,0,0,0,0,0,0,0,0,0,0,0,0,0,0,0,0,0,0,0,0,0,0,0,0,0,0,0,0,0,0,0,0,0,0,0,0,0,0,0,0,0,0,0,0,0,0,0,0,0,0,32.0,0,Unicorn_Absent,-1,-1.0,2,Unicorn_Absent,95,32.0,0,0.0,36,1.0,0.5625,NOTHING,14.0,1.0,18.0,0.0,NOTHING
0,7892012691,51,789207,Absent,0,0,0,0,0,0,0,0,0,0,0,0,0,0,0,0,0,0,0,0,0,0,0,0,0,0,0,0,0,0,0,0,0,0,0,0,0,0,0,0,0,0,0,0,0,0,0,0,0,0,0,0,0,0,0,0,0,0,0,0,0,0,0,0,0,32.0,0,Unicorn_Absent,-1,-1.0,2,Unicorn_Absent,127,32.0,0,1.0,36,0.0,0.5625,NOTHING,32.0,1.0,0.0,1.0,NOTHING
0,7897379284,18,79284,Absent,0,0,0,0,0,0,0,0,0,0,0,0,0,0,0,0,0,0,0,0,0,0,0,0,0,0,0,0,0,0,0,0,0,0,0,0,0,0,0,0,0,0,0,0,0,0,0,0,0,0,0,0,0,0,0,0,0,0,0,0,0,0,0,0,0,32.0,0,Unicorn_Absent,-1,-1.0,2,Unicorn_Absent,-46,32.0,0,0.0,6,0.05555555555555555,0.09375,NOTHING,16.0,1.0,16.0,0.026666666666666672,NOTHING
0,7897379284,19,79284,Absent,0,0,0,0,0,0,0,0,0,0,0,0,0,0,0,0,0,0,0,0,0,0,0,0,0,0,0,0,0,0,0,0,0,0,0,0,0,0,0,0,0,0,0,0,0,0,0,0,0,0,0,0,0,0,0,0,0,0,0,0,0,0,0,0,0,32.0,0,Unicorn_Absent,-1,-1.0,2,Unicorn_Absent,-14,32.0,0,1.0,32,0.9444444444444444,0.5,NOTHING,32.0,1.0,0.0,0.05555555555555555,NOTHING
0,7897379284,22,79284,Absent,64,1,1,1,1,1,1,1,1,1,1,1,1,1,1,1,1,1,1,1,1,1,1,1,1,1,1,1,1,1,1,1,1,1,1,1,1,1,1,1,1,1,1,1,1,1,1,1,1,1,1,1,1,1,1,1,1,1,1,1,1,1,1,1,1,0.0,32,Unicorn_Absent,-1,-1.0,1,Unicorn_Absent,-46,16.0,64,0.0,64,0.3333333333333333,0.5,ALL,32.0,0.5,0.0,0.0,RIGHT
0,7897379284,25,79284,Absent,32,0,0,0,0,1,1,1,1,0,0,0,0,1,1,1,1,0,0,0,0,1,1,1,1,0,0,0,0,1,1,1,1,0,0,0,0,1,1,1,1,0,0,0,0,1,1,1,1,0,0,0,0,1,1,1,1,0,0,0,0,1,1,1,1,16.0,16,Unicorn_Absent,-1,-1.0,6,Unicorn_Absent,18,16.0,32,1.0,48,0.0,0.5,RIGHT,16.0,1.0,16.0,0.5,RIGHT
0,7897379284,29,79284,Absent,32,0,0,0,0,1,1,1,1,0,0,0,0,1,1,1,1,0,0,0,0,1,1,1,1,0,0,0,0,1,1,1,1,0,0,0,0,1,1,1,1,0,0,0,0,1,1,1,1,0,0,0,0,1,1,1,1,0,0,0,0,1,1,1,1,16.0,16,Unicorn_Absent,-1,-1.0,6,Unicorn_Absent,114,16.0,32,1.0,48,0.0,0.5,RIGHT,16.0,1.0,16.0,0.0,RIGHT
0,7897379284,34,79284,Absent,32,1,1,1,1,0,0,0,0,1,1,1,1,0,0,0,0,1,1,1,1,0,0,0,0,1,1,1,1,0,0,0,0,1,1,1,1,0,0,0,0,1,1,1,1,0,0,0,0,1,1,1,1,0,0,0,0,1,1,1,1,0,0,0,0,16.0,16,Unicorn_Absent,-1,-1.0,5,Unicorn_Absent,114,16.0,32,1.0,48,0.0,0.5,LEFT,16.0,1.0,16.0,1.0,LEFT
0,7897379284,39,79284,Absent,32,0,0,0,0,0,0,0,0,0,0,0,0,0,0,0,0,0,0,0,0,0,0,0,0,0,0,0,0,0,0,0,0,1,1,1,1,1,1,1,1,1,1,1,1,1,1,1,1,1,1,1,1,1,1,1,1,1,1,1,1,1,1,1,1,0.0,32,Unicorn_Absent,-1,-1.0,3,Unicorn_Absent,98,32.0,32,0.3333333333333333,64,0.16666666666666669,0.5,BOTTOM,16.0,0.3333333333333333,16.0,0.0,LEFT
0,7897379284,43,79284,Absent,36,0,0,0,0,0,0,0,0,0,1,1,1,1,1,1,0,0,1,1,1,1,1,1,0,0,1,1,1,1,1,1,0,0,1,1,1,1,1,1,0,0,1,1,1,1,1,1,0,0,1,1,1,1,1,1,0,0,0,0,0,0,0,0,0,32.0,0,Unicorn_Absent,-1,-1.0,7,Unicorn_Absent,130,32.0,36,0.36,36,0.64,0.5625,IN,32.0,1.0,0.0,0.3333333333333333,IN
0,7897379284,44,79284,Absent,36,0,0,0,0,0,0,0,0,0,1,1,1,1,1,1,0,0,1,1,1,1,1,1,0,0,1,1,1,1,1,1,0,0,1,1,1,1,1,1,0,0,1,1,1,1,1,1,0,0,1,1,1,1,1,1,0,0,0,0,0,0,0,0,0,32.0,0,Unicorn_Absent,-1,-1.0,7,Unicorn_Absent,162,32.0,36,1.0,36,0.0,0.5625,IN,32.0,1.0,0.0,0.64,IN
0,7897379284,45,79284,Absent,36,0,0,0,0,0,0,0,0,0,1,1,1,1,1,1,0,0,1,1,1,1,1,1,0,0,1,1,1,1,1,1,0,0,1,1,1,1,1,1,0,0,1,1,1,1,1,1,0,0,1,1,1,1,1,1,0,0,0,0,0,0,0,0,0,32.0,0,Unicorn_Absent,-1,-1.0,7,Unicorn_Absent,194,32.0,36,1.0,36,0.0,0.5625,IN,32.0,1.0,0.0,0.0,IN
0,7897379284,54,79284,Absent,32,0,0,0,0,0,0,0,0,0,0,0,0,0,0,0,0,0,0,0,0,0,0,0,0,0,0,0,0,0,0,0,0,1,1,1,1,1,1,1,1,1,1,1,1,1,1,1,1,1,1,1,1,1,1,1,1,1,1,1,1,1,1,1,1,0.0,32,Unicorn_Absent,-1,-1.0,3,Unicorn_Absent,274,18.0,32,0.36,32,0.14,0.0,BOTTOM,-4.0,0.30434782608695654,36.0,1.0,OUT
0,7897379284,55,79284,Absent,28,1,1,1,1,1,1,1,1,1,0,0,0,0,0,0,1,1,0,0,0,0,0,0,1,1,0,0,0,0,0,0,1,1,0,0,0,0,0,0,1,1,0,0,0,0,0,0,1,1,0,0,0,0,0,0,1,1,1,1,1,1,1,1,1,18.0,14,Unicorn_Absent,-1,-1.0,8,Unicorn_Absent,292,18.0,28,0.30434782608695654,46,0.30434782608695654,0.5,OUT,0.0,1.0,32.0,0.14,OUT
0,7897379284,56,79284,Absent,28,1,1,1,1,1,1,1,1,1,0,0,0,0,0,0,1,1,0,0,0,0,0,0,1,1,0,0,0,0,0,0,1,1,0,0,0,0,0,0,1,1,0,0,0,0,0,0,1,1,0,0,0,0,0,0,1,1,1,1,1,1,1,1,1,18.0,14,Unicorn_Absent,-1,-1.0,8,Unicorn_Absent,310,18.0,28,1.0,46,0.0,0.5,OUT,18.0,1.0,14.0,0.30434782608695654,OUT
0,7897379284,18,789735,Absent,6,0,0,1,0,0,0,0,0,0,0,0,0,0,0,0,0,0,0,0,0,0,0,0,0,0,0,0,0,0,0,1,0,1,0,0,0,0,0,0,0,0,0,0,0,0,0,0,0,0,0,1,0,0,0,0,0,1,0,0,0,0,0,0,1,32.0,0,Unicorn_Absent,-1,-1.0,0,Unicorn_Absent,-46,32.0,6,0.05555555555555555,6,0.05555555555555555,0.09375,RS,16.0,0.05555555555555555,16.0,0.026666666666666672,RIGHT
0,7897379284,19,789735,Absent,32,0,0,0,0,1,1,1,1,0,0,0,0,1,1,1,1,0,0,0,0,1,1,1,1,0,0,0,0,1,1,1,1,0,0,0,0,1,1,1,1,0,0,0,0,1,1,1,1,0,0,0,0,1,1,1,1,0,0,0,0,1,1,1,1,32.0,0,Unicorn_Absent,-1,-1.0,6,Unicorn_Absent,-14,32.0,32,0.05555555555555555,32,0.9444444444444444,0.5,RIGHT,32.0,1.0,0.0,0.05555555555555555,RIGHT
0,7897379284,22,789735,Absent,32,1,1,1,1,1,1,1,1,1,1,1,1,1,1,1,1,1,1,1,1,1,1,1,1,1,1,1,1,1,1,1,1,0,0,0,0,0,0,0,0,0,0,0,0,0,0,0,0,0,0,0,0,0,0,0,0,0,0,0,0,0,0,0,0,0.0,32,Unicorn_Absent,-1,-1.0,4,Unicorn_Absent,-46,16.0,32,0.3333333333333333,64,0.3333333333333333,0.5,TOP,32.0,0.0,0.0,0.0,BOTTOM
0,7897379284,25,789735,Absent,32,0,0,0,0,0,0,0,0,0,0,0,0,0,0,0,0,0,0,0,0,0,0,0,0,0,0,0,0,0,0,0,0,1,1,1,1,1,1,1,1,1,1,1,1,1,1,1,1,1,1,1,1,1,1,1,1,1,1,1,1,1,1,1,1,16.0,16,Unicorn_Absent,-1,-1.0,3,Unicorn_Absent,18,16.0,32,1.0,48,0.0,0.5,BOTTOM,16.0,1.0,16.0,0.5,BOTTOM
0,7897379284,29,789735,Absent,32,0,0,0,0,0,0,0,0,0,0,0,0,0,0,0,0,0,0,0,0,0,0,0,0,0,0,0,0,0,0,0,0,1,1,1,1,1,1,1,1,1,1,1,1,1,1,1,1,1,1,1,1,1,1,1,1,1,1,1,1,1,1,1,1,16.0,16,Unicorn_Absent,-1,-1.0,3,Unicorn_Absent,114,16.0,32,1.0,48,0.0,0.5,BOTTOM,16.0,1.0,16.0,0.0,BOTTOM
0,7897379284,34,789735,Absent,32,0,0,0,0,0,0,0,0,0,0,0,0,0,0,0,0,0,0,0,0,0,0,0,0,0,0,0,0,0,0,0,0,1,1,1,1,1,1,1,1,1,1,1,1,1,1,1,1,1,1,1,1,1,1,1,1,1,1,1,1,1,1,1,1,16.0,16,Unicorn_Absent,-1,-1.0,3,Unicorn_Absent,114,16.0,32,1.0,48,0.0,0.5,BOTTOM,16.0,1.0,16.0,1.0,BOTTOM
0,7897379284,39,789735,Absent,64,1,1,1,1,1,1,1,1,1,1,1,1,1,1,1,1,1,1,1,1,1,1,1,1,1,1,1,1,1,1,1,1,1,1,1,1,1,1,1,1,1,1,1,1,1,1,1,1,1,1,1,1,1,1,1,1,1,1,1,1,1,1,1,1,0.0,32,Unicorn_Absent,-1,-1.0,1,Unicorn_Absent,98,32.0,64,0.5,64,0.16666666666666669,0.5,ALL,16.0,0.0,16.0,0.0,NOTHING
0,7897379284,43,789735,Absent,0,0,0,0,0,0,0,0,0,0,0,0,0,0,0,0,0,0,0,0,0,0,0,0,0,0,0,0,0,0,0,0,0,0,0,0,0,0,0,0,0,0,0,0,0,0,0,0,0,0,0,0,0,0,0,0,0,0,0,0,0,0,0,0,0,32.0,0,Unicorn_Absent,-1,-1.0,2,Unicorn_Absent,130,32.0,0,1.0,36,0.64,0.5625,NOTHING,32.0,1.0,0.0,0.3333333333333333,NOTHING
0,7897379284,44,789735,Absent,0,0,0,0,0,0,0,0,0,0,0,0,0,0,0,0,0,0,0,0,0,0,0,0,0,0,0,0,0,0,0,0,0,0,0,0,0,0,0,0,0,0,0,0,0,0,0,0,0,0,0,0,0,0,0,0,0,0,0,0,0,0,0,0,0,32.0,0,Unicorn_Absent,-1,-1.0,2,Unicorn_Absent,162,32.0,0,1.0,36,0.0,0.5625,NOTHING,32.0,1.0,0.0,0.64,NOTHING
0,7897379284,45,789735,Absent,0,0,0,0,0,0,0,0,0,0,0,0,0,0,0,0,0,0,0,0,0,0,0,0,0,0,0,0,0,0,0,0,0,0,0,0,0,0,0,0,0,0,0,0,0,0,0,0,0,0,0,0,0,0,0,0,0,0,0,0,0,0,0,0,0,32.0,0,Unicorn_Absent,-1,-1.0,2,Unicorn_Absent,194,32.0,0,1.0,36,0.0,0.5625,NOTHING,32.0,1.0,0.0,0.0,NOTHING
0,7897379284,54,789735,Absent,32,0,0,0,0,0,0,0,0,0,0,0,0,0,0,0,0,0,0,0,0,0,0,0,0,0,0,0,0,0,0,0,0,1,1,1,1,1,1,1,1,1,1,1,1,1,1,1,1,1,1,1,1,1,1,1,1,1,1,1,1,1,1,1,1,0.0,32,Unicorn_Absent,-1,-1.0,3,Unicorn_Absent,274,18.0,32,0.5,32,0.14,0.0,BOTTOM,-4.0,0.0,36.0,1.0,TOP
0,7897379284,55,789735,Absent,32,1,1,1,1,1,1,1,1,1,1,1,1,1,1,1,1,1,1,1,1,1,1,1,1,1,1,1,1,1,1,1,1,0,0,0,0,0,0,0,0,0,0,0,0,0,0,0,0,0,0,0,0,0,0,0,0,0,0,0,0,0,0,0,0,18.0,14,Unicorn_Absent,-1,-1.0,4,Unicorn_Absent,292,18.0,32,0.0,46,0.30434782608695654,0.5,TOP,0.0,1.0,32.0,0.14,TOP
0,7897379284,56,789735,Absent,32,1,1,1,1,1,1,1,1,1,1,1,1,1,1,1,1,1,1,1,1,1,1,1,1,1,1,1,1,1,1,1,1,0,0,0,0,0,0,0,0,0,0,0,0,0,0,0,0,0,0,0,0,0,0,0,0,0,0,0,0,0,0,0,0,18.0,14,Unicorn_Absent,-1,-1.0,4,Unicorn_Absent,310,18.0,32,1.0,46,0.0,0.5,TOP,18.0,1.0,14.0,0.30434782608695654,TOP
0,8049889250,8,804986,Absent,32,0,0,0,0,1,1,1,1,0,0,0,0,1,1,1,1,0,0,0,0,1,1,1,1,0,0,0,0,1,1,1,1,0,0,0,0,1,1,1,1,0,0,0,0,1,1,1,1,0,0,0,0,1,1,1,1,0,0,0,0,1,1,1,1,32.0,0,Unicorn_Absent,-1,-1.0,6,Unicorn_Absent,173,32.0,32,1.0,64,0.0,1.0,RIGHT,32.0,1.0,0.0,0.64,RIGHT
0,8049889250,11,804986,Absent,32,0,0,0,0,1,1,1,1,0,0,0,0,1,1,1,1,0,0,0,0,1,1,1,1,0,0,0,0,1,1,1,1,0,0,0,0,1,1,1,1,0,0,0,0,1,1,1,1,0,0,0,0,1,1,1,1,0,0,0,0,1,1,1,1,32.0,0,Unicorn_Absent,-1,-1.0,6,Unicorn_Absent,269,32.0,32,1.0,64,0.0,1.0,RIGHT,32.0,1.0,0.0,0.0,RIGHT
0,8049889250,12,804986,Absent,32,0,0,0,0,1,1,1,1,0,0,0,0,1,1,1,1,0,0,0,0,1,1,1,1,0,0,0,0,1,1,1,1,0,0,0,0,1,1,1,1,0,0,0,0,1,1,1,1,0,0,0,0,1,1,1,1,0,0,0,0,1,1,1,1,32.0,0,Unicorn_Absent,-1,-1.0,6,Unicorn_Absent,301,32.0,32,1.0,64,0.0,1.0,RIGHT,32.0,1.0,0.0,0.0,RIGHT
0,8049889250,13,804986,Absent,32,0,0,0,0,1,1,1,1,0,0,0,0,1,1,1,1,0,0,0,0,1,1,1,1,0,0,0,0,1,1,1,1,0,0,0,0,1,1,1,1,0,0,0,0,1,1,1,1,0,0,0,0,1,1,1,1,0,0,0,0,1,1,1,1,32.0,0,Unicorn_Absent,-1,-1.0,6,Unicorn_Absent,333,32.0,32,1.0,64,0.0,1.0,RIGHT,32.0,1.0,0.0,0.0,RIGHT
0,8049889250,36,804986,Absent,32,0,0,0,0,1,1,1,1,0,0,0,0,1,1,1,1,0,0,0,0,1,1,1,1,0,0,0,0,1,1,1,1,0,0,0,0,1,1,1,1,0,0,0,0,1,1,1,1,0,0,0,0,1,1,1,1,0,0,0,0,1,1,1,1,16.0,16,Unicorn_Absent,-1,-1.0,6,Unicorn_Absent,682,16.0,32,0.3333333333333333,48,0.6666666666666667,0.5,RIGHT,32.0,1.0,0.0,0.0,RIGHT
0,8049889250,40,804986,Absent,17,0,0,0,0,0,0,0,1,0,0,0,0,1,0,1,0,1,0,1,0,0,0,1,0,0,1,0,0,0,0,1,0,0,1,1,0,1,0,0,0,0,0,1,0,0,0,0,0,0,0,0,1,0,0,0,1,0,1,1,0,0,0,1,0,23.0,9,Unicorn_Absent,-1,-1.0,0,Unicorn_Absent,673,32.0,17,0.1951219512195122,40,0.1382113821138211,0.484375,RS,16.0,0.1951219512195122,16.0,0.0,RIGHT
0,8049889250,41,804986,Absent,32,0,0,0,0,1,1,1,1,0,0,0,0,1,1,1,1,0,0,0,0,1,1,1,1,0,0,0,0,1,1,1,1,0,0,0,0,1,1,1,1,0,0,0,0,1,1,1,1,0,0,0,0,1,1,1,1,0,0,0,0,1,1,1,1,32.0,0,Unicorn_Absent,-1,-1.0,6,Unicorn_Absent,705,32.0,32,0.1951219512195122,64,0.8048780487804879,1.0,RIGHT,23.0,1.0,9.0,0.1382113821138211,RIGHT
0,8049889250,42,804986,Absent,32,0,0,0,0,1,1,1,1,0,0,0,0,1,1,1,1,0,0,0,0,1,1,1,1,0,0,0,0,1,1,1,1,0,0,0,0,1,1,1,1,0,0,0,0,1,1,1,1,0,0,0,0,1,1,1,1,0,0,0,0,1,1,1,1,32.0,0,Unicorn_Absent,-1,-1.0,6,Unicorn_Absent,737,32.0,32,1.0,64,0.0,1.0,RIGHT,32.0,1.0,0.0,0.8048780487804879,RIGHT
0,8049889250,49,804986,Absent,32,0,0,0,0,1,1,1,1,0,0,0,0,1,1,1,1,0,0,0,0,1,1,1,1,0,0,0,0,1,1,1,1,0,0,0,0,1,1,1,1,0,0,0,0,1,1,1,1,0,0,0,0,1,1,1,1,0,0,0,0,1,1,1,1,32.0,0,Unicorn_Absent,-1,-1.0,6,Unicorn_Absent,961,32.0,32,1.0,64,0.0,1.0,RIGHT,32.0,1.0,0.0,0.0,RIGHT
0,8049889250,50,804986,Absent,32,0,0,0,0,1,1,1,1,0,0,0,0,1,1,1,1,0,0,0,0,1,1,1,1,0,0,0,0,1,1,1,1,0,0,0,0,1,1,1,1,0,0,0,0,1,1,1,1,0,0,0,0,1,1,1,1,0,0,0,0,1,1,1,1,32.0,0,Unicorn_Absent,-1,-1.0,6,Unicorn_Absent,993,32.0,32,1.0,64,0.0,1.0,RIGHT,32.0,1.0,0.0,0.0,RIGHT
0,8049889250,51,804986,Absent,32,0,0,0,0,1,1,1,1,0,0,0,0,1,1,1,1,0,0,0,0,1,1,1,1,0,0,0,0,1,1,1,1,0,0,0,0,1,1,1,1,0,0,0,0,1,1,1,1,0,0,0,0,1,1,1,1,0,0,0,0,1,1,1,1,32.0,0,Unicorn_Absent,-1,-1.0,6,Unicorn_Absent,1025,32.0,32,1.0,64,0.0,1.0,RIGHT,32.0,1.0,0.0,0.0,RIGHT
0,8049889250,54,804986,Absent,32,0,0,0,0,1,1,1,1,0,0,0,0,1,1,1,1,0,0,0,0,1,1,1,1,0,0,0,0,1,1,1,1,0,0,0,0,1,1,1,1,0,0,0,0,1,1,1,1,0,0,0,0,1,1,1,1,0,0,0,0,1,1,1,1,32.0,0,Unicorn_Absent,-1,-1.0,6,Unicorn_Absent,1121,32.0,32,1.0,64,0.0,1.0,RIGHT,32.0,1.0,0.0,0.0,RIGHT
0,8049889250,55,804986,Absent,32,0,0,0,0,1,1,1,1,0,0,0,0,1,1,1,1,0,0,0,0,1,1,1,1,0,0,0,0,1,1,1,1,0,0,0,0,1,1,1,1,0,0,0,0,1,1,1,1,0,0,0,0,1,1,1,1,0,0,0,0,1,1,1,1,32.0,0,Unicorn_Absent,-1,-1.0,6,Unicorn_Absent,1153,32.0,32,1.0,64,0.0,1.0,RIGHT,32.0,1.0,0.0,0.0,RIGHT
0,8049889250,56,804986,Absent,32,0,0,0,0,1,1,1,1,0,0,0,0,1,1,1,1,0,0,0,0,1,1,1,1,0,0,0,0,1,1,1,1,0,0,0,0,1,1,1,1,0,0,0,0,1,1,1,1,0,0,0,0,1,1,1,1,0,0,0,0,1,1,1,1,32.0,0,Unicorn_Absent,-1,-1.0,6,Unicorn_Absent,1185,32.0,32,1.0,64,0.0,1.0,RIGHT,32.0,1.0,0.0,0.0,RIGHT
0,8049889250,57,804986,Absent,32,0,0,0,0,1,1,1,1,0,0,0,0,1,1,1,1,0,0,0,0,1,1,1,1,0,0,0,0,1,1,1,1,0,0,0,0,1,1,1,1,0,0,0,0,1,1,1,1,0,0,0,0,1,1,1,1,0,0,0,0,1,1,1,1,32.0,0,Unicorn_Absent,-1,-1.0,6,Unicorn_Absent,1217,32.0,32,1.0,64,0.0,1.0,RIGHT,32.0,1.0,0.0,0.0,RIGHT
0,8049889250,58,804986,Absent,32,0,0,0,0,1,1,1,1,0,0,0,0,1,1,1,1,0,0,0,0,1,1,1,1,0,0,0,0,1,1,1,1,0,0,0,0,1,1,1,1,0,0,0,0,1,1,1,1,0,0,0,0,1,1,1,1,0,0,0,0,1,1,1,1,32.0,0,Unicorn_Absent,-1,-1.0,6,Unicorn_Absent,1249,32.0,32,1.0,64,0.0,1.0,RIGHT,32.0,1.0,0.0,0.0,RIGHT
0,8049889250,59,804986,Absent,32,0,0,0,0,1,1,1,1,0,0,0,0,1,1,1,1,0,0,0,0,1,1,1,1,0,0,0,0,1,1,1,1,0,0,0,0,1,1,1,1,0,0,0,0,1,1,1,1,0,0,0,0,1,1,1,1,0,0,0,0,1,1,1,1,32.0,0,Unicorn_Absent,-1,-1.0,6,Unicorn_Absent,1281,32.0,32,1.0,64,0.0,1.0,RIGHT,32.0,1.0,0.0,0.0,RIGHT
0,8049889250,8,892501,Absent,32,1,1,1,1,0,0,0,0,1,1,1,1,0,0,0,0,1,1,1,1,0,0,0,0,1,1,1,1,0,0,0,0,1,1,1,1,0,0,0,0,1,1,1,1,0,0,0,0,1,1,1,1,0,0,0,0,1,1,1,1,0,0,0,0,32.0,0,Unicorn_Absent,-1,-1.0,5,Unicorn_Absent,173,32.0,32,1.0,64,0.0,1.0,LEFT,32.0,1.0,0.0,0.64,LEFT
0,8049889250,11,892501,Absent,32,1,1,1,1,0,0,0,0,1,1,1,1,0,0,0,0,1,1,1,1,0,0,0,0,1,1,1,1,0,0,0,0,1,1,1,1,0,0,0,0,1,1,1,1,0,0,0,0,1,1,1,1,0,0,0,0,1,1,1,1,0,0,0,0,32.0,0,Unicorn_Absent,-1,-1.0,5,Unicorn_Absent,269,32.0,32,1.0,64,0.0,1.0,LEFT,32.0,1.0,0.0,0.0,LEFT
0,8049889250,12,892501,Absent,32,1,1,1,1,0,0,0,0,1,1,1,1,0,0,0,0,1,1,1,1,0,0,0,0,1,1,1,1,0,0,0,0,1,1,1,1,0,0,0,0,1,1,1,1,0,0,0,0,1,1,1,1,0,0,0,0,1,1,1,1,0,0,0,0,32.0,0,Unicorn_Absent,-1,-1.0,5,Unicorn_Absent,301,32.0,32,1.0,64,0.0,1.0,LEFT,32.0,1.0,0.0,0.0,LEFT
0,8049889250,13,892501,Absent,32,1,1,1,1,0,0,0,0,1,1,1,1,0,0,0,0,1,1,1,1,0,0,0,0,1,1,1,1,0,0,0,0,1,1,1,1,0,0,0,0,1,1,1,1,0,0,0,0,1,1,1,1,0,0,0,0,1,1,1,1,0,0,0,0,32.0,0,Unicorn_Absent,-1,-1.0,5,Unicorn_Absent,333,32.0,32,1.0,64,0.0,1.0,LEFT,32.0,1.0,0.0,0.0,LEFT
0,8049889250,36,892501,Absent,32,0,0,0,0,0,0,0,0,0,0,0,0,0,0,0,0,0,0,0,0,0,0,0,0,0,0,0,0,0,0,0,0,1,1,1,1,1,1,1,1,1,1,1,1,1,1,1,1,1,1,1,1,1,1,1,1,1,1,1,1,1,1,1,1,16.0,16,Unicorn_Absent,-1,-1.0,3,Unicorn_Absent,682,16.0,32,1.0,48,0.6666666666666667,0.5,BOTTOM,32.0,1.0,0.0,0.0,BOTTOM
0,8049889250,40,892501,Absent,32,1,1,1,1,0,0,0,0,1,1,1,1,0,0,0,0,1,1,1,1,0,0,0,0,1,1,1,1,0,0,0,0,1,1,1,1,0,0,0,0,1,1,1,1,0,0,0,0,1,1,1,1,0,0,0,0,1,1,1,1,0,0,0,0,23.0,9,Unicorn_Absent,-1,-1.0,5,Unicorn_Absent,673,32.0,32,0.3333333333333333,40,0.1382113821138211,0.484375,LEFT,16.0,1.0,16.0,0.0,LEFT
0,8049889250,41,892501,Absent,32,1,1,1,1,0,0,0,0,1,1,1,1,0,0,0,0,1,1,1,1,0,0,0,0,1,1,1,1,0,0,0,0,1,1,1,1,0,0,0,0,1,1,1,1,0,0,0,0,1,1,1,1,0,0,0,0,1,1,1,1,0,0,0,0,32.0,0,Unicorn_Absent,-1,-1.0,5,Unicorn_Absent,705,32.0,32,1.0,64,0.8048780487804879,1.0,LEFT,23.0,1.0,9.0,0.1382113821138211,LEFT
0,8049889250,42,892501,Absent,32,1,1,1,1,0,0,0,0,1,1,1,1,0,0,0,0,1,1,1,1,0,0,0,0,1,1,1,1,0,0,0,0,1,1,1,1,0,0,0,0,1,1,1,1,0,0,0,0,1,1,1,1,0,0,0,0,1,1,1,1,0,0,0,0,32.0,0,Unicorn_Absent,-1,-1.0,5,Unicorn_Absent,737,32.0,32,1.0,64,0.0,1.0,LEFT,32.0,1.0,0.0,0.8048780487804879,LEFT
0,8049889250,49,892501,Absent,32,1,1,1,1,0,0,0,0,1,1,1,1,0,0,0,0,1,1,1,1,0,0,0,0,1,1,1,1,0,0,0,0,1,1,1,1,0,0,0,0,1,1,1,1,0,0,0,0,1,1,1,1,0,0,0,0,1,1,1,1,0,0,0,0,32.0,0,Unicorn_Absent,-1,-1.0,5,Unicorn_Absent,961,32.0,32,1.0,64,0.0,1.0,LEFT,32.0,1.0,0.0,0.0,LEFT
0,8049889250,50,892501,Absent,32,1,1,1,1,0,0,0,0,1,1,1,1,0,0,0,0,1,1,1,1,0,0,0,0,1,1,1,1,0,0,0,0,1,1,1,1,0,0,0,0,1,1,1,1,0,0,0,0,1,1,1,1,0,0,0,0,1,1,1,1,0,0,0,0,32.0,0,Unicorn_Absent,-1,-1.0,5,Unicorn_Absent,993,32.0,32,1.0,64,0.0,1.0,LEFT,32.0,1.0,0.0,0.0,LEFT
0,8049889250,51,892501,Absent,32,1,1,1,1,0,0,0,0,1,1,1,1,0,0,0,0,1,1,1,1,0,0,0,0,1,1,1,1,0,0,0,0,1,1,1,1,0,0,0,0,1,1,1,1,0,0,0,0,1,1,1,1,0,0,0,0,1,1,1,1,0,0,0,0,32.0,0,Unicorn_Absent,-1,-1.0,5,Unicorn_Absent,1025,32.0,32,1.0,64,0.0,1.0,LEFT,32.0,1.0,0.0,0.0,LEFT
0,8049889250,54,892501,Absent,32,1,1,1,1,0,0,0,0,1,1,1,1,0,0,0,0,1,1,1,1,0,0,0,0,1,1,1,1,0,0,0,0,1,1,1,1,0,0,0,0,1,1,1,1,0,0,0,0,1,1,1,1,0,0,0,0,1,1,1,1,0,0,0,0,32.0,0,Unicorn_Absent,-1,-1.0,5,Unicorn_Absent,1121,32.0,32,1.0,64,0.0,1.0,LEFT,32.0,1.0,0.0,0.0,LEFT
0,8049889250,55,892501,Absent,32,1,1,1,1,0,0,0,0,1,1,1,1,0,0,0,0,1,1,1,1,0,0,0,0,1,1,1,1,0,0,0,0,1,1,1,1,0,0,0,0,1,1,1,1,0,0,0,0,1,1,1,1,0,0,0,0,1,1,1,1,0,0,0,0,32.0,0,Unicorn_Absent,-1,-1.0,5,Unicorn_Absent,1153,32.0,32,1.0,64,0.0,1.0,LEFT,32.0,1.0,0.0,0.0,LEFT
0,8049889250,56,892501,Absent,32,1,1,1,1,0,0,0,0,1,1,1,1,0,0,0,0,1,1,1,1,0,0,0,0,1,1,1,1,0,0,0,0,1,1,1,1,0,0,0,0,1,1,1,1,0,0,0,0,1,1,1,1,0,0,0,0,1,1,1,1,0,0,0,0,32.0,0,Unicorn_Absent,-1,-1.0,5,Unicorn_Absent,1185,32.0,32,1.0,64,0.0,1.0,LEFT,32.0,1.0,0.0,0.0,LEFT
0,8049889250,57,892501,Absent,32,1,1,1,1,0,0,0,0,1,1,1,1,0,0,0,0,1,1,1,1,0,0,0,0,1,1,1,1,0,0,0,0,1,1,1,1,0,0,0,0,1,1,1,1,0,0,0,0,1,1,1,1,0,0,0,0,1,1,1,1,0,0,0,0,32.0,0,Unicorn_Absent,-1,-1.0,5,Unicorn_Absent,1217,32.0,32,1.0,64,0.0,1.0,LEFT,32.0,1.0,0.0,0.0,LEFT
0,8049889250,58,892501,Absent,32,1,1,1,1,0,0,0,0,1,1,1,1,0,0,0,0,1,1,1,1,0,0,0,0,1,1,1,1,0,0,0,0,1,1,1,1,0,0,0,0,1,1,1,1,0,0,0,0,1,1,1,1,0,0,0,0,1,1,1,1,0,0,0,0,32.0,0,Unicorn_Absent,-1,-1.0,5,Unicorn_Absent,1249,32.0,32,1.0,64,0.0,1.0,LEFT,32.0,1.0,0.0,0.0,LEFT
0,8049889250,59,892501,Absent,32,1,1,1,1,0,0,0,0,1,1,1,1,0,0,0,0,1,1,1,1,0,0,0,0,1,1,1,1,0,0,0,0,1,1,1,1,0,0,0,0,1,1,1,1,0,0,0,0,1,1,1,1,0,0,0,0,1,1,1,1,0,0,0,0,32.0,0,Unicorn_Absent,-1,-1.0,5,Unicorn_Absent,1281,32.0,32,1.0,64,0.0,1.0,LEFT,32.0,1.0,0.0,0.0,LEFT
0,8319526673,8,266730,Absent,32,1,1,1,1,0,0,0,0,1,1,1,1,0,0,0,0,1,1,1,1,0,0,0,0,1,1,1,1,0,0,0,0,1,1,1,1,0,0,0,0,1,1,1,1,0,0,0,0,1,1,1,1,0,0,0,0,1,1,1,1,0,0,0,0,32.0,0,Unicorn_Absent,-1,-1.0,5,Unicorn_Absent,131,32.0,32,1.0,64,1.0,1.0,LEFT,0.0,1.0,32.0,,LEFT
0,8319526673,12,266730,Absent,32,1,1,1,1,0,0,0,0,1,1,1,1,0,0,0,0,1,1,1,1,0,0,0,0,1,1,1,1,0,0,0,0,1,1,1,1,0,0,0,0,1,1,1,1,0,0,0,0,1,1,1,1,0,0,0,0,1,1,1,1,0,0,0,0,32.0,0,Unicorn_Absent,-1,-1.0,5,Unicorn_Absent,259,32.0,32,1.0,64,0.0,1.0,LEFT,32.0,1.0,0.0,0.0,LEFT
0,8319526673,16,266730,Absent,32,0,0,0,0,0,0,0,0,0,0,0,0,0,0,0,0,0,0,0,0,0,0,0,0,0,0,0,0,0,0,0,0,1,1,1,1,1,1,1,1,1,1,1,1,1,1,1,1,1,1,1,1,1,1,1,1,1,1,1,1,1,1,1,1,16.0,16,Unicorn_Absent,-1,-1.0,3,Unicorn_Absent,371,16.0,32,0.3333333333333333,48,0.6666666666666667,0.5,BOTTOM,32.0,1.0,0.0,0.0,BOTTOM
0,8319526673,26,266730,Absent,32,0,0,0,0,0,0,0,0,0,0,0,0,0,0,0,0,0,0,0,0,0,0,0,0,0,0,0,0,0,0,0,0,1,1,1,1,1,1,1,1,1,1,1,1,1,1,1,1,1,1,1,1,1,1,1,1,1,1,1,1,1,1,1,1,16.0,16,Unicorn_Absent,-1,-1.0,3,Unicorn_Absent,595,32.0,32,1.0,48,0.0,0.5,BOTTOM,16.0,0.0,16.0,0.0,NOTHING
0,8319526673,27,266730,Absent,0,0,0,0,0,0,0,0,0,0,0,0,0,0,0,0,0,0,0,0,0,0,0,0,0,0,0,0,0,0,0,0,0,0,0,0,0,0,0,0,0,0,0,0,0,0,0,0,0,0,0,0,0,0,0,0,0,0,0,0,0,0,0,0,0,32.0,0,Unicorn_Absent,-1,-1.0,2,Unicorn_Absent,627,32.0,0,0.0,32,1.0,0.5,NOTHING,16.0,1.0,16.0,0.0,NOTHING
0,8319526673,28,266730,Absent,0,0,0,0,0,0,0,0,0,0,0,0,0,0,0,0,0,0,0,0,0,0,0,0,0,0,0,0,0,0,0,0,0,0,0,0,0,0,0,0,0,0,0,0,0,0,0,0,0,0,0,0,0,0,0,0,0,0,0,0,0,0,0,0,0,32.0,0,Unicorn_Absent,-1,-1.0,2,Unicorn_Absent,659,32.0,0,1.0,32,0.0,0.5,NOTHING,32.0,1.0,0.0,1.0,NOTHING
0,8319526673,35,266730,Absent,32,0,0,0,0,0,0,0,0,0,0,0,0,0,0,0,0,0,0,0,0,0,0,0,0,0,0,0,0,0,0,0,0,1,1,1,1,1,1,1,1,1,1,1,1,1,1,1,1,1,1,1,1,1,1,1,1,1,1,1,1,1,1,1,1,0.0,32,Unicorn_Absent,-1,-1.0,3,Unicorn_Absent,627,24.0,32,0.0,32,0.3333333333333333,0.0,BOTTOM,16.0,0.30434782608695654,16.0,0.0,OUT
0,8319526673,36,266730,Absent,28,1,1,1,1,1,1,1,1,1,0,0,0,0,0,0,1,1,0,0,0,0,0,0,1,1,0,0,0,0,0,0,1,1,0,0,0,0,0,0,1,1,0,0,0,0,0,0,1,1,0,0,0,0,0,0,1,1,1,1,1,1,1,1,1,24.0,8,Unicorn_Absent,-1,-1.0,8,Unicorn_Absent,651,32.0,28,0.30434782608695654,41,0.011664899257688266,0.515625,OUT,0.0,1.0,32.0,0.3333333333333333,OUT
0,8319526673,48,266730,Absent,32,0,0,0,0,1,1,1,1,0,0,0,0,1,1,1,1,0,0,0,0,1,1,1,1,0,0,0,0,1,1,1,1,0,0,0,0,1,1,1,1,0,0,0,0,1,1,1,1,0,0,0,0,1,1,1,1,0,0,0,0,1,1,1,1,16.0,16,Unicorn_Absent,-1,-1.0,6,Unicorn_Absent,959,11.0,32,0.5,48,0.5,0.5,RIGHT,32.0,0.42592592592592593,0.0,0.0,RS
0,8319526673,52,266730,Absent,28,1,1,1,1,1,1,1,1,1,0,0,0,0,0,0,1,1,0,0,0,0,0,0,1,1,0,0,0,0,0,0,1,1,0,0,0,0,0,0,1,1,0,0,0,0,0,0,1,1,0,0,0,0,0,0,1,1,1,1,1,1,1,1,1,18.0,14,Unicorn_Absent,-1,-1.0,8,Unicorn_Absent,1051,18.0,28,0.32727272727272727,46,0.6727272727272727,0.5,OUT,11.0,1.0,21.0,0.5740740740740741,OUT
0,8319526673,56,266730,Absent,32,1,1,1,1,0,0,0,0,1,1,1,1,0,0,0,0,1,1,1,1,0,0,0,0,1,1,1,1,0,0,0,0,1,1,1,1,0,0,0,0,1,1,1,1,0,0,0,0,1,1,1,1,0,0,0,0,1,1,1,1,0,0,0,0,32.0,0,Unicorn_Absent,-1,-1.0,5,Unicorn_Absent,1055,32.0,32,0.30434782608695654,64,0.028985507246376774,1.0,LEFT,18.0,1.0,14.0,0.0,LEFT
0,8319526673,57,266730,Absent,32,1,1,1,1,0,0,0,0,1,1,1,1,0,0,0,0,1,1,1,1,0,0,0,0,1,1,1,1,0,0,0,0,1,1,1,1,0,0,0,0,1,1,1,1,0,0,0,0,1,1,1,1,0,0,0,0,1,1,1,1,0,0,0,0,32.0,0,Unicorn_Absent,-1,-1.0,5,Unicorn_Absent,1087,32.0,32,1.0,64,0.0,1.0,LEFT,32.0,1.0,0.0,0.028985507246376774,LEFT
0,8319526673,8,831954,Absent,32,0,0,0,0,1,1,1,1,0,0,0,0,1,1,1,1,0,0,0,0,1,1,1,1,0,0,0,0,1,1,1,1,0,0,0,0,1,1,1,1,0,0,0,0,1,1,1,1,0,0,0,0,1,1,1,1,0,0,0,0,1,1,1,1,32.0,0,Unicorn_Absent,-1,-1.0,6,Unicorn_Absent,131,32.0,32,0.0,64,1.0,1.0,RIGHT,0.0,1.0,32.0,,RIGHT
0,8319526673,12,831954,Absent,32,0,0,0,0,1,1,1,1,0,0,0,0,1,1,1,1,0,0,0,0,1,1,1,1,0,0,0,0,1,1,1,1,0,0,0,0,1,1,1,1,0,0,0,0,1,1,1,1,0,0,0,0,1,1,1,1,0,0,0,0,1,1,1,1,32.0,0,Unicorn_Absent,-1,-1.0,6,Unicorn_Absent,259,32.0,32,1.0,64,0.0,1.0,RIGHT,32.0,1.0,0.0,0.0,RIGHT
0,8319526673,16,831954,Absent,32,0,0,0,0,1,1,1,1,0,0,0,0,1,1,1,1,0,0,0,0,1,1,1,1,0,0,0,0,1,1,1,1,0,0,0,0,1,1,1,1,0,0,0,0,1,1,1,1,0,0,0,0,1,1,1,1,0,0,0,0,1,1,1,1,16.0,16,Unicorn_Absent,-1,-1.0,6,Unicorn_Absent,371,16.0,32,1.0,48,0.6666666666666667,0.5,RIGHT,32.0,1.0,0.0,0.0,RIGHT
0,8319526673,26,831954,Absent,32,0,0,0,0,1,1,1,1,0,0,0,0,1,1,1,1,0,0,0,0,1,1,1,1,0,0,0,0,1,1,1,1,0,0,0,0,1,1,1,1,0,0,0,0,1,1,1,1,0,0,0,0,1,1,1,1,0,0,0,0,1,1,1,1,16.0,16,Unicorn_Absent,-1,-1.0,6,Unicorn_Absent,595,32.0,32,1.0,48,0.0,0.5,RIGHT,16.0,1.0,16.0,0.0,RIGHT
0,8319526673,27,831954,Absent,32,0,0,0,0,1,1,1,1,0,0,0,0,1,1,1,1,0,0,0,0,1,1,1,1,0,0,0,0,1,1,1,1,0,0,0,0,1,1,1,1,0,0,0,0,1,1,1,1,0,0,0,0,1,1,1,1,0,0,0,0,1,1,1,1,32.0,0,Unicorn_Absent,-1,-1.0,6,Unicorn_Absent,627,32.0,32,1.0,32,1.0,0.5,RIGHT,16.0,1.0,16.0,0.0,RIGHT
0,8319526673,28,831954,Absent,32,0,0,0,0,1,1,1,1,0,0,0,0,1,1,1,1,0,0,0,0,1,1,1,1,0,0,0,0,1,1,1,1,0,0,0,0,1,1,1,1,0,0,0,0,1,1,1,1,0,0,0,0,1,1,1,1,0,0,0,0,1,1,1,1,32.0,0,Unicorn_Absent,-1,-1.0,6,Unicorn_Absent,659,32.0,32,1.0,32,0.0,0.5,RIGHT,32.0,1.0,0.0,1.0,RIGHT
0,8319526673,35,831954,Absent,32,0,0,0,0,0,0,0,0,0,0,0,0,0,0,0,0,0,0,0,0,0,0,0,0,0,0,0,0,0,0,0,0,1,1,1,1,1,1,1,1,1,1,1,1,1,1,1,1,1,1,1,1,1,1,1,1,1,1,1,1,1,1,1,1,0.0,32,Unicorn_Absent,-1,-1.0,3,Unicorn_Absent,627,24.0,32,0.3333333333333333,32,0.3333333333333333,0.0,BOTTOM,16.0,0.2926829268292683,16.0,0.0,RS
0,8319526673,36,831954,Absent,21,0,0,1,0,0,1,0,0,0,1,0,0,0,0,1,0,0,1,1,0,0,0,0,1,1,0,0,0,0,0,1,0,0,0,0,0,0,1,1,0,1,0,0,0,0,1,1,0,1,0,1,0,1,1,1,0,0,0,1,1,0,0,0,0,24.0,8,Unicorn_Absent,-1,-1.0,0,Unicorn_Absent,651,32.0,21,0.2926829268292683,41,0.011664899257688266,0.515625,RS,0.0,0.0,32.0,0.3333333333333333,NOTHING
0,8319526673,48,831954,Absent,32,0,0,0,0,0,0,0,0,0,0,0,0,0,0,0,0,0,0,0,0,0,0,0,0,0,0,0,0,0,0,0,0,1,1,1,1,1,1,1,1,1,1,1,1,1,1,1,1,1,1,1,1,1,1,1,1,1,1,1,1,1,1,1,1,16.0,16,Unicorn_Absent,-1,-1.0,3,Unicorn_Absent,959,11.0,32,0.0,48,0.5,0.5,BOTTOM,32.0,1.0,0.0,0.0,BOTTOM
0,8319526673,52,831954,Absent,32,0,0,0,0,0,0,0,0,0,0,0,0,0,0,0,0,0,0,0,0,0,0,0,0,0,0,0,0,0,0,0,0,1,1,1,1,1,1,1,1,1,1,1,1,1,1,1,1,1,1,1,1,1,1,1,1,1,1,1,1,1,1,1,1,18.0,14,Unicorn_Absent,-1,-1.0,3,Unicorn_Absent,1051,18.0,32,1.0,46,0.6727272727272727,0.5,BOTTOM,11.0,1.0,21.0,0.5740740740740741,BOTTOM
0,8319526673,56,831954,Absent,32,0,0,0,0,1,1,1,1,0,0,0,0,1,1,1,1,0,0,0,0,1,1,1,1,0,0,0,0,1,1,1,1,0,0,0,0,1,1,1,1,0,0,0,0,1,1,1,1,0,0,0,0,1,1,1,1,0,0,0,0,1,1,1,1,32.0,0,Unicorn_Absent,-1,-1.0,6,Unicorn_Absent,1055,32.0,32,0.3333333333333333,64,0.028985507246376774,1.0,RIGHT,18.0,1.0,14.0,0.0,RIGHT
0,8319526673,57,831954,Absent,32,0,0,0,0,1,1,1,1,0,0,0,0,1,1,1,1,0,0,0,0,1,1,1,1,0,0,0,0,1,1,1,1,0,0,0,0,1,1,1,1,0,0,0,0,1,1,1,1,0,0,0,0,1,1,1,1,0,0,0,0,1,1,1,1,32.0,0,Unicorn_Absent,-1,-1.0,6,Unicorn_Absent,1087,32.0,32,1.0,64,0.0,1.0,RIGHT,32.0,1.0,0.0,0.028985507246376774,RIGHT
0,8426267270,17,672706,Absent,0,0,0,0,0,0,0,0,0,0,0,0,0,0,0,0,0,0,0,0,0,0,0,0,0,0,0,0,0,0,0,0,0,0,0,0,0,0,0,0,0,0,0,0,0,0,0,0,0,0,0,0,0,0,0,0,0,0,0,0,0,0,0,0,0,32.0,0,Unicorn_Absent,-1,-1.0,2,Unicorn_Absent,81,32.0,0,0.0,32,0.3333333333333333,0.5,NOTHING,16.0,1.0,16.0,0.8444444444444444,NOTHING
0,8426267270,25,672706,Absent,32,1,1,1,1,1,1,1,1,1,1,1,1,1,1,1,1,1,1,1,1,1,1,1,1,1,1,1,1,1,1,1,1,0,0,0,0,0,0,0,0,0,0,0,0,0,0,0,0,0,0,0,0,0,0,0,0,0,0,0,0,0,0,0,0,32.0,0,Unicorn_Absent,-1,-1.0,4,Unicorn_Absent,241,32.0,32,1.0,32,0.0,0.5,TOP,32.0,0.5,0.0,0.0,ALL
0,8426267270,30,672706,Absent,64,1,1,1,1,1,1,1,1,1,1,1,1,1,1,1,1,1,1,1,1,1,1,1,1,1,1,1,1,1,1,1,1,1,1,1,1,1,1,1,1,1,1,1,1,1,1,1,1,1,1,1,1,1,1,1,1,1,1,1,1,1,1,1,1,32.0,0,Unicorn_Absent,-1,-1.0,1,Unicorn_Absent,401,32.0,64,1.0,64,0.0,1.0,ALL,32.0,1.0,0.0,0.0,ALL
0,8426267270,34,672706,Absent,64,1,1,1,1,1,1,1,1,1,1,1,1,1,1,1,1,1,1,1,1,1,1,1,1,1,1,1,1,1,1,1,1,1,1,1,1,1,1,1,1,1,1,1,1,1,1,1,1,1,1,1,1,1,1,1,1,1,1,1,1,1,1,1,1,32.0,0,Unicorn_Absent,-1,-1.0,1,Unicorn_Absent,529,32.0,64,1.0,64,0.0,1.0,ALL,32.0,1.0,0.0,0.0,ALL
0,8426267270,35,672706,Absent,64,1,1,1,1,1,1,1,1,1,1,1,1,1,1,1,1,1,1,1,1,1,1,1,1,1,1,1,1,1,1,1,1,1,1,1,1,1,1,1,1,1,1,1,1,1,1,1,1,1,1,1,1,1,1,1,1,1,1,1,1,1,1,1,1,32.0,0,Unicorn_Absent,-1,-1.0,1,Unicorn_Absent,561,32.0,64,1.0,64,0.0,1.0,ALL,32.0,1.0,0.0,0.0,ALL
0,8426267270,38,672706,Absent,32,0,0,0,0,1,1,1,1,0,0,0,0,1,1,1,1,0,0,0,0,1,1,1,1,0,0,0,0,1,1,1,1,0,0,0,0,1,1,1,1,0,0,0,0,1,1,1,1,0,0,0,0,1,1,1,1,0,0,0,0,1,1,1,1,32.0,0,Unicorn_Absent,-1,-1.0,6,Unicorn_Absent,657,32.0,32,0.5,32,0.5,0.5,RIGHT,32.0,1.0,0.0,0.0,RIGHT
0,8426267270,43,672706,Absent,32,0,0,0,0,1,1,1,1,0,0,0,0,1,1,1,1,0,0,0,0,1,1,1,1,0,0,0,0,1,1,1,1,0,0,0,0,1,1,1,1,0,0,0,0,1,1,1,1,0,0,0,0,1,1,1,1,0,0,0,0,1,1,1,1,32.0,0,Unicorn_Absent,-1,-1.0,6,Unicorn_Absent,817,32.0,32,1.0,32,0.0,0.5,RIGHT,32.0,1.0,0.0,0.0,RIGHT
0,8426267270,44,672706,Absent,32,0,0,0,0,1,1,1,1,0,0,0,0,1,1,1,1,0,0,0,0,1,1,1,1,0,0,0,0,1,1,1,1,0,0,0,0,1,1,1,1,0,0,0,0,1,1,1,1,0,0,0,0,1,1,1,1,0,0,0,0,1,1,1,1,32.0,0,Unicorn_Absent,-1,-1.0,6,Unicorn_Absent,849,32.0,32,1.0,32,0.0,0.5,RIGHT,32.0,1.0,0.0,0.0,RIGHT
0,8426267270,45,672706,Absent,32,0,0,0,0,1,1,1,1,0,0,0,0,1,1,1,1,0,0,0,0,1,1,1,1,0,0,0,0,1,1,1,1,0,0,0,0,1,1,1,1,0,0,0,0,1,1,1,1,0,0,0,0,1,1,1,1,0,0,0,0,1,1,1,1,32.0,0,Unicorn_Absent,-1,-1.0,6,Unicorn_Absent,881,32.0,32,1.0,32,0.0,0.5,RIGHT,32.0,1.0,0.0,0.0,RIGHT
0,8426267270,52,672706,Absent,32,1,1,1,1,0,0,0,0,1,1,1,1,0,0,0,0,1,1,1,1,0,0,0,0,1,1,1,1,0,0,0,0,1,1,1,1,0,0,0,0,1,1,1,1,0,0,0,0,1,1,1,1,0,0,0,0,1,1,1,1,0,0,0,0,0.0,32,Unicorn_Absent,-1,-1.0,5,Unicorn_Absent,917,15.0,32,0.0,64,0.0,0.5,LEFT,32.0,0.2708333333333333,0.0,0.0,RS
0,8426267270,17,842628,Absent,32,0,0,0,0,0,0,0,0,0,0,0,0,0,0,0,0,0,0,0,0,0,0,0,0,0,0,0,0,0,0,0,0,1,1,1,1,1,1,1,1,1,1,1,1,1,1,1,1,1,1,1,1,1,1,1,1,1,1,1,1,1,1,1,1,32.0,0,Unicorn_Absent,-1,-1.0,3,Unicorn_Absent,81,32.0,32,0.3333333333333333,32,0.3333333333333333,0.5,BOTTOM,16.0,1.0,16.0,0.8444444444444444,BOTTOM
0,8426267270,25,842628,Absent,0,0,0,0,0,0,0,0,0,0,0,0,0,0,0,0,0,0,0,0,0,0,0,0,0,0,0,0,0,0,0,0,0,0,0,0,0,0,0,0,0,0,0,0,0,0,0,0,0,0,0,0,0,0,0,0,0,0,0,0,0,0,0,0,0,32.0,0,Unicorn_Absent,-1,-1.0,2,Unicorn_Absent,241,32.0,0,1.0,32,0.0,0.5,NOTHING,32.0,1.0,0.0,0.0,NOTHING
0,8426267270,30,842628,Absent,0,0,0,0,0,0,0,0,0,0,0,0,0,0,0,0,0,0,0,0,0,0,0,0,0,0,0,0,0,0,0,0,0,0,0,0,0,0,0,0,0,0,0,0,0,0,0,0,0,0,0,0,0,0,0,0,0,0,0,0,0,0,0,0,0,32.0,0,Unicorn_Absent,-1,-1.0,2,Unicorn_Absent,401,32.0,0,1.0,64,0.0,1.0,NOTHING,32.0,1.0,0.0,0.0,NOTHING
0,8426267270,34,842628,Absent,0,0,0,0,0,0,0,0,0,0,0,0,0,0,0,0,0,0,0,0,0,0,0,0,0,0,0,0,0,0,0,0,0,0,0,0,0,0,0,0,0,0,0,0,0,0,0,0,0,0,0,0,0,0,0,0,0,0,0,0,0,0,0,0,0,32.0,0,Unicorn_Absent,-1,-1.0,2,Unicorn_Absent,529,32.0,0,1.0,64,0.0,1.0,NOTHING,32.0,1.0,0.0,0.0,NOTHING
0,8426267270,35,842628,Absent,0,0,0,0,0,0,0,0,0,0,0,0,0,0,0,0,0,0,0,0,0,0,0,0,0,0,0,0,0,0,0,0,0,0,0,0,0,0,0,0,0,0,0,0,0,0,0,0,0,0,0,0,0,0,0,0,0,0,0,0,0,0,0,0,0,32.0,0,Unicorn_Absent,-1,-1.0,2,Unicorn_Absent,561,32.0,0,1.0,64,0.0,1.0,NOTHING,32.0,1.0,0.0,0.0,NOTHING
0,8426267270,38,842628,Absent,0,0,0,0,0,0,0,0,0,0,0,0,0,0,0,0,0,0,0,0,0,0,0,0,0,0,0,0,0,0,0,0,0,0,0,0,0,0,0,0,0,0,0,0,0,0,0,0,0,0,0,0,0,0,0,0,0,0,0,0,0,0,0,0,0,32.0,0,Unicorn_Absent,-1,-1.0,2,Unicorn_Absent,657,32.0,0,1.0,32,0.5,0.5,NOTHING,32.0,1.0,0.0,0.0,NOTHING
0,8426267270,43,842628,Absent,0,0,0,0,0,0,0,0,0,0,0,0,0,0,0,0,0,0,0,0,0,0,0,0,0,0,0,0,0,0,0,0,0,0,0,0,0,0,0,0,0,0,0,0,0,0,0,0,0,0,0,0,0,0,0,0,0,0,0,0,0,0,0,0,0,32.0,0,Unicorn_Absent,-1,-1.0,2,Unicorn_Absent,817,32.0,0,1.0,32,0.0,0.5,NOTHING,32.0,1.0,0.0,0.0,NOTHING
0,8426267270,44,842628,Absent,0,0,0,0,0,0,0,0,0,0,0,0,0,0,0,0,0,0,0,0,0,0,0,0,0,0,0,0,0,0,0,0,0,0,0,0,0,0,0,0,0,0,0,0,0,0,0,0,0,0,0,0,0,0,0,0,0,0,0,0,0,0,0,0,0,32.0,0,Unicorn_Absent,-1,-1.0,2,Unicorn_Absent,849,32.0,0,1.0,32,0.0,0.5,NOTHING,32.0,1.0,0.0,0.0,NOTHING
0,8426267270,45,842628,Absent,0,0,0,0,0,0,0,0,0,0,0,0,0,0,0,0,0,0,0,0,0,0,0,0,0,0,0,0,0,0,0,0,0,0,0,0,0,0,0,0,0,0,0,0,0,0,0,0,0,0,0,0,0,0,0,0,0,0,0,0,0,0,0,0,0,32.0,0,Unicorn_Absent,-1,-1.0,2,Unicorn_Absent,881,32.0,0,1.0,32,0.0,0.5,NOTHING,32.0,1.0,0.0,0.0,NOTHING
0,8426267270,52,842628,Absent,64,1,1,1,1,1,1,1,1,1,1,1,1,1,1,1,1,1,1,1,1,1,1,1,1,1,1,1,1,1,1,1,1,1,1,1,1,1,1,1,1,1,1,1,1,1,1,1,1,1,1,1,1,1,1,1,1,1,1,1,1,1,1,1,1,0.0,32,Unicorn_Absent,-1,-1.0,1,Unicorn_Absent,917,15.0,64,0.0,64,0.0,0.5,ALL,32.0,0.5,0.0,0.0,BOTTOM
0,8873047272,16,472728,Absent,32,1,1,1,1,1,1,1,1,1,1,1,1,1,1,1,1,1,1,1,1,1,1,1,1,1,1,1,1,1,1,1,1,0,0,0,0,0,0,0,0,0,0,0,0,0,0,0,0,0,0,0,0,0,0,0,0,0,0,0,0,0,0,0,0,32.0,0,Unicorn_Absent,-1,-1.0,4,Unicorn_Absent,232,32.0,32,0.3333333333333333,64,0.3333333333333333,1.0,TOP,16.0,1.0,16.0,0.3729189789123196,TOP
0,8873047272,23,472728,Absent,32,1,1,1,1,1,1,1,1,1,1,1,1,1,1,1,1,1,1,1,1,1,1,1,1,1,1,1,1,1,1,1,1,0,0,0,0,0,0,0,0,0,0,0,0,0,0,0,0,0,0,0,0,0,0,0,0,0,0,0,0,0,0,0,0,32.0,0,Unicorn_Absent,-1,-1.0,4,Unicorn_Absent,456,32.0,32,1.0,64,0.0,1.0,TOP,32.0,1.0,0.0,0.0,TOP
0,8873047272,24,472728,Absent,32,1,1,1,1,1,1,1,1,1,1,1,1,1,1,1,1,1,1,1,1,1,1,1,1,1,1,1,1,1,1,1,1,0,0,0,0,0,0,0,0,0,0,0,0,0,0,0,0,0,0,0,0,0,0,0,0,0,0,0,0,0,0,0,0,32.0,0,Unicorn_Absent,-1,-1.0,4,Unicorn_Absent,488,32.0,32,1.0,64,0.0,1.0,TOP,32.0,1.0,0.0,0.0,TOP
0,8873047272,27,472728,Absent,32,1,1,1,1,1,1,1,1,1,1,1,1,1,1,1,1,1,1,1,1,1,1,1,1,1,1,1,1,1,1,1,1,0,0,0,0,0,0,0,0,0,0,0,0,0,0,0,0,0,0,0,0,0,0,0,0,0,0,0,0,0,0,0,0,32.0,0,Unicorn_Absent,-1,-1.0,4,Unicorn_Absent,584,32.0,32,1.0,64,0.0,1.0,TOP,32.0,1.0,0.0,0.0,TOP
0,8873047272,30,472728,Absent,32,1,1,1,1,1,1,1,1,1,1,1,1,1,1,1,1,1,1,1,1,1,1,1,1,1,1,1,1,1,1,1,1,0,0,0,0,0,0,0,0,0,0,0,0,0,0,0,0,0,0,0,0,0,0,0,0,0,0,0,0,0,0,0,0,32.0,0,Unicorn_Absent,-1,-1.0,4,Unicorn_Absent,680,32.0,32,1.0,64,0.0,1.0,TOP,32.0,1.0,0.0,0.0,TOP
0,8873047272,40,472728,Absent,32,1,1,1,1,1,1,1,1,1,1,1,1,1,1,1,1,1,1,1,1,1,1,1,1,1,1,1,1,1,1,1,1,0,0,0,0,0,0,0,0,0,0,0,0,0,0,0,0,0,0,0,0,0,0,0,0,0,0,0,0,0,0,0,0,32.0,0,Unicorn_Absent,-1,-1.0,4,Unicorn_Absent,1000,32.0,32,1.0,64,0.0,1.0,TOP,32.0,1.0,0.0,0.0,TOP
0,8873047272,41,472728,Absent,32,1,1,1,1,1,1,1,1,1,1,1,1,1,1,1,1,1,1,1,1,1,1,1,1,1,1,1,1,1,1,1,1,0,0,0,0,0,0,0,0,0,0,0,0,0,0,0,0,0,0,0,0,0,0,0,0,0,0,0,0,0,0,0,0,32.0,0,Unicorn_Absent,-1,-1.0,4,Unicorn_Absent,1032,32.0,32,1.0,64,0.0,1.0,TOP,32.0,1.0,0.0,0.0,TOP
0,8873047272,42,472728,Absent,32,1,1,1,1,1,1,1,1,1,1,1,1,1,1,1,1,1,1,1,1,1,1,1,1,1,1,1,1,1,1,1,1,0,0,0,0,0,0,0,0,0,0,0,0,0,0,0,0,0,0,0,0,0,0,0,0,0,0,0,0,0,0,0,0,32.0,0,Unicorn_Absent,-1,-1.0,4,Unicorn_Absent,1064,32.0,32,1.0,64,0.0,1.0,TOP,32.0,1.0,0.0,0.0,TOP
0,8873047272,43,472728,Absent,32,1,1,1,1,1,1,1,1,1,1,1,1,1,1,1,1,1,1,1,1,1,1,1,1,1,1,1,1,1,1,1,1,0,0,0,0,0,0,0,0,0,0,0,0,0,0,0,0,0,0,0,0,0,0,0,0,0,0,0,0,0,0,0,0,32.0,0,Unicorn_Absent,-1,-1.0,4,Unicorn_Absent,1096,32.0,32,1.0,64,0.0,1.0,TOP,32.0,1.0,0.0,0.0,TOP
0,8873047272,44,472728,Absent,32,1,1,1,1,1,1,1,1,1,1,1,1,1,1,1,1,1,1,1,1,1,1,1,1,1,1,1,1,1,1,1,1,0,0,0,0,0,0,0,0,0,0,0,0,0,0,0,0,0,0,0,0,0,0,0,0,0,0,0,0,0,0,0,0,32.0,0,Unicorn_Absent,-1,-1.0,4,Unicorn_Absent,1128,32.0,32,1.0,64,0.0,1.0,TOP,32.0,1.0,0.0,0.0,TOP
0,8873047272,45,472728,Absent,32,1,1,1,1,1,1,1,1,1,1,1,1,1,1,1,1,1,1,1,1,1,1,1,1,1,1,1,1,1,1,1,1,0,0,0,0,0,0,0,0,0,0,0,0,0,0,0,0,0,0,0,0,0,0,0,0,0,0,0,0,0,0,0,0,32.0,0,Unicorn_Absent,-1,-1.0,4,Unicorn_Absent,1160,32.0,32,1.0,64,0.0,1.0,TOP,32.0,1.0,0.0,0.0,TOP
0,8873047272,46,472728,Absent,32,1,1,1,1,1,1,1,1,1,1,1,1,1,1,1,1,1,1,1,1,1,1,1,1,1,1,1,1,1,1,1,1,0,0,0,0,0,0,0,0,0,0,0,0,0,0,0,0,0,0,0,0,0,0,0,0,0,0,0,0,0,0,0,0,32.0,0,Unicorn_Absent,-1,-1.0,4,Unicorn_Absent,1192,32.0,32,1.0,64,0.0,1.0,TOP,32.0,1.0,0.0,0.0,TOP
0,8873047272,47,472728,Absent,32,1,1,1,1,1,1,1,1,1,1,1,1,1,1,1,1,1,1,1,1,1,1,1,1,1,1,1,1,1,1,1,1,0,0,0,0,0,0,0,0,0,0,0,0,0,0,0,0,0,0,0,0,0,0,0,0,0,0,0,0,0,0,0,0,32.0,0,Unicorn_Absent,-1,-1.0,4,Unicorn_Absent,1224,32.0,32,1.0,64,0.0,1.0,TOP,32.0,1.0,0.0,0.0,TOP
0,8873047272,16,887304,Absent,32,0,0,0,0,0,0,0,0,0,0,0,0,0,0,0,0,0,0,0,0,0,0,0,0,0,0,0,0,0,0,0,0,1,1,1,1,1,1,1,1,1,1,1,1,1,1,1,1,1,1,1,1,1,1,1,1,1,1,1,1,1,1,1,1,32.0,0,Unicorn_Absent,-1,-1.0,3,Unicorn_Absent,232,32.0,32,0.0,64,0.3333333333333333,1.0,BOTTOM,16.0,1.0,16.0,0.3729189789123196,BOTTOM
0,8873047272,23,887304,Absent,32,0,0,0,0,0,0,0,0,0,0,0,0,0,0,0,0,0,0,0,0,0,0,0,0,0,0,0,0,0,0,0,0,1,1,1,1,1,1,1,1,1,1,1,1,1,1,1,1,1,1,1,1,1,1,1,1,1,1,1,1,1,1,1,1,32.0,0,Unicorn_Absent,-1,-1.0,3,Unicorn_Absent,456,32.0,32,1.0,64,0.0,1.0,BOTTOM,32.0,1.0,0.0,0.0,BOTTOM
0,8873047272,24,887304,Absent,32,0,0,0,0,0,0,0,0,0,0,0,0,0,0,0,0,0,0,0,0,0,0,0,0,0,0,0,0,0,0,0,0,1,1,1,1,1,1,1,1,1,1,1,1,1,1,1,1,1,1,1,1,1,1,1,1,1,1,1,1,1,1,1,1,32.0,0,Unicorn_Absent,-1,-1.0,3,Unicorn_Absent,488,32.0,32,1.0,64,0.0,1.0,BOTTOM,32.0,1.0,0.0,0.0,BOTTOM
0,8873047272,27,887304,Absent,32,0,0,0,0,0,0,0,0,0,0,0,0,0,0,0,0,0,0,0,0,0,0,0,0,0,0,0,0,0,0,0,0,1,1,1,1,1,1,1,1,1,1,1,1,1,1,1,1,1,1,1,1,1,1,1,1,1,1,1,1,1,1,1,1,32.0,0,Unicorn_Absent,-1,-1.0,3,Unicorn_Absent,584,32.0,32,1.0,64,0.0,1.0,BOTTOM,32.0,1.0,0.0,0.0,BOTTOM
0,8873047272,30,887304,Absent,32,0,0,0,0,0,0,0,0,0,0,0,0,0,0,0,0,0,0,0,0,0,0,0,0,0,0,0,0,0,0,0,0,1,1,1,1,1,1,1,1,1,1,1,1,1,1,1,1,1,1,1,1,1,1,1,1,1,1,1,1,1,1,1,1,32.0,0,Unicorn_Absent,-1,-1.0,3,Unicorn_Absent,680,32.0,32,1.0,64,0.0,1.0,BOTTOM,32.0,1.0,0.0,0.0,BOTTOM
0,8873047272,40,887304,Absent,32,0,0,0,0,0,0,0,0,0,0,0,0,0,0,0,0,0,0,0,0,0,0,0,0,0,0,0,0,0,0,0,0,1,1,1,1,1,1,1,1,1,1,1,1,1,1,1,1,1,1,1,1,1,1,1,1,1,1,1,1,1,1,1,1,32.0,0,Unicorn_Absent,-1,-1.0,3,Unicorn_Absent,1000,32.0,32,1.0,64,0.0,1.0,BOTTOM,32.0,1.0,0.0,0.0,BOTTOM
0,8873047272,41,887304,Absent,32,0,0,0,0,0,0,0,0,0,0,0,0,0,0,0,0,0,0,0,0,0,0,0,0,0,0,0,0,0,0,0,0,1,1,1,1,1,1,1,1,1,1,1,1,1,1,1,1,1,1,1,1,1,1,1,1,1,1,1,1,1,1,1,1,32.0,0,Unicorn_Absent,-1,-1.0,3,Unicorn_Absent,1032,32.0,32,1.0,64,0.0,1.0,BOTTOM,32.0,1.0,0.0,0.0,BOTTOM
0,8873047272,42,887304,Absent,32,0,0,0,0,0,0,0,0,0,0,0,0,0,0,0,0,0,0,0,0,0,0,0,0,0,0,0,0,0,0,0,0,1,1,1,1,1,1,1,1,1,1,1,1,1,1,1,1,1,1,1,1,1,1,1,1,1,1,1,1,1,1,1,1,32.0,0,Unicorn_Absent,-1,-1.0,3,Unicorn_Absent,1064,32.0,32,1.0,64,0.0,1.0,BOTTOM,32.0,1.0,0.0,0.0,BOTTOM
0,8873047272,43,887304,Absent,32,0,0,0,0,0,0,0,0,0,0,0,0,0,0,0,0,0,0,0,0,0,0,0,0,0,0,0,0,0,0,0,0,1,1,1,1,1,1,1,1,1,1,1,1,1,1,1,1,1,1,1,1,1,1,1,1,1,1,1,1,1,1,1,1,32.0,0,Unicorn_Absent,-1,-1.0,3,Unicorn_Absent,1096,32.0,32,1.0,64,0.0,1.0,BOTTOM,32.0,1.0,0.0,0.0,BOTTOM
0,8873047272,44,887304,Absent,32,0,0,0,0,0,0,0,0,0,0,0,0,0,0,0,0,0,0,0,0,0,0,0,0,0,0,0,0,0,0,0,0,1,1,1,1,1,1,1,1,1,1,1,1,1,1,1,1,1,1,1,1,1,1,1,1,1,1,1,1,1,1,1,1,32.0,0,Unicorn_Absent,-1,-1.0,3,Unicorn_Absent,1128,32.0,32,1.0,64,0.0,1.0,BOTTOM,32.0,1.0,0.0,0.0,BOTTOM
0,8873047272,45,887304,Absent,32,0,0,0,0,0,0,0,0,0,0,0,0,0,0,0,0,0,0,0,0,0,0,0,0,0,0,0,0,0,0,0,0,1,1,1,1,1,1,1,1,1,1,1,1,1,1,1,1,1,1,1,1,1,1,1,1,1,1,1,1,1,1,1,1,32.0,0,Unicorn_Absent,-1,-1.0,3,Unicorn_Absent,1160,32.0,32,1.0,64,0.0,1.0,BOTTOM,32.0,1.0,0.0,0.0,BOTTOM
0,8873047272,46,887304,Absent,32,0,0,0,0,0,0,0,0,0,0,0,0,0,0,0,0,0,0,0,0,0,0,0,0,0,0,0,0,0,0,0,0,1,1,1,1,1,1,1,1,1,1,1,1,1,1,1,1,1,1,1,1,1,1,1,1,1,1,1,1,1,1,1,1,32.0,0,Unicorn_Absent,-1,-1.0,3,Unicorn_Absent,1192,32.0,32,1.0,64,0.0,1.0,BOTTOM,32.0,1.0,0.0,0.0,BOTTOM
0,8873047272,47,887304,Absent,32,0,0,0,0,0,0,0,0,0,0,0,0,0,0,0,0,0,0,0,0,0,0,0,0,0,0,0,0,0,0,0,0,1,1,1,1,1,1,1,1,1,1,1,1,1,1,1,1,1,1,1,1,1,1,1,1,1,1,1,1,1,1,1,1,32.0,0,Unicorn_Absent,-1,-1.0,3,Unicorn_Absent,1224,32.0,32,1.0,64,0.0,1.0,BOTTOM,32.0,1.0,0.0,0.0,BOTTOM
0,9039245777,5,45777,Absent,0,0,0,0,0,0,0,0,0,0,0,0,0,0,0,0,0,0,0,0,0,0,0,0,0,0,0,0,0,0,0,0,0,0,0,0,0,0,0,0,0,0,0,0,0,0,0,0,0,0,0,0,0,0,0,0,0,0,0,0,0,0,0,0,0,32.0,0,Unicorn_Absent,-1,-1.0,2,Unicorn_Absent,62,32.0,0,,32,,0.5,NOTHING,,1.0,,,NOTHING
0,9039245777,11,45777,Absent,0,0,0,0,0,0,0,0,0,0,0,0,0,0,0,0,0,0,0,0,0,0,0,0,0,0,0,0,0,0,0,0,0,0,0,0,0,0,0,0,0,0,0,0,0,0,0,0,0,0,0,0,0,0,0,0,0,0,0,0,0,0,0,0,0,32.0,0,Unicorn_Absent,-1,-1.0,2,Unicorn_Absent,254,32.0,0,1.0,64,0.5,1.0,NOTHING,32.0,1.0,0.0,0.0,NOTHING
0,9039245777,14,45777,Absent,0,0,0,0,0,0,0,0,0,0,0,0,0,0,0,0,0,0,0,0,0,0,0,0,0,0,0,0,0,0,0,0,0,0,0,0,0,0,0,0,0,0,0,0,0,0,0,0,0,0,0,0,0,0,0,0,0,0,0,0,0,0,0,0,0,32.0,0,Unicorn_Absent,-1,-1.0,2,Unicorn_Absent,350,32.0,0,1.0,64,0.0,1.0,NOTHING,32.0,1.0,0.0,0.0,NOTHING
0,9039245777,17,45777,Absent,0,0,0,0,0,0,0,0,0,0,0,0,0,0,0,0,0,0,0,0,0,0,0,0,0,0,0,0,0,0,0,0,0,0,0,0,0,0,0,0,0,0,0,0,0,0,0,0,0,0,0,0,0,0,0,0,0,0,0,0,0,0,0,0,0,32.0,0,Unicorn_Absent,-1,-1.0,2,Unicorn_Absent,446,32.0,0,1.0,64,0.0,1.0,NOTHING,32.0,1.0,0.0,0.0,NOTHING
0,9039245777,18,45777,Absent,0,0,0,0,0,0,0,0,0,0,0,0,0,0,0,0,0,0,0,0,0,0,0,0,0,0,0,0,0,0,0,0,0,0,0,0,0,0,0,0,0,0,0,0,0,0,0,0,0,0,0,0,0,0,0,0,0,0,0,0,0,0,0,0,0,32.0,0,Unicorn_Absent,-1,-1.0,2,Unicorn_Absent,478,32.0,0,1.0,64,0.0,1.0,NOTHING,32.0,1.0,0.0,0.0,NOTHING
0,9039245777,25,45777,Absent,0,0,0,0,0,0,0,0,0,0,0,0,0,0,0,0,0,0,0,0,0,0,0,0,0,0,0,0,0,0,0,0,0,0,0,0,0,0,0,0,0,0,0,0,0,0,0,0,0,0,0,0,0,0,0,0,0,0,0,0,0,0,0,0,0,32.0,0,Unicorn_Absent,-1,-1.0,2,Unicorn_Absent,702,32.0,0,1.0,64,0.0,1.0,NOTHING,32.0,1.0,0.0,0.0,NOTHING
0,9039245777,26,45777,Absent,0,0,0,0,0,0,0,0,0,0,0,0,0,0,0,0,0,0,0,0,0,0,0,0,0,0,0,0,0,0,0,0,0,0,0,0,0,0,0,0,0,0,0,0,0,0,0,0,0,0,0,0,0,0,0,0,0,0,0,0,0,0,0,0,0,32.0,0,Unicorn_Absent,-1,-1.0,2,Unicorn_Absent,734,32.0,0,1.0,64,0.0,1.0,NOTHING,32.0,1.0,0.0,0.0,NOTHING
0,9039245777,30,45777,Absent,0,0,0,0,0,0,0,0,0,0,0,0,0,0,0,0,0,0,0,0,0,0,0,0,0,0,0,0,0,0,0,0,0,0,0,0,0,0,0,0,0,0,0,0,0,0,0,0,0,0,0,0,0,0,0,0,0,0,0,0,0,0,0,0,0,32.0,0,Unicorn_Absent,-1,-1.0,2,Unicorn_Absent,862,32.0,0,1.0,64,0.0,1.0,NOTHING,32.0,1.0,0.0,0.0,NOTHING
0,9039245777,31,45777,Absent,0,0,0,0,0,0,0,0,0,0,0,0,0,0,0,0,0,0,0,0,0,0,0,0,0,0,0,0,0,0,0,0,0,0,0,0,0,0,0,0,0,0,0,0,0,0,0,0,0,0,0,0,0,0,0,0,0,0,0,0,0,0,0,0,0,32.0,0,Unicorn_Absent,-1,-1.0,2,Unicorn_Absent,894,32.0,0,1.0,64,0.0,1.0,NOTHING,32.0,1.0,0.0,0.0,NOTHING
0,9039245777,36,45777,Absent,0,0,0,0,0,0,0,0,0,0,0,0,0,0,0,0,0,0,0,0,0,0,0,0,0,0,0,0,0,0,0,0,0,0,0,0,0,0,0,0,0,0,0,0,0,0,0,0,0,0,0,0,0,0,0,0,0,0,0,0,0,0,0,0,0,32.0,0,Unicorn_Absent,-1,-1.0,2,Unicorn_Absent,1054,32.0,0,1.0,64,0.0,1.0,NOTHING,32.0,1.0,0.0,0.0,NOTHING
0,9039245777,37,45777,Absent,0,0,0,0,0,0,0,0,0,0,0,0,0,0,0,0,0,0,0,0,0,0,0,0,0,0,0,0,0,0,0,0,0,0,0,0,0,0,0,0,0,0,0,0,0,0,0,0,0,0,0,0,0,0,0,0,0,0,0,0,0,0,0,0,0,32.0,0,Unicorn_Absent,-1,-1.0,2,Unicorn_Absent,1086,32.0,0,1.0,64,0.0,1.0,NOTHING,32.0,1.0,0.0,0.0,NOTHING
0,9039245777,57,45777,Absent,28,1,1,1,1,1,1,1,1,1,0,0,0,0,0,0,1,1,0,0,0,0,0,0,1,1,0,0,0,0,0,0,1,1,0,0,0,0,0,0,1,1,0,0,0,0,0,0,1,1,0,0,0,0,0,0,1,1,1,1,1,1,1,1,1,32.0,0,Unicorn_Absent,-1,-1.0,8,Unicorn_Absent,1213,32.0,28,0.30434782608695654,64,0.0999074930619796,1.0,OUT,18.0,1.0,14.0,0.12222222222222223,OUT
0,9039245777,5,903925,Absent,32,0,0,0,0,0,0,0,0,0,0,0,0,0,0,0,0,0,0,0,0,0,0,0,0,0,0,0,0,0,0,0,0,1,1,1,1,1,1,1,1,1,1,1,1,1,1,1,1,1,1,1,1,1,1,1,1,1,1,1,1,1,1,1,1,32.0,0,Unicorn_Absent,-1,-1.0,3,Unicorn_Absent,62,32.0,32,,32,,0.5,BOTTOM,,1.0,,,BOTTOM
0,9039245777,11,903925,Absent,64,1,1,1,1,1,1,1,1,1,1,1,1,1,1,1,1,1,1,1,1,1,1,1,1,1,1,1,1,1,1,1,1,1,1,1,1,1,1,1,1,1,1,1,1,1,1,1,1,1,1,1,1,1,1,1,1,1,1,1,1,1,1,1,1,32.0,0,Unicorn_Absent,-1,-1.0,1,Unicorn_Absent,254,32.0,64,0.5,64,0.5,1.0,ALL,32.0,1.0,0.0,0.0,ALL
0,9039245777,14,903925,Absent,64,1,1,1,1,1,1,1,1,1,1,1,1,1,1,1,1,1,1,1,1,1,1,1,1,1,1,1,1,1,1,1,1,1,1,1,1,1,1,1,1,1,1,1,1,1,1,1,1,1,1,1,1,1,1,1,1,1,1,1,1,1,1,1,1,32.0,0,Unicorn_Absent,-1,-1.0,1,Unicorn_Absent,350,32.0,64,1.0,64,0.0,1.0,ALL,32.0,1.0,0.0,0.0,ALL
0,9039245777,17,903925,Absent,64,1,1,1,1,1,1,1,1,1,1,1,1,1,1,1,1,1,1,1,1,1,1,1,1,1,1,1,1,1,1,1,1,1,1,1,1,1,1,1,1,1,1,1,1,1,1,1,1,1,1,1,1,1,1,1,1,1,1,1,1,1,1,1,1,32.0,0,Unicorn_Absent,-1,-1.0,1,Unicorn_Absent,446,32.0,64,1.0,64,0.0,1.0,ALL,32.0,1.0,0.0,0.0,ALL
0,9039245777,18,903925,Absent,64,1,1,1,1,1,1,1,1,1,1,1,1,1,1,1,1,1,1,1,1,1,1,1,1,1,1,1,1,1,1,1,1,1,1,1,1,1,1,1,1,1,1,1,1,1,1,1,1,1,1,1,1,1,1,1,1,1,1,1,1,1,1,1,1,32.0,0,Unicorn_Absent,-1,-1.0,1,Unicorn_Absent,478,32.0,64,1.0,64,0.0,1.0,ALL,32.0,1.0,0.0,0.0,ALL
0,9039245777,25,903925,Absent,64,1,1,1,1,1,1,1,1,1,1,1,1,1,1,1,1,1,1,1,1,1,1,1,1,1,1,1,1,1,1,1,1,1,1,1,1,1,1,1,1,1,1,1,1,1,1,1,1,1,1,1,1,1,1,1,1,1,1,1,1,1,1,1,1,32.0,0,Unicorn_Absent,-1,-1.0,1,Unicorn_Absent,702,32.0,64,1.0,64,0.0,1.0,ALL,32.0,1.0,0.0,0.0,ALL
0,9039245777,26,903925,Absent,64,1,1,1,1,1,1,1,1,1,1,1,1,1,1,1,1,1,1,1,1,1,1,1,1,1,1,1,1,1,1,1,1,1,1,1,1,1,1,1,1,1,1,1,1,1,1,1,1,1,1,1,1,1,1,1,1,1,1,1,1,1,1,1,1,32.0,0,Unicorn_Absent,-1,-1.0,1,Unicorn_Absent,734,32.0,64,1.0,64,0.0,1.0,ALL,32.0,1.0,0.0,0.0,ALL
0,9039245777,30,903925,Absent,64,1,1,1,1,1,1,1,1,1,1,1,1,1,1,1,1,1,1,1,1,1,1,1,1,1,1,1,1,1,1,1,1,1,1,1,1,1,1,1,1,1,1,1,1,1,1,1,1,1,1,1,1,1,1,1,1,1,1,1,1,1,1,1,1,32.0,0,Unicorn_Absent,-1,-1.0,1,Unicorn_Absent,862,32.0,64,1.0,64,0.0,1.0,ALL,32.0,1.0,0.0,0.0,ALL
0,9039245777,31,903925,Absent,64,1,1,1,1,1,1,1,1,1,1,1,1,1,1,1,1,1,1,1,1,1,1,1,1,1,1,1,1,1,1,1,1,1,1,1,1,1,1,1,1,1,1,1,1,1,1,1,1,1,1,1,1,1,1,1,1,1,1,1,1,1,1,1,1,32.0,0,Unicorn_Absent,-1,-1.0,1,Unicorn_Absent,894,32.0,64,1.0,64,0.0,1.0,ALL,32.0,1.0,0.0,0.0,ALL
0,9039245777,36,903925,Absent,64,1,1,1,1,1,1,1,1,1,1,1,1,1,1,1,1,1,1,1,1,1,1,1,1,1,1,1,1,1,1,1,1,1,1,1,1,1,1,1,1,1,1,1,1,1,1,1,1,1,1,1,1,1,1,1,1,1,1,1,1,1,1,1,1,32.0,0,Unicorn_Absent,-1,-1.0,1,Unicorn_Absent,1054,32.0,64,1.0,64,0.0,1.0,ALL,32.0,1.0,0.0,0.0,ALL
0,9039245777,37,903925,Absent,64,1,1,1,1,1,1,1,1,1,1,1,1,1,1,1,1,1,1,1,1,1,1,1,1,1,1,1,1,1,1,1,1,1,1,1,1,1,1,1,1,1,1,1,1,1,1,1,1,1,1,1,1,1,1,1,1,1,1,1,1,1,1,1,1,32.0,0,Unicorn_Absent,-1,-1.0,1,Unicorn_Absent,1086,32.0,64,1.0,64,0.0,1.0,ALL,32.0,1.0,0.0,0.0,ALL
0,9039245777,57,903925,Absent,36,0,0,0,0,0,0,0,0,0,1,1,1,1,1,1,0,0,1,1,1,1,1,1,0,0,1,1,1,1,1,1,0,0,1,1,1,1,1,1,0,0,1,1,1,1,1,1,0,0,1,1,1,1,1,1,0,0,0,0,0,0,0,0,0,32.0,0,Unicorn_Absent,-1,-1.0,7,Unicorn_Absent,1213,32.0,36,0.40425531914893614,64,0.0999074930619796,1.0,IN,18.0,1.0,14.0,0.12222222222222223,IN
0,9142169942,1,699425,Absent,12,0,1,1,0,0,1,0,0,1,0,0,0,0,0,0,0,0,1,0,0,0,0,0,0,0,0,0,0,0,0,1,0,0,0,0,0,0,0,0,1,0,0,0,0,0,0,0,0,1,0,0,0,0,0,0,0,1,1,0,0,1,0,1,0,23.0,9,Unicorn_Absent,-1,-1.0,0,Unicorn_Absent,23,18.0,12,,59,,0.78125,RS,,0.15789473684210525,,,BOTTOM
0,9142169942,6,699425,Absent,36,0,0,0,0,0,0,0,0,0,1,1,1,1,1,1,0,0,1,1,1,1,1,1,0,0,1,1,1,1,1,1,0,0,1,1,1,1,1,1,0,0,1,1,1,1,1,1,0,0,1,1,1,1,1,1,0,0,0,0,0,0,0,0,0,32.0,0,Unicorn_Absent,-1,-1.0,7,Unicorn_Absent,169,32.0,36,1.0,64,0.0,1.0,IN,32.0,1.0,0.0,0.64,IN
0,9142169942,7,699425,Absent,36,0,0,0,0,0,0,0,0,0,1,1,1,1,1,1,0,0,1,1,1,1,1,1,0,0,1,1,1,1,1,1,0,0,1,1,1,1,1,1,0,0,1,1,1,1,1,1,0,0,1,1,1,1,1,1,0,0,0,0,0,0,0,0,0,32.0,0,Unicorn_Absent,-1,-1.0,7,Unicorn_Absent,201,32.0,36,1.0,64,0.0,1.0,IN,32.0,1.0,0.0,0.0,IN
0,9142169942,8,699425,Absent,36,0,0,0,0,0,0,0,0,0,1,1,1,1,1,1,0,0,1,1,1,1,1,1,0,0,1,1,1,1,1,1,0,0,1,1,1,1,1,1,0,0,1,1,1,1,1,1,0,0,1,1,1,1,1,1,0,0,0,0,0,0,0,0,0,32.0,0,Unicorn_Absent,-1,-1.0,7,Unicorn_Absent,233,32.0,36,1.0,64,0.0,1.0,IN,32.0,1.0,0.0,0.0,IN
0,9142169942,9,699425,Absent,36,0,0,0,0,0,0,0,0,0,1,1,1,1,1,1,0,0,1,1,1,1,1,1,0,0,1,1,1,1,1,1,0,0,1,1,1,1,1,1,0,0,1,1,1,1,1,1,0,0,1,1,1,1,1,1,0,0,0,0,0,0,0,0,0,32.0,0,Unicorn_Absent,-1,-1.0,7,Unicorn_Absent,265,32.0,36,1.0,64,0.0,1.0,IN,32.0,1.0,0.0,0.0,IN
0,9142169942,12,699425,Absent,36,0,0,0,0,0,0,0,0,0,1,1,1,1,1,1,0,0,1,1,1,1,1,1,0,0,1,1,1,1,1,1,0,0,1,1,1,1,1,1,0,0,1,1,1,1,1,1,0,0,1,1,1,1,1,1,0,0,0,0,0,0,0,0,0,32.0,0,Unicorn_Absent,-1,-1.0,7,Unicorn_Absent,361,32.0,36,1.0,64,0.0,1.0,IN,32.0,1.0,0.0,0.0,IN
0,9142169942,22,699425,Absent,36,0,0,0,0,0,0,0,0,0,1,1,1,1,1,1,0,0,1,1,1,1,1,1,0,0,1,1,1,1,1,1,0,0,1,1,1,1,1,1,0,0,1,1,1,1,1,1,0,0,1,1,1,1,1,1,0,0,0,0,0,0,0,0,0,32.0,0,Unicorn_Absent,-1,-1.0,7,Unicorn_Absent,681,32.0,36,1.0,64,0.0,1.0,IN,32.0,1.0,0.0,0.0,IN
0,9142169942,34,699425,Absent,32,1,1,1,1,0,0,0,0,1,1,1,1,0,0,0,0,1,1,1,1,0,0,0,0,1,1,1,1,0,0,0,0,1,1,1,1,0,0,0,0,1,1,1,1,0,0,0,0,1,1,1,1,0,0,0,0,1,1,1,1,0,0,0,0,14.0,18,Unicorn_Absent,-1,-1.0,5,Unicorn_Absent,737,14.0,32,0.3333333333333333,50,0.22916666666666669,0.5,LEFT,0.0,1.0,32.0,0.5625,LEFT
0,9142169942,35,699425,Absent,32,1,1,1,1,0,0,0,0,1,1,1,1,0,0,0,0,1,1,1,1,0,0,0,0,1,1,1,1,0,0,0,0,1,1,1,1,0,0,0,0,1,1,1,1,0,0,0,0,1,1,1,1,0,0,0,0,1,1,1,1,0,0,0,0,14.0,18,Unicorn_Absent,-1,-1.0,5,Unicorn_Absent,751,14.0,32,1.0,50,0.0,0.5,LEFT,14.0,1.0,18.0,0.22916666666666669,LEFT
0,9142169942,38,699425,Absent,36,0,0,0,0,0,0,0,0,0,1,1,1,1,1,1,0,0,1,1,1,1,1,1,0,0,1,1,1,1,1,1,0,0,1,1,1,1,1,1,0,0,1,1,1,1,1,1,0,0,1,1,1,1,1,1,0,0,0,0,0,0,0,0,0,-4.0,36,Unicorn_Absent,-1,-1.0,7,Unicorn_Absent,679,9.0,36,0.36,36,0.64,0.0,IN,14.0,0.3898305084745763,18.0,0.0,RS
0,9142169942,39,699425,Absent,46,1,0,1,0,1,1,1,0,1,1,0,1,1,0,1,1,1,1,1,0,1,0,0,1,1,1,1,1,0,1,1,1,1,0,0,1,1,0,1,0,1,0,1,0,1,1,0,1,1,0,1,1,1,1,1,1,1,1,0,1,1,1,1,1,9.0,23,Unicorn_Absent,-1,-1.0,0,Unicorn_Absent,688,14.0,46,0.3898305084745763,59,0.6101694915254237,0.5625,RS,-4.0,0.41818181818181815,36.0,0.64,BOTTOM
0,9142169942,40,699425,Absent,32,0,0,0,0,0,0,0,0,0,0,0,0,0,0,0,0,0,0,0,0,0,0,0,0,0,0,0,0,0,0,0,0,1,1,1,1,1,1,1,1,1,1,1,1,1,1,1,1,1,1,1,1,1,1,1,1,1,1,1,1,1,1,1,1,14.0,18,Unicorn_Absent,-1,-1.0,3,Unicorn_Absent,702,14.0,32,0.41818181818181815,50,0.5818181818181818,0.5,BOTTOM,9.0,1.0,23.0,0.6101694915254237,BOTTOM
0,9142169942,48,699425,Absent,32,0,0,0,0,0,0,0,0,0,0,0,0,0,0,0,0,0,0,0,0,0,0,0,0,0,0,0,0,0,0,0,0,1,1,1,1,1,1,1,1,1,1,1,1,1,1,1,1,1,1,1,1,1,1,1,1,1,1,1,1,1,1,1,1,32.0,0,Unicorn_Absent,-1,-1.0,3,Unicorn_Absent,892,32.0,32,1.0,64,0.64,1.0,BOTTOM,14.0,1.0,18.0,0.0,BOTTOM
0,9142169942,53,699425,Absent,32,0,0,0,0,0,0,0,0,0,0,0,0,0,0,0,0,0,0,0,0,0,0,0,0,0,0,0,0,0,0,0,0,1,1,1,1,1,1,1,1,1,1,1,1,1,1,1,1,1,1,1,1,1,1,1,1,1,1,1,1,1,1,1,1,32.0,0,Unicorn_Absent,-1,-1.0,3,Unicorn_Absent,1052,32.0,32,1.0,64,0.0,1.0,BOTTOM,32.0,1.0,0.0,0.0,BOTTOM
0,9142169942,56,699425,Absent,32,0,0,0,0,0,0,0,0,0,0,0,0,0,0,0,0,0,0,0,0,0,0,0,0,0,0,0,0,0,0,0,0,1,1,1,1,1,1,1,1,1,1,1,1,1,1,1,1,1,1,1,1,1,1,1,1,1,1,1,1,1,1,1,1,32.0,0,Unicorn_Absent,-1,-1.0,3,Unicorn_Absent,1148,32.0,32,1.0,64,0.0,1.0,BOTTOM,32.0,1.0,0.0,0.0,BOTTOM
0,9142169942,57,699425,Absent,32,0,0,0,0,0,0,0,0,0,0,0,0,0,0,0,0,0,0,0,0,0,0,0,0,0,0,0,0,0,0,0,0,1,1,1,1,1,1,1,1,1,1,1,1,1,1,1,1,1,1,1,1,1,1,1,1,1,1,1,1,1,1,1,1,32.0,0,Unicorn_Absent,-1,-1.0,3,Unicorn_Absent,1180,32.0,32,1.0,64,0.0,1.0,BOTTOM,32.0,1.0,0.0,0.0,BOTTOM
0,9142169942,58,699425,Absent,32,0,0,0,0,0,0,0,0,0,0,0,0,0,0,0,0,0,0,0,0,0,0,0,0,0,0,0,0,0,0,0,0,1,1,1,1,1,1,1,1,1,1,1,1,1,1,1,1,1,1,1,1,1,1,1,1,1,1,1,1,1,1,1,1,32.0,0,Unicorn_Absent,-1,-1.0,3,Unicorn_Absent,1212,32.0,32,1.0,64,0.0,1.0,BOTTOM,32.0,1.0,0.0,0.0,BOTTOM
0,9142169942,59,699425,Absent,32,0,0,0,0,0,0,0,0,0,0,0,0,0,0,0,0,0,0,0,0,0,0,0,0,0,0,0,0,0,0,0,0,1,1,1,1,1,1,1,1,1,1,1,1,1,1,1,1,1,1,1,1,1,1,1,1,1,1,1,1,1,1,1,1,32.0,0,Unicorn_Absent,-1,-1.0,3,Unicorn_Absent,1244,32.0,32,1.0,64,0.0,1.0,BOTTOM,32.0,1.0,0.0,0.0,BOTTOM
0,9142169942,1,914217,Absent,56,0,1,1,0,1,1,1,1,1,1,1,0,1,1,1,1,1,0,1,1,1,1,1,1,1,1,1,1,1,1,1,1,1,0,1,1,1,1,1,1,1,1,1,1,1,1,1,1,1,1,0,1,1,1,1,1,1,0,1,1,1,1,0,1,23.0,9,Unicorn_Absent,-1,-1.0,0,Unicorn_Absent,23,18.0,56,,59,,0.78125,RS,,0.4,,,OUT
0,9142169942,6,914217,Absent,28,1,1,1,1,1,1,1,1,1,0,0,0,0,0,0,1,1,0,0,0,0,0,0,1,1,0,0,0,0,0,0,1,1,0,0,0,0,0,0,1,1,0,0,0,0,0,0,1,1,0,0,0,0,0,0,1,1,1,1,1,1,1,1,1,32.0,0,Unicorn_Absent,-1,-1.0,8,Unicorn_Absent,169,32.0,28,1.0,64,0.0,1.0,OUT,32.0,1.0,0.0,0.64,OUT
0,9142169942,7,914217,Absent,28,1,1,1,1,1,1,1,1,1,0,0,0,0,0,0,1,1,0,0,0,0,0,0,1,1,0,0,0,0,0,0,1,1,0,0,0,0,0,0,1,1,0,0,0,0,0,0,1,1,0,0,0,0,0,0,1,1,1,1,1,1,1,1,1,32.0,0,Unicorn_Absent,-1,-1.0,8,Unicorn_Absent,201,32.0,28,1.0,64,0.0,1.0,OUT,32.0,1.0,0.0,0.0,OUT
0,9142169942,8,914217,Absent,28,1,1,1,1,1,1,1,1,1,0,0,0,0,0,0,1,1,0,0,0,0,0,0,1,1,0,0,0,0,0,0,1,1,0,0,0,0,0,0,1,1,0,0,0,0,0,0,1,1,0,0,0,0,0,0,1,1,1,1,1,1,1,1,1,32.0,0,Unicorn_Absent,-1,-1.0,8,Unicorn_Absent,233,32.0,28,1.0,64,0.0,1.0,OUT,32.0,1.0,0.0,0.0,OUT
0,9142169942,9,914217,Absent,28,1,1,1,1,1,1,1,1,1,0,0,0,0,0,0,1,1,0,0,0,0,0,0,1,1,0,0,0,0,0,0,1,1,0,0,0,0,0,0,1,1,0,0,0,0,0,0,1,1,0,0,0,0,0,0,1,1,1,1,1,1,1,1,1,32.0,0,Unicorn_Absent,-1,-1.0,8,Unicorn_Absent,265,32.0,28,1.0,64,0.0,1.0,OUT,32.0,1.0,0.0,0.0,OUT
0,9142169942,12,914217,Absent,28,1,1,1,1,1,1,1,1,1,0,0,0,0,0,0,1,1,0,0,0,0,0,0,1,1,0,0,0,0,0,0,1,1,0,0,0,0,0,0,1,1,0,0,0,0,0,0,1,1,0,0,0,0,0,0,1,1,1,1,1,1,1,1,1,32.0,0,Unicorn_Absent,-1,-1.0,8,Unicorn_Absent,361,32.0,28,1.0,64,0.0,1.0,OUT,32.0,1.0,0.0,0.0,OUT
0,9142169942,22,914217,Absent,28,1,1,1,1,1,1,1,1,1,0,0,0,0,0,0,1,1,0,0,0,0,0,0,1,1,0,0,0,0,0,0,1,1,0,0,0,0,0,0,1,1,0,0,0,0,0,0,1,1,0,0,0,0,0,0,1,1,1,1,1,1,1,1,1,32.0,0,Unicorn_Absent,-1,-1.0,8,Unicorn_Absent,681,32.0,28,1.0,64,0.0,1.0,OUT,32.0,1.0,0.0,0.0,OUT
0,9142169942,34,914217,Absent,36,0,0,0,0,0,0,0,0,0,1,1,1,1,1,1,0,0,1,1,1,1,1,1,0,0,1,1,1,1,1,1,0,0,1,1,1,1,1,1,0,0,1,1,1,1,1,1,0,0,1,1,1,1,1,1,0,0,0,0,0,0,0,0,0,14.0,18,Unicorn_Absent,-1,-1.0,7,Unicorn_Absent,737,14.0,36,0.5625,50,0.22916666666666669,0.5,IN,0.0,1.0,32.0,0.5625,IN
0,9142169942,35,914217,Absent,36,0,0,0,0,0,0,0,0,0,1,1,1,1,1,1,0,0,1,1,1,1,1,1,0,0,1,1,1,1,1,1,0,0,1,1,1,1,1,1,0,0,1,1,1,1,1,1,0,0,1,1,1,1,1,1,0,0,0,0,0,0,0,0,0,14.0,18,Unicorn_Absent,-1,-1.0,7,Unicorn_Absent,751,14.0,36,1.0,50,0.0,0.5,IN,14.0,1.0,18.0,0.22916666666666669,IN
0,9142169942,38,914217,Absent,36,0,0,0,0,0,0,0,0,0,1,1,1,1,1,1,0,0,1,1,1,1,1,1,0,0,1,1,1,1,1,1,0,0,1,1,1,1,1,1,0,0,1,1,1,1,1,1,0,0,1,1,1,1,1,1,0,0,0,0,0,0,0,0,0,-4.0,36,Unicorn_Absent,-1,-1.0,7,Unicorn_Absent,679,9.0,36,1.0,36,0.64,0.0,IN,14.0,1.0,18.0,0.0,IN
0,9142169942,39,914217,Absent,36,0,0,0,0,0,0,0,0,0,1,1,1,1,1,1,0,0,1,1,1,1,1,1,0,0,1,1,1,1,1,1,0,0,1,1,1,1,1,1,0,0,1,1,1,1,1,1,0,0,1,1,1,1,1,1,0,0,0,0,0,0,0,0,0,9.0,23,Unicorn_Absent,-1,-1.0,7,Unicorn_Absent,688,14.0,36,1.0,59,0.6101694915254237,0.5625,IN,-4.0,1.0,36.0,0.64,IN
0,9142169942,40,914217,Absent,36,0,0,0,0,0,0,0,0,0,1,1,1,1,1,1,0,0,1,1,1,1,1,1,0,0,1,1,1,1,1,1,0,0,1,1,1,1,1,1,0,0,1,1,1,1,1,1,0,0,1,1,1,1,1,1,0,0,0,0,0,0,0,0,0,14.0,18,Unicorn_Absent,-1,-1.0,7,Unicorn_Absent,702,14.0,36,1.0,50,0.5818181818181818,0.5,IN,9.0,1.0,23.0,0.6101694915254237,IN
0,9142169942,48,914217,Absent,32,1,1,1,1,1,1,1,1,1,1,1,1,1,1,1,1,1,1,1,1,1,1,1,1,1,1,1,1,1,1,1,1,0,0,0,0,0,0,0,0,0,0,0,0,0,0,0,0,0,0,0,0,0,0,0,0,0,0,0,0,0,0,0,0,32.0,0,Unicorn_Absent,-1,-1.0,4,Unicorn_Absent,892,32.0,32,0.36,64,0.64,1.0,TOP,14.0,1.0,18.0,0.0,TOP
0,9142169942,53,914217,Absent,32,1,1,1,1,1,1,1,1,1,1,1,1,1,1,1,1,1,1,1,1,1,1,1,1,1,1,1,1,1,1,1,1,0,0,0,0,0,0,0,0,0,0,0,0,0,0,0,0,0,0,0,0,0,0,0,0,0,0,0,0,0,0,0,0,32.0,0,Unicorn_Absent,-1,-1.0,4,Unicorn_Absent,1052,32.0,32,1.0,64,0.0,1.0,TOP,32.0,1.0,0.0,0.0,TOP
0,9142169942,56,914217,Absent,32,1,1,1,1,1,1,1,1,1,1,1,1,1,1,1,1,1,1,1,1,1,1,1,1,1,1,1,1,1,1,1,1,0,0,0,0,0,0,0,0,0,0,0,0,0,0,0,0,0,0,0,0,0,0,0,0,0,0,0,0,0,0,0,0,32.0,0,Unicorn_Absent,-1,-1.0,4,Unicorn_Absent,1148,32.0,32,1.0,64,0.0,1.0,TOP,32.0,1.0,0.0,0.0,TOP
0,9142169942,57,914217,Absent,32,1,1,1,1,1,1,1,1,1,1,1,1,1,1,1,1,1,1,1,1,1,1,1,1,1,1,1,1,1,1,1,1,0,0,0,0,0,0,0,0,0,0,0,0,0,0,0,0,0,0,0,0,0,0,0,0,0,0,0,0,0,0,0,0,32.0,0,Unicorn_Absent,-1,-1.0,4,Unicorn_Absent,1180,32.0,32,1.0,64,0.0,1.0,TOP,32.0,1.0,0.0,0.0,TOP
0,9142169942,58,914217,Absent,32,1,1,1,1,1,1,1,1,1,1,1,1,1,1,1,1,1,1,1,1,1,1,1,1,1,1,1,1,1,1,1,1,0,0,0,0,0,0,0,0,0,0,0,0,0,0,0,0,0,0,0,0,0,0,0,0,0,0,0,0,0,0,0,0,32.0,0,Unicorn_Absent,-1,-1.0,4,Unicorn_Absent,1212,32.0,32,1.0,64,0.0,1.0,TOP,32.0,1.0,0.0,0.0,TOP
0,9142169942,59,914217,Absent,32,1,1,1,1,1,1,1,1,1,1,1,1,1,1,1,1,1,1,1,1,1,1,1,1,1,1,1,1,1,1,1,1,0,0,0,0,0,0,0,0,0,0,0,0,0,0,0,0,0,0,0,0,0,0,0,0,0,0,0,0,0,0,0,0,32.0,0,Unicorn_Absent,-1,-1.0,4,Unicorn_Absent,1244,32.0,32,1.0,64,0.0,1.0,TOP,32.0,1.0,0.0,0.0,TOP
0,9291967277,1,672771,Absent,31,0,1,1,0,0,1,1,0,1,1,1,1,0,0,1,1,0,1,0,1,1,0,0,0,0,1,1,0,0,1,1,1,0,0,1,1,0,0,0,0,0,0,1,1,1,1,0,1,0,1,0,1,0,1,0,0,1,0,0,0,0,1,0,1,17.0,15,Unicorn_Absent,-1,-1.0,0,Unicorn_Absent,17,32.0,31,,49,,0.53125,RS,,0.26,,,BOTTOM
0,9291967277,2,672771,Absent,32,0,0,0,0,0,0,0,0,0,0,0,0,0,0,0,0,0,0,0,0,0,0,0,0,0,0,0,0,0,0,0,0,1,1,1,1,1,1,1,1,1,1,1,1,1,1,1,1,1,1,1,1,1,1,1,1,1,1,1,1,1,1,1,1,32.0,0,Unicorn_Absent,-1,-1.0,3,Unicorn_Absent,49,32.0,32,0.26,64,0.056296296296296316,1.0,BOTTOM,17.0,1.0,15.0,,BOTTOM
0,9291967277,3,672771,Absent,32,0,0,0,0,0,0,0,0,0,0,0,0,0,0,0,0,0,0,0,0,0,0,0,0,0,0,0,0,0,0,0,0,1,1,1,1,1,1,1,1,1,1,1,1,1,1,1,1,1,1,1,1,1,1,1,1,1,1,1,1,1,1,1,1,32.0,0,Unicorn_Absent,-1,-1.0,3,Unicorn_Absent,81,32.0,32,1.0,64,0.0,1.0,BOTTOM,32.0,1.0,0.0,0.056296296296296316,BOTTOM
0,9291967277,4,672771,Absent,32,0,0,0,0,0,0,0,0,0,0,0,0,0,0,0,0,0,0,0,0,0,0,0,0,0,0,0,0,0,0,0,0,1,1,1,1,1,1,1,1,1,1,1,1,1,1,1,1,1,1,1,1,1,1,1,1,1,1,1,1,1,1,1,1,32.0,0,Unicorn_Absent,-1,-1.0,3,Unicorn_Absent,113,32.0,32,1.0,64,0.0,1.0,BOTTOM,32.0,1.0,0.0,0.0,BOTTOM
0,9291967277,7,672771,Absent,32,0,0,0,0,0,0,0,0,0,0,0,0,0,0,0,0,0,0,0,0,0,0,0,0,0,0,0,0,0,0,0,0,1,1,1,1,1,1,1,1,1,1,1,1,1,1,1,1,1,1,1,1,1,1,1,1,1,1,1,1,1,1,1,1,32.0,0,Unicorn_Absent,-1,-1.0,3,Unicorn_Absent,209,32.0,32,1.0,64,0.0,1.0,BOTTOM,32.0,1.0,0.0,0.0,BOTTOM
0,9291967277,8,672771,Absent,32,0,0,0,0,0,0,0,0,0,0,0,0,0,0,0,0,0,0,0,0,0,0,0,0,0,0,0,0,0,0,0,0,1,1,1,1,1,1,1,1,1,1,1,1,1,1,1,1,1,1,1,1,1,1,1,1,1,1,1,1,1,1,1,1,32.0,0,Unicorn_Absent,-1,-1.0,3,Unicorn_Absent,241,32.0,32,1.0,64,0.0,1.0,BOTTOM,32.0,1.0,0.0,0.0,BOTTOM
0,9291967277,9,672771,Absent,32,0,0,0,0,0,0,0,0,0,0,0,0,0,0,0,0,0,0,0,0,0,0,0,0,0,0,0,0,0,0,0,0,1,1,1,1,1,1,1,1,1,1,1,1,1,1,1,1,1,1,1,1,1,1,1,1,1,1,1,1,1,1,1,1,32.0,0,Unicorn_Absent,-1,-1.0,3,Unicorn_Absent,273,32.0,32,1.0,64,0.0,1.0,BOTTOM,32.0,1.0,0.0,0.0,BOTTOM
0,9291967277,10,672771,Absent,32,0,0,0,0,0,0,0,0,0,0,0,0,0,0,0,0,0,0,0,0,0,0,0,0,0,0,0,0,0,0,0,0,1,1,1,1,1,1,1,1,1,1,1,1,1,1,1,1,1,1,1,1,1,1,1,1,1,1,1,1,1,1,1,1,32.0,0,Unicorn_Absent,-1,-1.0,3,Unicorn_Absent,305,32.0,32,1.0,64,0.0,1.0,BOTTOM,32.0,1.0,0.0,0.0,BOTTOM
0,9291967277,11,672771,Absent,32,0,0,0,0,0,0,0,0,0,0,0,0,0,0,0,0,0,0,0,0,0,0,0,0,0,0,0,0,0,0,0,0,1,1,1,1,1,1,1,1,1,1,1,1,1,1,1,1,1,1,1,1,1,1,1,1,1,1,1,1,1,1,1,1,32.0,0,Unicorn_Absent,-1,-1.0,3,Unicorn_Absent,337,32.0,32,1.0,64,0.0,1.0,BOTTOM,32.0,1.0,0.0,0.0,BOTTOM
0,9291967277,16,672771,Absent,32,0,0,0,0,0,0,0,0,0,0,0,0,0,0,0,0,0,0,0,0,0,0,0,0,0,0,0,0,0,0,0,0,1,1,1,1,1,1,1,1,1,1,1,1,1,1,1,1,1,1,1,1,1,1,1,1,1,1,1,1,1,1,1,1,32.0,0,Unicorn_Absent,-1,-1.0,3,Unicorn_Absent,497,32.0,32,1.0,64,0.0,1.0,BOTTOM,32.0,1.0,0.0,0.0,BOTTOM
0,9291967277,17,672771,Absent,32,0,0,0,0,0,0,0,0,0,0,0,0,0,0,0,0,0,0,0,0,0,0,0,0,0,0,0,0,0,0,0,0,1,1,1,1,1,1,1,1,1,1,1,1,1,1,1,1,1,1,1,1,1,1,1,1,1,1,1,1,1,1,1,1,32.0,0,Unicorn_Absent,-1,-1.0,3,Unicorn_Absent,529,32.0,32,1.0,64,0.0,1.0,BOTTOM,32.0,1.0,0.0,0.0,BOTTOM
0,9291967277,33,672771,Absent,64,1,1,1,1,1,1,1,1,1,1,1,1,1,1,1,1,1,1,1,1,1,1,1,1,1,1,1,1,1,1,1,1,1,1,1,1,1,1,1,1,1,1,1,1,1,1,1,1,1,1,1,1,1,1,1,1,1,1,1,1,1,1,1,1,-32.0,64,Unicorn_Absent,-1,-1.0,1,Unicorn_Absent,587,16.0,64,0.5,64,0.5,0.0,ALL,32.0,0.5,0.0,0.3333333333333333,BOTTOM
0,9291967277,36,672771,Absent,32,0,0,0,0,0,0,0,0,0,0,0,0,0,0,0,0,0,0,0,0,0,0,0,0,0,0,0,0,0,0,0,0,1,1,1,1,1,1,1,1,1,1,1,1,1,1,1,1,1,1,1,1,1,1,1,1,1,1,1,1,1,1,1,1,16.0,16,Unicorn_Absent,-1,-1.0,3,Unicorn_Absent,651,16.0,32,1.0,48,0.0,0.5,BOTTOM,16.0,1.0,16.0,0.0,BOTTOM
0,9291967277,42,672771,Absent,36,0,0,0,0,0,0,0,0,0,1,1,1,1,1,1,0,0,1,1,1,1,1,1,0,0,1,1,1,1,1,1,0,0,1,1,1,1,1,1,0,0,1,1,1,1,1,1,0,0,1,1,1,1,1,1,0,0,0,0,0,0,0,0,0,14.0,18,Unicorn_Absent,-1,-1.0,7,Unicorn_Absent,573,14.0,36,0.0,50,1.0,0.5,IN,18.0,1.0,14.0,0.028985507246376774,IN
0,9291967277,47,672771,Absent,36,0,0,0,0,0,0,0,0,0,1,1,1,1,1,1,0,0,1,1,1,1,1,1,0,0,1,1,1,1,1,1,0,0,1,1,1,1,1,1,0,0,1,1,1,1,1,1,0,0,1,1,1,1,1,1,0,0,0,0,0,0,0,0,0,14.0,18,Unicorn_Absent,-1,-1.0,7,Unicorn_Absent,687,16.0,36,1.0,50,0.0,0.5,IN,14.0,0.36,18.0,0.0,RIGHT
0,9291967277,53,672771,Absent,22,1,0,1,1,0,0,1,1,0,0,0,0,0,1,1,1,1,0,1,0,0,0,0,0,0,0,1,0,0,0,0,0,1,0,0,1,0,0,1,0,1,0,0,1,0,0,1,1,0,0,0,0,1,1,0,0,0,1,0,0,1,0,0,0,21.0,11,Unicorn_Absent,-1,-1.0,0,Unicorn_Absent,646,14.0,22,0.2558139534883721,43,0.2558139534883721,0.5,RS,16.0,0.20833333333333334,16.0,0.64,IN
0,9291967277,54,672771,Absent,36,0,0,0,0,0,0,0,0,0,1,1,1,1,1,1,0,0,1,1,1,1,1,1,0,0,1,1,1,1,1,1,0,0,1,1,1,1,1,1,0,0,1,1,1,1,1,1,0,0,1,1,1,1,1,1,0,0,0,0,0,0,0,0,0,14.0,18,Unicorn_Absent,-1,-1.0,7,Unicorn_Absent,660,14.0,36,0.20833333333333334,50,0.7916666666666666,0.5,IN,21.0,1.0,11.0,0.2558139534883721,IN
0,9291967277,1,929197,Absent,33,0,0,1,0,0,0,1,1,0,0,0,0,0,1,0,0,0,1,0,0,1,1,1,0,0,0,0,1,0,1,1,0,0,0,1,1,0,1,1,1,1,1,1,1,1,0,1,1,1,1,1,1,1,1,0,1,0,1,0,0,1,0,1,0,17.0,15,Unicorn_Absent,-1,-1.0,0,Unicorn_Absent,17,32.0,33,,49,,0.53125,RS,,0.2037037037037037,,,TOP
0,9291967277,2,929197,Absent,32,1,1,1,1,1,1,1,1,1,1,1,1,1,1,1,1,1,1,1,1,1,1,1,1,1,1,1,1,1,1,1,1,0,0,0,0,0,0,0,0,0,0,0,0,0,0,0,0,0,0,0,0,0,0,0,0,0,0,0,0,0,0,0,0,32.0,0,Unicorn_Absent,-1,-1.0,4,Unicorn_Absent,49,32.0,32,0.2037037037037037,64,0.056296296296296316,1.0,TOP,17.0,1.0,15.0,,TOP
0,9291967277,3,929197,Absent,32,1,1,1,1,1,1,1,1,1,1,1,1,1,1,1,1,1,1,1,1,1,1,1,1,1,1,1,1,1,1,1,1,0,0,0,0,0,0,0,0,0,0,0,0,0,0,0,0,0,0,0,0,0,0,0,0,0,0,0,0,0,0,0,0,32.0,0,Unicorn_Absent,-1,-1.0,4,Unicorn_Absent,81,32.0,32,1.0,64,0.0,1.0,TOP,32.0,1.0,0.0,0.056296296296296316,TOP
0,9291967277,4,929197,Absent,32,1,1,1,1,1,1,1,1,1,1,1,1,1,1,1,1,1,1,1,1,1,1,1,1,1,1,1,1,1,1,1,1,0,0,0,0,0,0,0,0,0,0,0,0,0,0,0,0,0,0,0,0,0,0,0,0,0,0,0,0,0,0,0,0,32.0,0,Unicorn_Absent,-1,-1.0,4,Unicorn_Absent,113,32.0,32,1.0,64,0.0,1.0,TOP,32.0,1.0,0.0,0.0,TOP
0,9291967277,7,929197,Absent,32,1,1,1,1,1,1,1,1,1,1,1,1,1,1,1,1,1,1,1,1,1,1,1,1,1,1,1,1,1,1,1,1,0,0,0,0,0,0,0,0,0,0,0,0,0,0,0,0,0,0,0,0,0,0,0,0,0,0,0,0,0,0,0,0,32.0,0,Unicorn_Absent,-1,-1.0,4,Unicorn_Absent,209,32.0,32,1.0,64,0.0,1.0,TOP,32.0,1.0,0.0,0.0,TOP
0,9291967277,8,929197,Absent,32,1,1,1,1,1,1,1,1,1,1,1,1,1,1,1,1,1,1,1,1,1,1,1,1,1,1,1,1,1,1,1,1,0,0,0,0,0,0,0,0,0,0,0,0,0,0,0,0,0,0,0,0,0,0,0,0,0,0,0,0,0,0,0,0,32.0,0,Unicorn_Absent,-1,-1.0,4,Unicorn_Absent,241,32.0,32,1.0,64,0.0,1.0,TOP,32.0,1.0,0.0,0.0,TOP
0,9291967277,9,929197,Absent,32,1,1,1,1,1,1,1,1,1,1,1,1,1,1,1,1,1,1,1,1,1,1,1,1,1,1,1,1,1,1,1,1,0,0,0,0,0,0,0,0,0,0,0,0,0,0,0,0,0,0,0,0,0,0,0,0,0,0,0,0,0,0,0,0,32.0,0,Unicorn_Absent,-1,-1.0,4,Unicorn_Absent,273,32.0,32,1.0,64,0.0,1.0,TOP,32.0,1.0,0.0,0.0,TOP
0,9291967277,10,929197,Absent,32,1,1,1,1,1,1,1,1,1,1,1,1,1,1,1,1,1,1,1,1,1,1,1,1,1,1,1,1,1,1,1,1,0,0,0,0,0,0,0,0,0,0,0,0,0,0,0,0,0,0,0,0,0,0,0,0,0,0,0,0,0,0,0,0,32.0,0,Unicorn_Absent,-1,-1.0,4,Unicorn_Absent,305,32.0,32,1.0,64,0.0,1.0,TOP,32.0,1.0,0.0,0.0,TOP
0,9291967277,11,929197,Absent,32,1,1,1,1,1,1,1,1,1,1,1,1,1,1,1,1,1,1,1,1,1,1,1,1,1,1,1,1,1,1,1,1,0,0,0,0,0,0,0,0,0,0,0,0,0,0,0,0,0,0,0,0,0,0,0,0,0,0,0,0,0,0,0,0,32.0,0,Unicorn_Absent,-1,-1.0,4,Unicorn_Absent,337,32.0,32,1.0,64,0.0,1.0,TOP,32.0,1.0,0.0,0.0,TOP
0,9291967277,16,929197,Absent,32,1,1,1,1,1,1,1,1,1,1,1,1,1,1,1,1,1,1,1,1,1,1,1,1,1,1,1,1,1,1,1,1,0,0,0,0,0,0,0,0,0,0,0,0,0,0,0,0,0,0,0,0,0,0,0,0,0,0,0,0,0,0,0,0,32.0,0,Unicorn_Absent,-1,-1.0,4,Unicorn_Absent,497,32.0,32,1.0,64,0.0,1.0,TOP,32.0,1.0,0.0,0.0,TOP
0,9291967277,17,929197,Absent,32,1,1,1,1,1,1,1,1,1,1,1,1,1,1,1,1,1,1,1,1,1,1,1,1,1,1,1,1,1,1,1,1,0,0,0,0,0,0,0,0,0,0,0,0,0,0,0,0,0,0,0,0,0,0,0,0,0,0,0,0,0,0,0,0,32.0,0,Unicorn_Absent,-1,-1.0,4,Unicorn_Absent,529,32.0,32,1.0,64,0.0,1.0,TOP,32.0,1.0,0.0,0.0,TOP
0,9291967277,33,929197,Absent,64,1,1,1,1,1,1,1,1,1,1,1,1,1,1,1,1,1,1,1,1,1,1,1,1,1,1,1,1,1,1,1,1,1,1,1,1,1,1,1,1,1,1,1,1,1,1,1,1,1,1,1,1,1,1,1,1,1,1,1,1,1,1,1,1,-32.0,64,Unicorn_Absent,-1,-1.0,1,Unicorn_Absent,587,16.0,64,0.0,64,0.5,0.0,ALL,32.0,0.5,0.0,0.3333333333333333,RIGHT
0,9291967277,36,929197,Absent,32,0,0,0,0,1,1,1,1,0,0,0,0,1,1,1,1,0,0,0,0,1,1,1,1,0,0,0,0,1,1,1,1,0,0,0,0,1,1,1,1,0,0,0,0,1,1,1,1,0,0,0,0,1,1,1,1,0,0,0,0,1,1,1,1,16.0,16,Unicorn_Absent,-1,-1.0,6,Unicorn_Absent,651,16.0,32,1.0,48,0.0,0.5,RIGHT,16.0,1.0,16.0,0.0,RIGHT
0,9291967277,42,929197,Absent,32,1,1,1,1,1,1,1,1,1,1,1,1,1,1,1,1,1,1,1,1,1,1,1,1,1,1,1,1,1,1,1,1,0,0,0,0,0,0,0,0,0,0,0,0,0,0,0,0,0,0,0,0,0,0,0,0,0,0,0,0,0,0,0,0,14.0,18,Unicorn_Absent,-1,-1.0,4,Unicorn_Absent,573,14.0,32,1.0,50,1.0,0.5,TOP,18.0,1.0,14.0,0.028985507246376774,TOP
0,9291967277,47,929197,Absent,32,1,1,1,1,1,1,1,1,1,1,1,1,1,1,1,1,1,1,1,1,1,1,1,1,1,1,1,1,1,1,1,1,0,0,0,0,0,0,0,0,0,0,0,0,0,0,0,0,0,0,0,0,0,0,0,0,0,0,0,0,0,0,0,0,14.0,18,Unicorn_Absent,-1,-1.0,4,Unicorn_Absent,687,16.0,32,1.0,50,0.0,0.5,TOP,14.0,1.0,18.0,0.0,TOP
0,9291967277,53,929197,Absent,32,0,0,0,0,0,0,0,0,0,0,0,0,0,0,0,0,0,0,0,0,0,0,0,0,0,0,0,0,0,0,0,0,1,1,1,1,1,1,1,1,1,1,1,1,1,1,1,1,1,1,1,1,1,1,1,1,1,1,1,1,1,1,1,1,21.0,11,Unicorn_Absent,-1,-1.0,3,Unicorn_Absent,646,14.0,32,0.0,43,0.2558139534883721,0.5,BOTTOM,16.0,1.0,16.0,0.64,BOTTOM
0,9291967277,54,929197,Absent,32,0,0,0,0,0,0,0,0,0,0,0,0,0,0,0,0,0,0,0,0,0,0,0,0,0,0,0,0,0,0,0,0,1,1,1,1,1,1,1,1,1,1,1,1,1,1,1,1,1,1,1,1,1,1,1,1,1,1,1,1,1,1,1,1,14.0,18,Unicorn_Absent,-1,-1.0,3,Unicorn_Absent,660,14.0,32,1.0,50,0.7916666666666666,0.5,BOTTOM,21.0,1.0,11.0,0.2558139534883721,BOTTOM
0,9350968393,6,683937,Absent,32,1,1,1,1,0,0,0,0,1,1,1,1,0,0,0,0,1,1,1,1,0,0,0,0,1,1,1,1,0,0,0,0,1,1,1,1,0,0,0,0,1,1,1,1,0,0,0,0,1,1,1,1,0,0,0,0,1,1,1,1,0,0,0,0,0.0,32,Unicorn_Absent,-1,-1.0,5,Unicorn_Absent,13,26.0,32,0.1388888888888889,64,0.8611111111111112,0.5,LEFT,23.0,0.30434782608695654,9.0,0.14182692307692307,OUT
0,9350968393,7,683937,Absent,28,1,1,1,1,1,1,1,1,1,0,0,0,0,0,0,1,1,0,0,0,0,0,0,1,1,0,0,0,0,0,0,1,1,0,0,0,0,0,0,1,1,0,0,0,0,0,0,1,1,0,0,0,0,0,0,1,1,1,1,1,1,1,1,1,26.0,6,Unicorn_Absent,-1,-1.0,8,Unicorn_Absent,39,18.0,28,0.30434782608695654,39,0.03872282608695654,0.515625,OUT,0.0,1.0,32.0,0.8611111111111112,OUT
0,9350968393,17,683937,Absent,36,0,0,0,0,0,0,0,0,0,1,1,1,1,1,1,0,0,1,1,1,1,1,1,0,0,1,1,1,1,1,1,0,0,1,1,1,1,1,1,0,0,1,1,1,1,1,1,0,0,1,1,1,1,1,1,0,0,0,0,0,0,0,0,0,32.0,0,Unicorn_Absent,-1,-1.0,7,Unicorn_Absent,145,32.0,36,0.5625,64,0.25815217391304346,1.0,IN,0.0,1.0,32.0,0.2025,IN
0,9350968393,18,683937,Absent,36,0,0,0,0,0,0,0,0,0,1,1,1,1,1,1,0,0,1,1,1,1,1,1,0,0,1,1,1,1,1,1,0,0,1,1,1,1,1,1,0,0,1,1,1,1,1,1,0,0,1,1,1,1,1,1,0,0,0,0,0,0,0,0,0,32.0,0,Unicorn_Absent,-1,-1.0,7,Unicorn_Absent,177,32.0,36,1.0,64,0.0,1.0,IN,32.0,1.0,0.0,0.25815217391304346,IN
0,9350968393,19,683937,Absent,36,0,0,0,0,0,0,0,0,0,1,1,1,1,1,1,0,0,1,1,1,1,1,1,0,0,1,1,1,1,1,1,0,0,1,1,1,1,1,1,0,0,1,1,1,1,1,1,0,0,1,1,1,1,1,1,0,0,0,0,0,0,0,0,0,32.0,0,Unicorn_Absent,-1,-1.0,7,Unicorn_Absent,209,32.0,36,1.0,64,0.0,1.0,IN,32.0,1.0,0.0,0.0,IN
0,9350968393,22,683937,Absent,36,0,0,0,0,0,0,0,0,0,1,1,1,1,1,1,0,0,1,1,1,1,1,1,0,0,1,1,1,1,1,1,0,0,1,1,1,1,1,1,0,0,1,1,1,1,1,1,0,0,1,1,1,1,1,1,0,0,0,0,0,0,0,0,0,32.0,0,Unicorn_Absent,-1,-1.0,7,Unicorn_Absent,305,32.0,36,1.0,64,0.0,1.0,IN,32.0,1.0,0.0,0.0,IN
0,9350968393,23,683937,Absent,36,0,0,0,0,0,0,0,0,0,1,1,1,1,1,1,0,0,1,1,1,1,1,1,0,0,1,1,1,1,1,1,0,0,1,1,1,1,1,1,0,0,1,1,1,1,1,1,0,0,1,1,1,1,1,1,0,0,0,0,0,0,0,0,0,32.0,0,Unicorn_Absent,-1,-1.0,7,Unicorn_Absent,337,32.0,36,1.0,64,0.0,1.0,IN,32.0,1.0,0.0,0.0,IN
0,9350968393,30,683937,Absent,36,0,0,0,0,0,0,0,0,0,1,1,1,1,1,1,0,0,1,1,1,1,1,1,0,0,1,1,1,1,1,1,0,0,1,1,1,1,1,1,0,0,1,1,1,1,1,1,0,0,1,1,1,1,1,1,0,0,0,0,0,0,0,0,0,32.0,0,Unicorn_Absent,-1,-1.0,7,Unicorn_Absent,561,32.0,36,1.0,64,0.0,1.0,IN,32.0,1.0,0.0,0.0,IN
0,9350968393,42,683937,Absent,0,0,0,0,0,0,0,0,0,0,0,0,0,0,0,0,0,0,0,0,0,0,0,0,0,0,0,0,0,0,0,0,0,0,0,0,0,0,0,0,0,0,0,0,0,0,0,0,0,0,0,0,0,0,0,0,0,0,0,0,0,0,0,0,0,32.0,0,Unicorn_Absent,-1,-1.0,2,Unicorn_Absent,846,32.0,0,0.0,28,0.4375,0.4375,NOTHING,-32.0,1.0,64.0,1.0,NOTHING
0,9350968393,43,683937,Absent,0,0,0,0,0,0,0,0,0,0,0,0,0,0,0,0,0,0,0,0,0,0,0,0,0,0,0,0,0,0,0,0,0,0,0,0,0,0,0,0,0,0,0,0,0,0,0,0,0,0,0,0,0,0,0,0,0,0,0,0,0,0,0,0,0,32.0,0,Unicorn_Absent,-1,-1.0,2,Unicorn_Absent,878,32.0,0,1.0,28,0.0,0.4375,NOTHING,32.0,1.0,0.0,0.4375,NOTHING
0,9350968393,48,683937,Absent,0,0,0,0,0,0,0,0,0,0,0,0,0,0,0,0,0,0,0,0,0,0,0,0,0,0,0,0,0,0,0,0,0,0,0,0,0,0,0,0,0,0,0,0,0,0,0,0,0,0,0,0,0,0,0,0,0,0,0,0,0,0,0,0,0,32.0,0,Unicorn_Absent,-1,-1.0,2,Unicorn_Absent,1038,32.0,0,1.0,28,0.0,0.4375,NOTHING,32.0,1.0,0.0,0.0,NOTHING
0,9350968393,49,683937,Absent,0,0,0,0,0,0,0,0,0,0,0,0,0,0,0,0,0,0,0,0,0,0,0,0,0,0,0,0,0,0,0,0,0,0,0,0,0,0,0,0,0,0,0,0,0,0,0,0,0,0,0,0,0,0,0,0,0,0,0,0,0,0,0,0,0,32.0,0,Unicorn_Absent,-1,-1.0,2,Unicorn_Absent,1070,32.0,0,1.0,28,0.0,0.4375,NOTHING,32.0,1.0,0.0,0.0,NOTHING
0,9350968393,50,683937,Absent,0,0,0,0,0,0,0,0,0,0,0,0,0,0,0,0,0,0,0,0,0,0,0,0,0,0,0,0,0,0,0,0,0,0,0,0,0,0,0,0,0,0,0,0,0,0,0,0,0,0,0,0,0,0,0,0,0,0,0,0,0,0,0,0,0,32.0,0,Unicorn_Absent,-1,-1.0,2,Unicorn_Absent,1102,32.0,0,1.0,28,0.0,0.4375,NOTHING,32.0,1.0,0.0,0.0,NOTHING
0,9350968393,51,683937,Absent,0,0,0,0,0,0,0,0,0,0,0,0,0,0,0,0,0,0,0,0,0,0,0,0,0,0,0,0,0,0,0,0,0,0,0,0,0,0,0,0,0,0,0,0,0,0,0,0,0,0,0,0,0,0,0,0,0,0,0,0,0,0,0,0,0,32.0,0,Unicorn_Absent,-1,-1.0,2,Unicorn_Absent,1134,32.0,0,1.0,28,0.0,0.4375,NOTHING,32.0,1.0,0.0,0.0,NOTHING
0,9350968393,52,683937,Absent,0,0,0,0,0,0,0,0,0,0,0,0,0,0,0,0,0,0,0,0,0,0,0,0,0,0,0,0,0,0,0,0,0,0,0,0,0,0,0,0,0,0,0,0,0,0,0,0,0,0,0,0,0,0,0,0,0,0,0,0,0,0,0,0,0,32.0,0,Unicorn_Absent,-1,-1.0,2,Unicorn_Absent,1166,32.0,0,1.0,28,0.0,0.4375,NOTHING,32.0,1.0,0.0,0.0,NOTHING
0,9350968393,53,683937,Absent,0,0,0,0,0,0,0,0,0,0,0,0,0,0,0,0,0,0,0,0,0,0,0,0,0,0,0,0,0,0,0,0,0,0,0,0,0,0,0,0,0,0,0,0,0,0,0,0,0,0,0,0,0,0,0,0,0,0,0,0,0,0,0,0,0,32.0,0,Unicorn_Absent,-1,-1.0,2,Unicorn_Absent,1198,32.0,0,1.0,28,0.0,0.4375,NOTHING,32.0,1.0,0.0,0.0,NOTHING
0,9350968393,54,683937,Absent,0,0,0,0,0,0,0,0,0,0,0,0,0,0,0,0,0,0,0,0,0,0,0,0,0,0,0,0,0,0,0,0,0,0,0,0,0,0,0,0,0,0,0,0,0,0,0,0,0,0,0,0,0,0,0,0,0,0,0,0,0,0,0,0,0,32.0,0,Unicorn_Absent,-1,-1.0,2,Unicorn_Absent,1230,32.0,0,1.0,28,0.0,0.4375,NOTHING,32.0,1.0,0.0,0.0,NOTHING
0,9350968393,57,683937,Absent,0,0,0,0,0,0,0,0,0,0,0,0,0,0,0,0,0,0,0,0,0,0,0,0,0,0,0,0,0,0,0,0,0,0,0,0,0,0,0,0,0,0,0,0,0,0,0,0,0,0,0,0,0,0,0,0,0,0,0,0,0,0,0,0,0,32.0,0,Unicorn_Absent,-1,-1.0,2,Unicorn_Absent,1326,32.0,0,1.0,28,0.0,0.4375,NOTHING,32.0,1.0,0.0,0.0,NOTHING
0,9350968393,58,683937,Absent,0,0,0,0,0,0,0,0,0,0,0,0,0,0,0,0,0,0,0,0,0,0,0,0,0,0,0,0,0,0,0,0,0,0,0,0,0,0,0,0,0,0,0,0,0,0,0,0,0,0,0,0,0,0,0,0,0,0,0,0,0,0,0,0,0,32.0,0,Unicorn_Absent,-1,-1.0,2,Unicorn_Absent,1358,32.0,0,1.0,28,0.0,0.4375,NOTHING,32.0,1.0,0.0,0.0,NOTHING
0,9350968393,59,683937,Absent,0,0,0,0,0,0,0,0,0,0,0,0,0,0,0,0,0,0,0,0,0,0,0,0,0,0,0,0,0,0,0,0,0,0,0,0,0,0,0,0,0,0,0,0,0,0,0,0,0,0,0,0,0,0,0,0,0,0,0,0,0,0,0,0,0,32.0,0,Unicorn_Absent,-1,-1.0,2,Unicorn_Absent,1390,32.0,0,1.0,28,0.0,0.4375,NOTHING,32.0,1.0,0.0,0.0,NOTHING
0,9350968393,6,935099,Absent,64,1,1,1,1,1,1,1,1,1,1,1,1,1,1,1,1,1,1,1,1,1,1,1,1,1,1,1,1,1,1,1,1,1,1,1,1,1,1,1,1,1,1,1,1,1,1,1,1,1,1,1,1,1,1,1,1,1,1,1,1,1,1,1,1,0.0,32,Unicorn_Absent,-1,-1.0,1,Unicorn_Absent,13,26.0,64,1.0,64,0.8611111111111112,0.5,ALL,23.0,0.265625,9.0,0.14182692307692307,RS
0,9350968393,7,935099,Absent,17,0,0,0,0,0,0,0,1,0,0,0,0,0,0,0,1,0,1,1,0,1,0,0,0,0,0,0,0,1,1,1,0,0,0,1,0,0,0,0,0,0,0,0,0,1,1,0,1,0,0,1,1,0,0,0,1,1,0,0,0,1,0,0,0,26.0,6,Unicorn_Absent,-1,-1.0,0,Unicorn_Absent,39,18.0,17,0.265625,39,0.03872282608695654,0.515625,RS,0.0,0.13953488372093023,32.0,0.8611111111111112,LEFT
0,9350968393,17,935099,Absent,28,1,1,1,1,1,1,1,1,1,0,0,0,0,0,0,1,1,0,0,0,0,0,0,1,1,0,0,0,0,0,0,1,1,0,0,0,0,0,0,1,1,0,0,0,0,0,0,1,1,0,0,0,0,0,0,1,1,1,1,1,1,1,1,1,32.0,0,Unicorn_Absent,-1,-1.0,8,Unicorn_Absent,145,32.0,28,0.30434782608695654,64,0.25815217391304346,1.0,OUT,0.0,1.0,32.0,0.2025,OUT
0,9350968393,18,935099,Absent,28,1,1,1,1,1,1,1,1,1,0,0,0,0,0,0,1,1,0,0,0,0,0,0,1,1,0,0,0,0,0,0,1,1,0,0,0,0,0,0,1,1,0,0,0,0,0,0,1,1,0,0,0,0,0,0,1,1,1,1,1,1,1,1,1,32.0,0,Unicorn_Absent,-1,-1.0,8,Unicorn_Absent,177,32.0,28,1.0,64,0.0,1.0,OUT,32.0,1.0,0.0,0.25815217391304346,OUT
0,9350968393,19,935099,Absent,28,1,1,1,1,1,1,1,1,1,0,0,0,0,0,0,1,1,0,0,0,0,0,0,1,1,0,0,0,0,0,0,1,1,0,0,0,0,0,0,1,1,0,0,0,0,0,0,1,1,0,0,0,0,0,0,1,1,1,1,1,1,1,1,1,32.0,0,Unicorn_Absent,-1,-1.0,8,Unicorn_Absent,209,32.0,28,1.0,64,0.0,1.0,OUT,32.0,1.0,0.0,0.0,OUT
0,9350968393,22,935099,Absent,28,1,1,1,1,1,1,1,1,1,0,0,0,0,0,0,1,1,0,0,0,0,0,0,1,1,0,0,0,0,0,0,1,1,0,0,0,0,0,0,1,1,0,0,0,0,0,0,1,1,0,0,0,0,0,0,1,1,1,1,1,1,1,1,1,32.0,0,Unicorn_Absent,-1,-1.0,8,Unicorn_Absent,305,32.0,28,1.0,64,0.0,1.0,OUT,32.0,1.0,0.0,0.0,OUT
0,9350968393,23,935099,Absent,28,1,1,1,1,1,1,1,1,1,0,0,0,0,0,0,1,1,0,0,0,0,0,0,1,1,0,0,0,0,0,0,1,1,0,0,0,0,0,0,1,1,0,0,0,0,0,0,1,1,0,0,0,0,0,0,1,1,1,1,1,1,1,1,1,32.0,0,Unicorn_Absent,-1,-1.0,8,Unicorn_Absent,337,32.0,28,1.0,64,0.0,1.0,OUT,32.0,1.0,0.0,0.0,OUT
0,9350968393,30,935099,Absent,28,1,1,1,1,1,1,1,1,1,0,0,0,0,0,0,1,1,0,0,0,0,0,0,1,1,0,0,0,0,0,0,1,1,0,0,0,0,0,0,1,1,0,0,0,0,0,0,1,1,0,0,0,0,0,0,1,1,1,1,1,1,1,1,1,32.0,0,Unicorn_Absent,-1,-1.0,8,Unicorn_Absent,561,32.0,28,1.0,64,0.0,1.0,OUT,32.0,1.0,0.0,0.0,OUT
0,9350968393,42,935099,Absent,28,1,1,1,1,1,1,1,1,1,0,0,0,0,0,0,1,1,0,0,0,0,0,0,1,1,0,0,0,0,0,0,1,1,0,0,0,0,0,0,1,1,0,0,0,0,0,0,1,1,0,0,0,0,0,0,1,1,1,1,1,1,1,1,1,32.0,0,Unicorn_Absent,-1,-1.0,8,Unicorn_Absent,846,32.0,28,0.4375,28,0.4375,0.4375,OUT,-32.0,1.0,64.0,1.0,OUT
0,9350968393,43,935099,Absent,28,1,1,1,1,1,1,1,1,1,0,0,0,0,0,0,1,1,0,0,0,0,0,0,1,1,0,0,0,0,0,0,1,1,0,0,0,0,0,0,1,1,0,0,0,0,0,0,1,1,0,0,0,0,0,0,1,1,1,1,1,1,1,1,1,32.0,0,Unicorn_Absent,-1,-1.0,8,Unicorn_Absent,878,32.0,28,1.0,28,0.0,0.4375,OUT,32.0,1.0,0.0,0.4375,OUT
0,9350968393,48,935099,Absent,28,1,1,1,1,1,1,1,1,1,0,0,0,0,0,0,1,1,0,0,0,0,0,0,1,1,0,0,0,0,0,0,1,1,0,0,0,0,0,0,1,1,0,0,0,0,0,0,1,1,0,0,0,0,0,0,1,1,1,1,1,1,1,1,1,32.0,0,Unicorn_Absent,-1,-1.0,8,Unicorn_Absent,1038,32.0,28,1.0,28,0.0,0.4375,OUT,32.0,1.0,0.0,0.0,OUT
0,9350968393,49,935099,Absent,28,1,1,1,1,1,1,1,1,1,0,0,0,0,0,0,1,1,0,0,0,0,0,0,1,1,0,0,0,0,0,0,1,1,0,0,0,0,0,0,1,1,0,0,0,0,0,0,1,1,0,0,0,0,0,0,1,1,1,1,1,1,1,1,1,32.0,0,Unicorn_Absent,-1,-1.0,8,Unicorn_Absent,1070,32.0,28,1.0,28,0.0,0.4375,OUT,32.0,1.0,0.0,0.0,OUT
0,9350968393,50,935099,Absent,28,1,1,1,1,1,1,1,1,1,0,0,0,0,0,0,1,1,0,0,0,0,0,0,1,1,0,0,0,0,0,0,1,1,0,0,0,0,0,0,1,1,0,0,0,0,0,0,1,1,0,0,0,0,0,0,1,1,1,1,1,1,1,1,1,32.0,0,Unicorn_Absent,-1,-1.0,8,Unicorn_Absent,1102,32.0,28,1.0,28,0.0,0.4375,OUT,32.0,1.0,0.0,0.0,OUT
0,9350968393,51,935099,Absent,28,1,1,1,1,1,1,1,1,1,0,0,0,0,0,0,1,1,0,0,0,0,0,0,1,1,0,0,0,0,0,0,1,1,0,0,0,0,0,0,1,1,0,0,0,0,0,0,1,1,0,0,0,0,0,0,1,1,1,1,1,1,1,1,1,32.0,0,Unicorn_Absent,-1,-1.0,8,Unicorn_Absent,1134,32.0,28,1.0,28,0.0,0.4375,OUT,32.0,1.0,0.0,0.0,OUT
0,9350968393,52,935099,Absent,28,1,1,1,1,1,1,1,1,1,0,0,0,0,0,0,1,1,0,0,0,0,0,0,1,1,0,0,0,0,0,0,1,1,0,0,0,0,0,0,1,1,0,0,0,0,0,0,1,1,0,0,0,0,0,0,1,1,1,1,1,1,1,1,1,32.0,0,Unicorn_Absent,-1,-1.0,8,Unicorn_Absent,1166,32.0,28,1.0,28,0.0,0.4375,OUT,32.0,1.0,0.0,0.0,OUT
0,9350968393,53,935099,Absent,28,1,1,1,1,1,1,1,1,1,0,0,0,0,0,0,1,1,0,0,0,0,0,0,1,1,0,0,0,0,0,0,1,1,0,0,0,0,0,0,1,1,0,0,0,0,0,0,1,1,0,0,0,0,0,0,1,1,1,1,1,1,1,1,1,32.0,0,Unicorn_Absent,-1,-1.0,8,Unicorn_Absent,1198,32.0,28,1.0,28,0.0,0.4375,OUT,32.0,1.0,0.0,0.0,OUT
0,9350968393,54,935099,Absent,28,1,1,1,1,1,1,1,1,1,0,0,0,0,0,0,1,1,0,0,0,0,0,0,1,1,0,0,0,0,0,0,1,1,0,0,0,0,0,0,1,1,0,0,0,0,0,0,1,1,0,0,0,0,0,0,1,1,1,1,1,1,1,1,1,32.0,0,Unicorn_Absent,-1,-1.0,8,Unicorn_Absent,1230,32.0,28,1.0,28,0.0,0.4375,OUT,32.0,1.0,0.0,0.0,OUT
0,9350968393,57,935099,Absent,28,1,1,1,1,1,1,1,1,1,0,0,0,0,0,0,1,1,0,0,0,0,0,0,1,1,0,0,0,0,0,0,1,1,0,0,0,0,0,0,1,1,0,0,0,0,0,0,1,1,0,0,0,0,0,0,1,1,1,1,1,1,1,1,1,32.0,0,Unicorn_Absent,-1,-1.0,8,Unicorn_Absent,1326,32.0,28,1.0,28,0.0,0.4375,OUT,32.0,1.0,0.0,0.0,OUT
0,9350968393,58,935099,Absent,28,1,1,1,1,1,1,1,1,1,0,0,0,0,0,0,1,1,0,0,0,0,0,0,1,1,0,0,0,0,0,0,1,1,0,0,0,0,0,0,1,1,0,0,0,0,0,0,1,1,0,0,0,0,0,0,1,1,1,1,1,1,1,1,1,32.0,0,Unicorn_Absent,-1,-1.0,8,Unicorn_Absent,1358,32.0,28,1.0,28,0.0,0.4375,OUT,32.0,1.0,0.0,0.0,OUT
0,9350968393,59,935099,Absent,28,1,1,1,1,1,1,1,1,1,0,0,0,0,0,0,1,1,0,0,0,0,0,0,1,1,0,0,0,0,0,0,1,1,0,0,0,0,0,0,1,1,0,0,0,0,0,0,1,1,0,0,0,0,0,0,1,1,1,1,1,1,1,1,1,32.0,0,Unicorn_Absent,-1,-1.0,8,Unicorn_Absent,1390,32.0,28,1.0,28,0.0,0.4375,OUT,32.0,1.0,0.0,0.0,OUT
0,9568179907,8,799071,Absent,32,1,1,1,1,1,1,1,1,1,1,1,1,1,1,1,1,1,1,1,1,1,1,1,1,1,1,1,1,1,1,1,1,0,0,0,0,0,0,0,0,0,0,0,0,0,0,0,0,0,0,0,0,0,0,0,0,0,0,0,0,0,0,0,0,0.0,32,Unicorn_Absent,-1,-1.0,4,Unicorn_Absent,15,14.0,32,0.3333333333333333,32,0.16666666666666669,0.0,TOP,0.0,0.36,32.0,,IN
0,9568179907,9,799071,Absent,36,0,0,0,0,0,0,0,0,0,1,1,1,1,1,1,0,0,1,1,1,1,1,1,0,0,1,1,1,1,1,1,0,0,1,1,1,1,1,1,0,0,1,1,1,1,1,1,0,0,1,1,1,1,1,1,0,0,0,0,0,0,0,0,0,14.0,18,Unicorn_Absent,-1,-1.0,7,Unicorn_Absent,29,14.0,36,0.36,50,0.026666666666666672,0.5,IN,0.0,1.0,32.0,0.16666666666666669,IN
0,9568179907,13,799071,Absent,36,0,0,0,0,0,0,0,0,0,1,1,1,1,1,1,0,0,1,1,1,1,1,1,0,0,1,1,1,1,1,1,0,0,1,1,1,1,1,1,0,0,1,1,1,1,1,1,0,0,1,1,1,1,1,1,0,0,0,0,0,0,0,0,0,14.0,18,Unicorn_Absent,-1,-1.0,7,Unicorn_Absent,105,6.0,36,1.0,50,0.0,0.5,IN,14.0,1.0,18.0,0.0,IN
0,9568179907,14,799071,Absent,36,0,0,0,0,0,0,0,0,0,1,1,1,1,1,1,0,0,1,1,1,1,1,1,0,0,1,1,1,1,1,1,0,0,1,1,1,1,1,1,0,0,1,1,1,1,1,1,0,0,1,1,1,1,1,1,0,0,0,0,0,0,0,0,0,6.0,26,Unicorn_Absent,-1,-1.0,7,Unicorn_Absent,111,14.0,36,1.0,47,0.6730769230769231,0.328125,IN,14.0,0.36,18.0,0.0,BOTTOM
0,9568179907,22,799071,Absent,32,1,1,1,1,1,1,1,1,1,1,1,1,1,1,1,1,1,1,1,1,1,1,1,1,1,1,1,1,1,1,1,1,0,0,0,0,0,0,0,0,0,0,0,0,0,0,0,0,0,0,0,0,0,0,0,0,0,0,0,0,0,0,0,0,0.0,32,Unicorn_Absent,-1,-1.0,4,Unicorn_Absent,172,-1.0,32,1.0,32,0.64,0.0,TOP,14.0,0.5,18.0,1.0,RS
0,9568179907,23,799071,Absent,61,1,1,1,1,1,1,1,1,1,1,1,1,1,1,1,1,1,1,1,1,1,1,1,1,1,1,1,1,1,1,0,1,1,1,1,1,1,0,1,1,1,0,1,1,1,1,1,1,1,1,1,1,1,1,1,1,1,1,1,1,1,1,1,1,-1.0,33,Unicorn_Absent,-1,-1.0,0,Unicorn_Absent,171,4.0,61,0.5,61,0.14583333333333331,0.4375,RS,0.0,0.45901639344262296,32.0,0.64,OUT
0,9568179907,24,799071,Absent,28,1,1,1,1,1,1,1,1,1,0,0,0,0,0,0,1,1,0,0,0,0,0,0,1,1,0,0,0,0,0,0,1,1,0,0,0,0,0,0,1,1,0,0,0,0,0,0,1,1,0,0,0,0,0,0,1,1,1,1,1,1,1,1,1,4.0,28,Unicorn_Absent,-1,-1.0,8,Unicorn_Absent,175,3.0,28,0.45901639344262296,28,0.13292943692088383,0.0,OUT,-1.0,0.41935483870967744,33.0,0.14583333333333331,RS
0,9568179907,39,799071,Absent,32,0,0,0,0,1,1,1,1,0,0,0,0,1,1,1,1,0,0,0,0,1,1,1,1,0,0,0,0,1,1,1,1,0,0,0,0,1,1,1,1,0,0,0,0,1,1,1,1,0,0,0,0,1,1,1,1,0,0,0,0,1,1,1,1,32.0,0,Unicorn_Absent,-1,-1.0,6,Unicorn_Absent,512,32.0,32,1.0,64,0.0,1.0,RIGHT,32.0,1.0,0.0,0.0,RIGHT
0,9568179907,40,799071,Absent,32,0,0,0,0,1,1,1,1,0,0,0,0,1,1,1,1,0,0,0,0,1,1,1,1,0,0,0,0,1,1,1,1,0,0,0,0,1,1,1,1,0,0,0,0,1,1,1,1,0,0,0,0,1,1,1,1,0,0,0,0,1,1,1,1,32.0,0,Unicorn_Absent,-1,-1.0,6,Unicorn_Absent,544,32.0,32,1.0,64,0.0,1.0,RIGHT,32.0,1.0,0.0,0.0,RIGHT
0,9568179907,50,799071,Absent,32,0,0,0,0,1,1,1,1,0,0,0,0,1,1,1,1,0,0,0,0,1,1,1,1,0,0,0,0,1,1,1,1,0,0,0,0,1,1,1,1,0,0,0,0,1,1,1,1,0,0,0,0,1,1,1,1,0,0,0,0,1,1,1,1,32.0,0,Unicorn_Absent,-1,-1.0,6,Unicorn_Absent,864,32.0,32,1.0,64,0.0,1.0,RIGHT,32.0,1.0,0.0,0.0,RIGHT
0,9568179907,54,799071,Absent,32,0,0,0,0,1,1,1,1,0,0,0,0,1,1,1,1,0,0,0,0,1,1,1,1,0,0,0,0,1,1,1,1,0,0,0,0,1,1,1,1,0,0,0,0,1,1,1,1,0,0,0,0,1,1,1,1,0,0,0,0,1,1,1,1,32.0,0,Unicorn_Absent,-1,-1.0,6,Unicorn_Absent,992,32.0,32,1.0,64,0.0,1.0,RIGHT,32.0,1.0,0.0,0.0,RIGHT
0,9568179907,55,799071,Absent,32,0,0,0,0,1,1,1,1,0,0,0,0,1,1,1,1,0,0,0,0,1,1,1,1,0,0,0,0,1,1,1,1,0,0,0,0,1,1,1,1,0,0,0,0,1,1,1,1,0,0,0,0,1,1,1,1,0,0,0,0,1,1,1,1,32.0,0,Unicorn_Absent,-1,-1.0,6,Unicorn_Absent,1024,32.0,32,1.0,64,0.0,1.0,RIGHT,32.0,1.0,0.0,0.0,RIGHT
0,9568179907,8,956818,Absent,32,1,1,1,1,1,1,1,1,1,1,1,1,1,1,1,1,1,1,1,1,1,1,1,1,1,1,1,1,1,1,1,1,0,0,0,0,0,0,0,0,0,0,0,0,0,0,0,0,0,0,0,0,0,0,0,0,0,0,0,0,0,0,0,0,0.0,32,Unicorn_Absent,-1,-1.0,4,Unicorn_Absent,15,14.0,32,0.5,32,0.16666666666666669,0.0,TOP,0.0,0.3333333333333333,32.0,,LEFT
0,9568179907,9,956818,Absent,32,1,1,1,1,0,0,0,0,1,1,1,1,0,0,0,0,1,1,1,1,0,0,0,0,1,1,1,1,0,0,0,0,1,1,1,1,0,0,0,0,1,1,1,1,0,0,0,0,1,1,1,1,0,0,0,0,1,1,1,1,0,0,0,0,14.0,18,Unicorn_Absent,-1,-1.0,5,Unicorn_Absent,29,14.0,32,0.3333333333333333,50,0.026666666666666672,0.5,LEFT,0.0,1.0,32.0,0.16666666666666669,LEFT
0,9568179907,13,956818,Absent,32,1,1,1,1,0,0,0,0,1,1,1,1,0,0,0,0,1,1,1,1,0,0,0,0,1,1,1,1,0,0,0,0,1,1,1,1,0,0,0,0,1,1,1,1,0,0,0,0,1,1,1,1,0,0,0,0,1,1,1,1,0,0,0,0,14.0,18,Unicorn_Absent,-1,-1.0,5,Unicorn_Absent,105,6.0,32,1.0,50,0.0,0.5,LEFT,14.0,0.3269230769230769,18.0,0.0,RS
0,9568179907,14,956818,Absent,37,1,0,0,1,1,0,0,0,0,0,1,1,1,1,1,0,1,0,1,1,1,1,0,0,0,1,1,1,1,1,0,0,0,1,0,1,1,1,0,1,1,0,1,1,1,1,1,1,0,0,1,0,1,0,1,1,0,0,1,0,0,1,0,1,6.0,26,Unicorn_Absent,-1,-1.0,0,Unicorn_Absent,111,14.0,37,0.3269230769230769,47,0.6730769230769231,0.328125,RS,14.0,0.5531914893617021,18.0,0.0,IN
0,9568179907,22,956818,Absent,32,1,1,1,1,1,1,1,1,1,1,1,1,1,1,1,1,1,1,1,1,1,1,1,1,1,1,1,1,1,1,1,1,0,0,0,0,0,0,0,0,0,0,0,0,0,0,0,0,0,0,0,0,0,0,0,0,0,0,0,0,0,0,0,0,0.0,32,Unicorn_Absent,-1,-1.0,4,Unicorn_Absent,172,-1.0,32,0.36,32,0.64,0.0,TOP,14.0,0.3541666666666667,18.0,1.0,RS
0,9568179907,23,956818,Absent,33,0,0,1,0,1,1,0,1,0,0,0,0,1,1,1,1,1,0,0,1,1,1,0,1,1,0,1,1,1,0,0,0,1,0,1,1,1,0,1,0,0,0,0,1,0,1,0,1,1,0,0,1,0,1,1,0,1,1,0,0,0,1,1,0,-1.0,33,Unicorn_Absent,-1,-1.0,0,Unicorn_Absent,171,4.0,33,0.3541666666666667,61,0.14583333333333331,0.4375,RS,0.0,0.32608695652173914,32.0,0.64,OUT
0,9568179907,24,956818,Absent,28,1,1,1,1,1,1,1,1,1,0,0,0,0,0,0,1,1,0,0,0,0,0,0,1,1,0,0,0,0,0,0,1,1,0,0,0,0,0,0,1,1,0,0,0,0,0,0,1,1,0,0,0,0,0,0,1,1,1,1,1,1,1,1,1,4.0,28,Unicorn_Absent,-1,-1.0,8,Unicorn_Absent,175,3.0,28,0.32608695652173914,28,0.13292943692088383,0.0,OUT,-1.0,0.30434782608695654,33.0,0.14583333333333331,LEFT
0,9568179907,39,956818,Absent,32,1,1,1,1,0,0,0,0,1,1,1,1,0,0,0,0,1,1,1,1,0,0,0,0,1,1,1,1,0,0,0,0,1,1,1,1,0,0,0,0,1,1,1,1,0,0,0,0,1,1,1,1,0,0,0,0,1,1,1,1,0,0,0,0,32.0,0,Unicorn_Absent,-1,-1.0,5,Unicorn_Absent,512,32.0,32,1.0,64,0.0,1.0,LEFT,32.0,1.0,0.0,0.0,LEFT
0,9568179907,40,956818,Absent,32,1,1,1,1,0,0,0,0,1,1,1,1,0,0,0,0,1,1,1,1,0,0,0,0,1,1,1,1,0,0,0,0,1,1,1,1,0,0,0,0,1,1,1,1,0,0,0,0,1,1,1,1,0,0,0,0,1,1,1,1,0,0,0,0,32.0,0,Unicorn_Absent,-1,-1.0,5,Unicorn_Absent,544,32.0,32,1.0,64,0.0,1.0,LEFT,32.0,1.0,0.0,0.0,LEFT
0,9568179907,50,956818,Absent,32,1,1,1,1,0,0,0,0,1,1,1,1,0,0,0,0,1,1,1,1,0,0,0,0,1,1,1,1,0,0,0,0,1,1,1,1,0,0,0,0,1,1,1,1,0,0,0,0,1,1,1,1,0,0,0,0,1,1,1,1,0,0,0,0,32.0,0,Unicorn_Absent,-1,-1.0,5,Unicorn_Absent,864,32.0,32,1.0,64,0.0,1.0,LEFT,32.0,1.0,0.0,0.0,LEFT
0,9568179907,54,956818,Absent,32,1,1,1,1,0,0,0,0,1,1,1,1,0,0,0,0,1,1,1,1,0,0,0,0,1,1,1,1,0,0,0,0,1,1,1,1,0,0,0,0,1,1,1,1,0,0,0,0,1,1,1,1,0,0,0,0,1,1,1,1,0,0,0,0,32.0,0,Unicorn_Absent,-1,-1.0,5,Unicorn_Absent,992,32.0,32,1.0,64,0.0,1.0,LEFT,32.0,1.0,0.0,0.0,LEFT
0,9568179907,55,956818,Absent,32,1,1,1,1,0,0,0,0,1,1,1,1,0,0,0,0,1,1,1,1,0,0,0,0,1,1,1,1,0,0,0,0,1,1,1,1,0,0,0,0,1,1,1,1,0,0,0,0,1,1,1,1,0,0,0,0,1,1,1,1,0,0,0,0,32.0,0,Unicorn_Absent,-1,-1.0,5,Unicorn_Absent,1024,32.0,32,1.0,64,0.0,1.0,LEFT,32.0,1.0,0.0,0.0,LEFT
